0,0.3466751271037871,0.3928363264076574,0.6065529522222924,0.19970684631577684,0.20930550679488724,0.6293192411012583,0.19715238462326212,0.3559494350779191,0.6360121686873348,0.3958128461829381,0.618668308461719,0.45873762653372874,0.32472959229018783,0.3093205977618039,0.29616346449078523,0.3768335279859997,0.2947753203224661,0.46064066423560357,0.4745698877868617,0.587497000146507,0.5428533653581875,0.04447258042718649,0.2683712819718328,0.47170937290649284,0.6103405390040484,0.8308142177041623,0.24051260214890424,0.1588155745594506,0.5155294585466038,0.31319623743773484,0.9128539145334601,0.36287200180740165,0.26554540000920324,0.269452751783705,0.5357628403452115,0.6822509146771629,0.6214517886396391,0.7023856705410276,0.21558474336716293,0.37761076567354623,0.5310855507420629,0.17610711522562505,0.3967669609111605,0.5369981702592435,0.2315984987243066,0.1444795032552838,0.05271228206229672,0.48647769316292955,0.3789730018877857,0.17543530789016337,0.17327276296110383,0.15605601144742787,0.1295781077689414,0.1583775277522267,0.1567048246937499,0.09239568044646351,0.29175308004340816,0.5453862334540505,0.17353070417451455,0.3189600092228928,0.21450302976368651,0.30212768343640783,0.21770717484997681,0.1946083536378571,0.002113043704437323,0.31552621643323864,0.02793828256968678,0.10923233331680438,0.18625316956082938,0.12329679044152475,0.08427278078241973,0.3620275988424989,0.25166779004452866,0.005459043155483179,0.12124682412666532,0.060017592930931896,0.09248149245815263,0.04016977420519441,0.0633947271512052,0.09876025216808137,0.15018530024273447,0.06058678826516084,0.0315397081635298,0.07457286017582831,0.047585756345577046,0.1338276783555904,0.07365317439600061,0.10004073227910337,0.12233749666916427,0.05959447377997862,0.06969027702893116,0.05953290631019159,0.1194645927411625,0.12692372326859547,0.22807604972220719,0.07472943470132687,0.23411728846328417,0.40528711997743483,0.19476336935429395,0.36305342182811107,0.22337645251371985,0.35091458406018716,0.05940720983730907,0.26573672728966247,0.17716630890257634,0.4471622517217293,0.23166674431440892,0.3443999002193574,0.1635625902887422,0.3926471589508925,0.5,0.14767326311437945,0.1899859131756868,0.13466379121878702,0.11307294406034452,0.3769438863529473,0.32039653120768286,0.294206376407517,0.5908085691866268,0.1884485947931378,0.46756196899708047,0.13140482452441138,0.08843024433208169,0.7783614083611111,0.4436473043675053,0.740063697816664,0.4204478759209498,0.2807369245806217,0.23556079912825267,0.3030623908709512,0.22081573211764838,0.037275616550602186,0.5820713452975743,0.37237860781192733,0.2826476762089918,0.20890616787209426,0.11960518064240355,0.26168366075345106,0.32277482727142714,0.18732079349245734,0.27119787313174404,0.17433850847121424,0.17237532353297857,0.20654136786636812,0.4979843369031791,0.30614200558182836,0.4143624424719511,0.1270878304422116,0.22495030950237016,0.4274805107175994,0.0010299465321008672,0.10290587828476772,0.06750046557043232,0.059764339908738306,0.1987953679275909,0.031135352268310656,0.09575585773148787,0.0954194558249083,0.017888577938538486,0.019864137598483822,0.0735405594368842,0.06017670283720922,0.15339956656742948,0.11654338823905552,0.06916568928856426,0.09068977236473319,0.011072202645983964,0.07550458959160311,0.03921930265731577,0.05585650978237677,0.19858946474940242,0.2722892786150155,0.19737223837308526,0.23482467807601592,0.11463026951243438,0.06876386335623363,0.09170614989477244,0.0,0.03890303753331559,0.04179770246236514,0.013229314288728533,0.0979640495253209,0.12590566778255396,0.3417136566374147,0.1880321517732365,0.13411064931259864,0.002308260559863995,0.08741091318667782,0.03408669323335545,0.06345737252178385,0.2751205652387604,0.7638925483650814,0.04584557578291937,0.33779082238339875,0.5099777603337349,0.029563183425954653,0.2315984987243066,0.2265137074492959,0.012359607721041055,0.26159725871667017,0.09466992927390006,0.18649907161126844,0.2275589543476081,0.027676921712052938,0.13665151547778565,0.09276473467341517,0.06941829246311237,0.21816230436433826,0.3450718203440427,0.08000906127495644,0.11327209619483947,0.045195819763763634,0.21485033263068154,0.20811104987731732,0.150309511014872,0.0904550043626281,0.25241103935347453,0.18023263937378498,0.11140449575673028,0.17414237772803942,0.29325851191003804,0.042993078042042665,0.06043866262704911,0.21899723481956634,0.2537598570341274,0.047486067212329286,0.12212446450483694,0.1716505510771753,0.23082069471526512,0.011102482419121817,0.19737956981112226,0.014383788049933677,0.1262216919099277,0.3240874211801781,0.06551590447215516,0.17018622804142636,0.13074634670349894,0.17496252295602654,0.07403332507145399,0.04824378437943644,0.20812403956698344,0.2973431336471508,0.16813680117063956,0.20196977830926865,0.10195310157779114,0.05359798302742769,0.15285333127403367,0.1660145372446752,0.02902489453150603,0.16585006151065274,0.06332967213627905,0.05117640608449192,0.0883078375993549,0.028143726860827,0.019209371145421983,0.12662410559046267,0.03169491211005704,0.14913725184110938,0.06489531524169789,0.3539376833364285,0.013717976127097131,0.0745104854057842,0.03783467159919063,0.3844218107023061,0.03380645634868418,0.04127222351441673,0.16870556951403215,0.08580057046025058,0.1963327530886786,0.18891986710178177,0.11854062403631871,0.026461579122504464,0.14372026776521452,0.10633494863218507,0.19109037489523029,0.09778631842524887,0.45256541355385815,0.05055369298674006,0.2483527599427534,0.04351283813381135,0.30664230916038837,0.11014086642080312,0.2164086462064294,0.1881785287710488,0.05004271428239737,0.11092067982061804,0.06743439102249704,0.08497307461847503,0.018032497917159662,0.221059594852686,0.3489946212856945,0.3055571334665157,0.20484709988933314,0.05270679153865332,0.02902073602219024,0.20060556728904144,0.10103655477645856,0.4336237614140219,0.1344048252709783,0.04005282158605561,0.11884637623201944,0.14199055702145946,0.15008241033639824,0.053300095160375593,0.008286125028119873,0.08168210300737178,0.031476510728420726,0.10534721065383834,0.011574338846047638,0.07920829182621836,0.0488888230154908,0.3568650455256758,0.14367758199437575,0.059648125607659086,0.016628454886462696,0.07493070986386319,0.3414853109730416,0.04236477131530447,0.09164030898823605,0.1750683686137603,0.06407406803384907,0.21455020059454033,0.1092120700983703,0.04377775147210994,0.086385531142111,0.03929462160050945,0.0967313777880825,0.5099777603337349,0.21404204735741894,0.4817857737976464,0.3013648318780918,0.33779082238339875,0.22643562200163891,0.19103037309976933,0.310109175100055,0.18514322534391814,0.08507396108072696,0.0875453934532251,0.05585435571897979,0.21977959629524746,0.48581923991576526,0.20196027145622275,0.2807553628427051,0.012359607721041055,0.6734482089897817,0.03845319746510878,0.13703254427781597,0.6491678665691416,0.04584557578291937,0.029563183425954653,0.3136583880287923,0.1820352574106644,0.22557158157697266,0.38145408348981724,0.25438619997824163,0.12448298772962774,0.247345928092215,0.21711319647542604,0.36812964766889844,0.565790867039277,0.1855783535880361,0.08113529928885288,0.1281014925338062,0.4054086627971336,0.5352326566495138,0.07329678976160048,0.41750805931697255,0.17128783905266654,0.16121091507184915,0.20624838093464581,0.7283622111475501,0.23781570987647738,0.11873239091209886,0.050200510903197104,0.18284089194335407,0.4142280400077205,0.5629646898779378,0.12937287296305888,0.6085022989860804,0.5414537982093864,0.3259209368293381,0.2781608795144008,0.07422286231129382,0.36795907494487246,0.3944632123045785,0.4254997966351167,0.6419166130030864,0.062308328917483724,0.2355709394135561,0.7874646426732053,0.7463232874752159,0.6890998203918101,0.4291302113885217,0.3052030119624516,0.14709160446986713,0.40913821489240465,0.19280325528126419,0.4013271452449563,0.11957699787767018,0.6611636497081902,0.08495866285656428,0.13882057459707486,0.0054179844680103395,0.06426547933189408,0.0013492327815689542,0.08606625386092548,0.09906762675955127,0.11081909027641801,0.2644920146644425,0.18329998791723967,0.14479712262051536,0.22014274706550185,0.17939675653415688,0.020707115904698425,0.02403206698577487,0.09439534478864797,0.08917673411221583,0.03125805364118084,0.08754858007994493,0.03721743273289235,0.06876008762797803,0.2664457026699524,0.21630852571857306,0.0002988835029391623,0.01316349577792264,0.04813088926275422,0.005668012090174868,0.042525688538952444,0.27574062101963814,0.00014097632018783557,0.07222970442448329,0.02811357602353004,0.09560412551285324,0.08531145489901759,0.19824693415013483,0.047165775037594004,0.1484093728335517,0.09990434112646263,0.10609971607852586,0.19825398491897916,0.1361213477780453,0.1964238908107171,0.2855592072961919,0.059234154293158925,0.32258321895833286,0.007549331040985763,0.02138045978576142,0.13250907914696308,0.019536748613609434,0.26925782420715005,0.6233752177211707,0.48037934407914906,0.41302666746880146,0.5275477250906551,0.11870322127182165,0.4798997135872619,0.4963734274969358,0.40919626211762705,0.38974970405756126,0.21349742328236476,0.5719499619681978,0.23095682602891354,0.6881526458544247,0.6082165385180784,0.7345156144136151,0.07170454103144175,0.1527710667951513,0.24916101466446816,0.3915113801844804,0.5019311818283535,0.28026932023561135,0.5916658400289062,0.41785084255888405,0.06798230263309868,0.41241554221994936,0.22465429825084693,0.05507908989407895,0.5747003652083507,0.15694883093275502,0.5686771629282745,0.10562671238096644,0.5989858486176598,0.3589915491879462,0.626941183793638,0.49171017622417945,0.34172520254646455,0.2767352477217643,0.2265137074492959,0.6734482089897817,0.2058128165005948,0.2315984987243066,0.0845235791889778,0.07958383201116659,0.11457965956393279,0.21404204735741894,0.2907621775728322,0.1889805703841374,0.1545658659852429,0.05675562773511067,0.0875453934532251
1,0.28091760933215304,0.29499945242221226,0.4759961430495844,0.15145074862326213,0.1732442106377643,0.496594892680991,0.15233996324922916,0.2788143388671178,0.5,0.31194239143264146,0.48251799632323056,0.35137169356846376,0.2561484701792427,0.25005345003523727,0.24558624786453964,0.2851086392515657,0.22601580575618851,0.35410539849030465,0.3752142444463763,0.4591161972463125,0.4171792358122359,0.06455910217637661,0.23227559523044128,0.3634921985479721,0.4784623477612092,0.7020686607950526,0.22187764594882742,0.1394327799148788,0.39998455020843715,0.25623294735872404,0.8102015549773517,0.2699166383718624,0.22787048680004107,0.23627336375151942,0.4170505392572663,0.5440416038065023,0.49000589174604336,0.5674800444357047,0.17170213867773665,0.2843216805030495,0.4081805226160937,0.17992717602445307,0.29973717274802014,0.4239625171569166,0.6515850356733957,0.35694391507691803,0.36793885724948105,0.4999755867853132,0.4412601837096293,0.30290393791300263,0.1390364386289621,0.15907668225621974,0.12123611636920784,0.16429910604897702,0.14019922858338452,0.18105870547049763,0.23000682727402277,0.43335897876986673,0.21025760963487172,0.24985423630793302,0.25941794487987957,0.24500310009969706,0.21394188632045863,0.1931311080699285,0.030281703390372172,0.2881844872593672,0.08522742639230374,0.13127237706397976,0.17827850111577437,0.11912081067109437,0.111819946245865,0.27829153062664014,0.24895039129248664,0.036597234344596496,0.1558040957785688,0.15144507977282595,0.12860978820214397,0.08030415933704782,0.0796887421141429,0.14030216579136656,0.16508486192954863,0.11382702957850444,0.07729672112336428,0.09300450922054915,0.09446660403019758,0.13797447891622283,0.07608820436827324,0.1374049619194584,0.11834432345143964,0.11764530990910183,0.07393609864401984,0.11365498182031619,0.1660840959343205,0.13546395639227737,0.1964499897503944,0.09097079710240086,0.23178949104570423,0.3213358150430221,0.18783353799019908,0.29206360419471833,0.45177564968988315,0.4900994234753512,0.2548456242296445,0.417662084467877,0.40296582360957045,0.5614535453071161,0.38451774425905105,0.597444408537577,0.4513005635552966,0.43232061618804296,0.5094750282005448,0.46816735039921753,0.37048021751124804,0.4104904283913867,0.2745042269844742,0.5234325361944456,0.43678451448646993,0.26193854549441975,0.5704602825799283,0.40169021612884626,0.5418380300211219,0.43198104549705973,0.31314292707589686,0.7312893724539612,0.5501464029786023,0.6713054283798872,0.5359561855149901,0.37309464442533524,0.4134395705039029,0.4428232687587217,0.5165520604723142,0.38722361345466183,0.6400487641796543,0.4536743701385497,0.4218866510418062,0.5363024945501655,0.33303573196246683,0.4571614442277726,0.3897208277228581,0.4429527495313642,0.48644378725921866,0.4009536131748703,0.3611530950550361,0.41355310632502207,0.6295422736203746,0.411894483053604,0.42361102564458797,0.4983423719297607,0.4215332464782534,0.5239957040190543,0.05483963702607597,0.08567604835193576,0.09851379597192256,0.08634100779709808,0.1751824636533147,0.08290499289586883,0.12172491415187014,0.09485672217574082,0.04978063612021233,0.05504152175581134,0.13355224773321173,0.08801189642977214,0.1794342102912333,0.11609524136258043,0.10063662139205265,0.1352423655526923,0.0370904103335532,0.1361058802903684,0.11723814613201533,0.12104820148029305,0.18528916805268492,0.2053513342824207,0.1821213472998775,0.21630426441325812,0.15408549881576505,0.1200480560181697,0.15869793389550546,0.042894293712018916,0.09114728601562783,0.05655503323093314,0.04122268065711476,0.15300197595280562,0.14564792234170942,0.26124376206794975,0.16785768389061284,0.14090638566458225,0.12217310804286352,0.11450110623461385,0.06651214703015984,0.40283765398916127,0.3142406459159861,0.6299986300943279,0.12325892580917153,0.26572927798494317,0.38862479437100816,0.4078516234643076,0.6515850356733957,0.22101735251042665,0.0934530910895699,0.3778616523152998,0.12086680549762496,0.14867563090343894,0.24645872064056273,0.04951545418228043,0.1056619054616228,0.10063100829649252,0.06639777497349997,0.19724825504880705,0.274630340459605,0.07400700901980994,0.11599631892409967,0.10944349459269553,0.177576154227586,0.1774753400597362,0.13882299088937677,0.10264257365266638,0.20218717462264124,0.1555694246388155,0.12330928368870298,0.146816639389029,0.2506620704369755,0.05485316660106421,0.06824784869180733,0.19026362179571488,0.22061478950683822,0.058563403899903665,0.1260274088473855,0.1351873791257141,0.1810442676125098,0.018855085974579744,0.1680415274576278,0.033038340806696986,0.11356748054571786,0.28161644317733814,0.07884733803061184,0.14407655296379518,0.16060979763538052,0.16311785815868263,0.08868292611350259,0.06566441510803556,0.1755514120171897,0.22762576132172097,0.163202604833931,0.19250946964871396,0.13219615095479265,0.07198563495716392,0.1263211199292884,0.16504486029927357,0.056915557549229834,0.1431418284461109,0.12114542644339521,0.11930413127024697,0.17741706269059554,0.12184365502272088,0.09519963633741146,0.16260043830065563,0.16456513855940058,0.19655668662572412,0.14182820158107334,0.30645087062877274,0.07861123868418185,0.09443340681663903,0.05865687946597509,0.3203645194182342,0.09762640706854764,0.12612946153100257,0.17550125792459448,0.10264397305457507,0.18907184222847828,0.14976129844142994,0.1676998650689977,0.06261622008108136,0.1620274734224073,0.11415011678833398,0.15172986072796957,0.10966338205073589,0.3518929534984724,0.07739065195897998,0.2181215063983788,0.08506402342458308,0.2842979940233189,0.1347401496816335,0.23212435943953713,0.26066199300221826,0.07907467771798804,0.1282192921183407,0.10240980276626921,0.10646757268484364,0.060920558272237635,0.19802265383118156,0.2990026733935647,0.26128377735070774,0.18884089832559214,0.1394195601664373,0.05276816261207473,0.17407390581915427,0.15799548637980898,0.3580504722432739,0.12549427707068417,0.09344539569015309,0.2685610572538498,0.3584687000723865,0.2990864372432098,0.17572632443294034,0.10982834013748233,0.16677181920912854,0.2292801611780383,0.4130806227603997,0.10801140066343184,0.2628344219342943,0.10679990523536897,0.37303965953419393,0.22568638491932347,0.3216416752077378,0.07462155328400455,0.2799633814091287,0.36239177168022985,0.19015048917685085,0.26172766710286965,0.4030636894969015,0.41591583506223595,0.21031690012431714,0.2897381084259236,0.11913604096237285,0.18440554040249602,0.18393570337493026,0.14216305822105468,0.38862479437100816,0.19713997322759114,0.3727746623619699,0.2493675794227046,0.26572927798494317,0.20965264567287756,0.1865469658197596,0.49091887545153345,0.21981885972369575,0.17641106055994704,0.23445615440752232,0.26026100153729537,0.2950345755960324,0.3729313967906841,0.2589143054809766,0.25648810685349743,0.0934530910895699,0.6354932516586708,0.18056780011618223,0.26383258113330665,0.5147403007885307,0.12325892580917153,0.4078516234643076,0.2789005412678641,0.1904628888704114,0.1739475742050367,0.2868920157134357,0.21982002135019807,0.14024836756624492,0.21219266124158864,0.17817740438801222,0.28393785682468287,0.4420128546701637,0.14829712445584853,0.11774259977548673,0.11937207627908097,0.31484477082673423,0.41712775632140453,0.06499540800276571,0.3132384488374461,0.14832001554831165,0.1304647991226735,0.17846074142520818,0.5912588987827938,0.19099463431807207,0.15197543872725128,0.07199839059174717,0.19592357827264406,0.32374402390188883,0.43547793660318557,0.1486597432634167,0.47708128042341635,0.4224454366322352,0.2624033940168502,0.2212073945368016,0.12100348190229371,0.27804635047751325,0.30708735148020416,0.32626504606278606,0.5073954622522944,0.07884157093133526,0.17722692118047967,0.65202228216185,0.6106761042486913,0.5518096242376698,0.3323035993671597,0.2494125329654696,0.177206138664601,0.3117723154269816,0.15480338223066836,0.30808524287771477,0.10296900696889932,0.5293898340337518,0.355389664320945,0.3095219439909205,0.18267112296223076,0.42972172123105545,0.1410033961999937,0.27912177848653974,0.13148608937036987,0.2370901267389678,0.39894790952233516,0.36553692216813916,0.2608219908477598,0.4281245100060871,0.42767023283267314,0.16097289911250434,0.08916762483319474,0.27099096907445996,0.2472847960879152,0.3475403096957007,0.24949634971644408,0.25188568489946295,0.33810418230632855,0.36668275735878797,0.38537041488749824,0.15958614250103942,0.2693485778579142,0.23656552874296632,0.11788023654923252,0.20165788911573146,0.40791171777366797,0.15416982265557666,0.30827433915547753,0.17595592183851794,0.3570201647351672,0.37054687812552156,0.3575519464416841,0.14800129662148953,0.20652259276360718,0.34925082138376606,0.2964486793383164,0.38663548287448013,0.1924058415233979,0.2265250591426028,0.3983271138559945,0.1767025563972775,0.39858118546142707,0.20827671725166452,0.15621288535765987,0.3972448669572277,0.27792095215567725,0.27388581378562715,0.6085428459145505,0.4828737325433399,0.4685549410777322,0.46378888658257933,0.4910707257246548,0.5454409291744222,0.5507838223566706,0.4811190739877216,0.48022127580124074,0.322837830090564,0.6235898389093297,0.4895668125925806,0.649833488074235,0.5909724080637799,0.674287799830387,0.4392362889070104,0.42574527304801724,0.41239827544154306,0.5336879119018718,0.588007374306897,0.5025421188276841,0.6234257806862615,0.4962282934072152,0.3862472107891157,0.47911536354169804,0.34324146711420556,0.43642137662298597,0.5862910535955788,0.29349013092160736,0.6464948545522684,0.3145038150772248,0.5676348637242156,0.5041846265941337,0.5911807008516318,0.5510014313031519,0.3613012556420543,0.22864323672306863,0.22101735251042665,0.6354932516586708,0.38517586504892487,0.6515850356733957,0.20131421418536577,0.1741480544393219,0.20429936381935154,0.19713997322759114,0.5226304883142454,0.49007282792593543,0.28246271505597553,0.1285550107527319,0.23445615440752232
2,0.27716025544279166,0.2704605763457938,0.4716947006318858,0.15066959771389477,0.14574161318940226,0.5000319796242071,0.13696151299310666,0.2887132756597618,0.4958811360495997,0.3172862865553707,0.4991716211293278,0.28367154123532945,0.24206495733343636,0.23089456325701907,0.2516719820507971,0.2688923238667187,0.21772224886025637,0.3449859569548276,0.36800606568094596,0.44048723092041897,0.41354845918739347,0.044798007127978545,0.23944858046065842,0.37204355272891687,0.470871387473506,0.725345231875029,0.19203778880343336,0.12956447730017584,0.4034883651205309,0.23910194400485452,0.8129188749992748,0.2583391742511524,0.20335857783000477,0.24252346710808603,0.43139778440005083,0.5622944499661504,0.5139564982381946,0.5773660319161056,0.15481442786823285,0.2650472357382845,0.4277363518869113,0.15925203133171906,0.2880983176525762,0.43201775760246053,0.673651677088912,0.3093466162485987,0.3063728280641994,0.5031292695125753,0.4194033003416192,0.2890632728037975,0.11111357134663069,0.0969975997971303,0.07486556927483046,0.0858171587125347,0.06569418658139714,0.12106583466350895,0.12490676171395032,0.3507506616881211,0.16156911824779474,0.1220584077904796,0.14830514473272516,0.1491353795583359,0.1559040999831518,0.10047920294481105,0.017694853627362006,0.2523060461563569,0.052710537956370374,0.08721368220999448,0.10967057088416943,0.05361868161051231,0.052855567777348456,0.15208568332100658,0.16284182853809348,0.020068604161789128,0.08616114942097863,0.08349867366680874,0.058000911477543604,0.05549834631830064,0.048001941767228606,0.08937171092324803,0.11387545745699501,0.07124505102293666,0.03717272656618564,0.04461565855150251,0.06887229340777368,0.08015892437663785,0.060008011283324336,0.10138286936065488,0.08623272570761131,0.06533540698241458,0.04064910929242582,0.05737590109937907,0.08581448456225882,0.07161770068178042,0.12413347369023475,0.058552530600843644,0.17091023352309853,0.04018142541367442,0.11529468064399384,0.1673252353874144,0.4498660988119114,0.4967851352450333,0.20742760100326119,0.4140342648485833,0.36483356157422797,0.5537145882227861,0.37171950804583376,0.6086374272516721,0.4249059472628617,0.4313904578276927,0.5001054822937028,0.4574482761144554,0.37220572721658307,0.39793884268404756,0.2383440473264249,0.5,0.41985821897915576,0.24217078568287032,0.5915151840145729,0.3648967555138859,0.5291465300177997,0.43955405177404594,0.2788549445784698,0.7540119449293529,0.5458210845467582,0.6667943410784758,0.5234961694979106,0.37314343081581125,0.3161645126274215,0.4357878658454155,0.49793121655562755,0.3290365525818608,0.6554664037860101,0.46606764022773084,0.36931108993975426,0.5345290496327315,0.3250618051831806,0.4177563593230994,0.3707080585001804,0.3866707133439453,0.48238690550309926,0.35661794766444466,0.3414096034568618,0.38836511902717485,0.6223817011084822,0.3950351358928543,0.39036022492013733,0.4705545784377113,0.39911988512365115,0.49152345792923924,0.038723954990977916,0.05979317356920888,0.07901007413549,0.05101218566095833,0.1389877921769791,0.06118179774659249,0.07706781854363864,0.07832009683041119,0.02186397584448352,0.03540910262036279,0.11373447138604431,0.05451730283857348,0.11866248445825023,0.10824172682698685,0.08288293960423898,0.12221294317517373,0.022324922432524708,0.08856004325651468,0.07137272976814524,0.06688929326714366,0.14948229030557958,0.13070000668921689,0.15590358017077954,0.16982045448084881,0.14219949778946983,0.07063457311233157,0.1425877493860196,0.028645763862241824,0.07181880216867764,0.0377700846289557,0.026630363601878204,0.11256304671900741,0.11352500834697499,0.21127076639525433,0.13816005055508385,0.06635418029360107,0.07179252227670574,0.09226616398069831,0.033349922631011664,0.3436120703428318,0.28088963228210007,0.6497737985351812,0.1100950977705214,0.2570545074813466,0.39976653204615764,0.402604742801693,0.673651677088912,0.2229288564210723,0.0783315255884468,0.395075986619177,0.0926996222566614,0.13768445698861842,0.20802551096642774,0.03304116785266076,0.08882965170639956,0.07354505089596575,0.04521440320986814,0.1875541801249051,0.24728416284810284,0.060376496952081804,0.04846557441766974,0.08990259145625179,0.15484478661762702,0.1635976178979246,0.1066117508873361,0.055092177674865295,0.18877129809195003,0.15110014981017328,0.08065689877784687,0.10678616539650088,0.23263237263424075,0.047744689024696974,0.06969446031573001,0.18738283932139732,0.1813553338321322,0.04364192924045873,0.10296088872851128,0.10390969093638702,0.16386017802643038,0.011504510030080795,0.11849927138827354,0.026360286334301875,0.06595366605199382,0.2604432575652944,0.049553074366016414,0.11125930319151878,0.15612434686931553,0.12446840938125403,0.06893093179437326,0.048958679381759684,0.16707794176647528,0.1905576247013172,0.12343335845192682,0.19566829041428813,0.1162841880105121,0.04353132366170853,0.10075949856910527,0.1315872899428644,0.05678434959646328,0.08977989223320049,0.09339624172108574,0.0887831164145213,0.13637978288782604,0.10012210232990415,0.04840482394921697,0.1084177128308772,0.11078281441314042,0.1329160388239049,0.08570669992103797,0.17732343209955737,0.0403636846896015,0.05555213405472925,0.04457063862326116,0.24265504214094413,0.05052987773249673,0.0719099373291393,0.1627412495870426,0.04827585983693161,0.13907196834812585,0.10787228356322554,0.13878041674201658,0.051247547342986643,0.08452470319708227,0.09398067457858084,0.11849018356147922,0.08041062789976916,0.24375758121376656,0.04360763510297905,0.13326537923155368,0.05984081467975999,0.18145635571050478,0.10331660353746708,0.21075258648706496,0.23377813902076294,0.056536381087766485,0.08145296671614533,0.06458844321580659,0.07038781734683264,0.03807061315260252,0.13426848932653124,0.15428866134080976,0.15566347472898068,0.1327846817352062,0.10222577426980972,0.021970727880844088,0.1484824099642864,0.12114029628487988,0.2883155435676886,0.10048912743828509,0.06425730554897402,0.1881027183862175,0.341669388931482,0.2626802988194479,0.08746640272196837,0.05796084731220663,0.11596323789525287,0.1706105828072223,0.3622016831131094,0.06601492825500066,0.23864492343724497,0.07643134367366111,0.2509135246819799,0.16438819934194004,0.28436372104524754,0.06198317874350989,0.21594487707855792,0.3313853318363019,0.10214060542212944,0.1843073347326304,0.33329864671144893,0.3828950883933466,0.12764765614447193,0.20884360043125516,0.09003817280264026,0.13775840679505236,0.15229921286237846,0.09983293506984736,0.39976653204615764,0.20135734277069417,0.36921893987108434,0.23563303678891134,0.2570545074813466,0.21283523906281043,0.18855690727134566,0.4953157704831733,0.21137688269078236,0.12020448144872675,0.2306776602501016,0.22830466457485477,0.28260026241966685,0.36263047781186275,0.24889196979638872,0.2369990903087068,0.0783315255884468,0.6476747594629497,0.1560588290933136,0.24853031401764325,0.5086739665242778,0.1100950977705214,0.402604742801693,0.2546461450908216,0.11942141766857539,0.14625850518527272,0.2890442433011392,0.20892435428427703,0.12249770640129831,0.19071429815470808,0.1715981764581327,0.2752201537485457,0.45725674518284354,0.12926916469187577,0.09214347484861041,0.09417160693666315,0.2971236791127899,0.36202765174622664,0.06235975911565439,0.2754708158503515,0.12333354675306196,0.10891326947987334,0.1452281001795298,0.6047711174043945,0.18065020293458234,0.12170450328466342,0.06041010116683421,0.16425087200304844,0.3000375339193907,0.42874598640528516,0.11845331976699514,0.48817749952846534,0.42960356265413024,0.19746440694812317,0.19223113313358575,0.11308369509978733,0.2717711937351833,0.28061039494900686,0.3142114935036969,0.5176932128234559,0.07574179652332358,0.1220239853304067,0.66079154110177,0.6253024946789826,0.5538889433618593,0.3247239752006438,0.2364404543018096,0.17080682640920464,0.32347118573092193,0.14673129785269634,0.2827730624102526,0.08542567864362294,0.5413220205918257,0.3187164109989392,0.3167613129516377,0.1258121144527813,0.40485323476222057,0.10026889525316118,0.19577669208451454,0.08774654135856674,0.18471024579498696,0.3624603188277974,0.2618071848643665,0.19124453121461005,0.39163176623996165,0.38975892639372767,0.1383003546423538,0.07271154582170147,0.17178555495874404,0.23172428164059733,0.32106491946626536,0.20716520892167567,0.22536594078974437,0.32154331043373585,0.3055242057758085,0.3622731394229639,0.12655284224195895,0.22509141703324598,0.1585948931145481,0.0899947064444393,0.14190912990413995,0.34706574995782447,0.14392244412408695,0.2436606090250899,0.133227435935797,0.2806755889054189,0.35467801323743864,0.3396320615156184,0.10275563976918212,0.16056731676859037,0.26066247725623515,0.2570035831792724,0.3372318989580473,0.12006195316572077,0.13922222776103277,0.39161256902711117,0.10064397013232718,0.290352949417496,0.16066200733373237,0.12406446308789609,0.388737224587854,0.21469215939025188,0.22310986576549896,0.620797273186322,0.476746528156761,0.4454007012573147,0.44753066372716777,0.48634126131122324,0.5540105252264473,0.5716516080331051,0.4681023662619276,0.4776244882383035,0.3224167432712477,0.6296739264509914,0.47449015994813903,0.6593903253488103,0.6113067121055688,0.6881982106612465,0.4104592887988008,0.41217668518228967,0.41877210327383096,0.5448962289687294,0.6076698014815911,0.5187238653415231,0.6279898066207461,0.48567743159562793,0.3128272916567202,0.4609551870935126,0.34025340961570194,0.4074755133896474,0.5908902914233338,0.24577234251460922,0.67193903651113,0.30903142766841585,0.5870443153504303,0.5128170024350152,0.5866273935184353,0.5635643759593707,0.3559962543245325,0.21613281331942646,0.2229288564210723,0.6476747594629497,0.3726305699595869,0.673651677088912,0.1834721901995645,0.171025488349411,0.16797308329236205,0.20135734277069417,0.5195610025811773,0.49485515744730724,0.2520847997540224,0.09417798120853926,0.2306776602501016
3,0.32744027672197984,0.32997997755062025,0.5606443178055855,0.1841845015672141,0.17438032352419475,0.5921345595382151,0.16976319793349448,0.3484057222505984,0.5878257169038406,0.38415719775319535,0.5872345245105299,0.34852011478627254,0.2918494189729014,0.2690343918344005,0.304354784385068,0.3290530600211339,0.2654416836919118,0.4138419427150354,0.4341965566766386,0.5248675946547336,0.49520488253477624,0.05181591248106765,0.2913699004924859,0.4489657280177052,0.557619606771993,0.813340519726688,0.22673534127379336,0.15319090376635103,0.48555781388805963,0.28717768558270507,0.8857710182308186,0.31734535973463507,0.24818983544940054,0.29463847473993476,0.5133431122449965,0.652932133754743,0.6049445347375402,0.6667741064431747,0.19087796518867906,0.31793373362550825,0.5121205154838162,0.18526423623819754,0.35207642442313813,0.5139981178686117,0.7175373182742687,0.2378017001112157,0.2893650290944594,0.3440012972887102,0.44683067388283537,0.2822522962022487,0.11617708297851759,0.07121308657610048,0.08253308235640133,0.07439636933524485,0.06299943618094384,0.09141921564673328,0.1530269745589662,0.36264009485178494,0.13487054932601128,0.13190350460383815,0.14613430184187182,0.16594814251261092,0.15242160019030615,0.11225470767785772,0.013663509533243912,0.27255327050233946,0.04831005271748734,0.0921239116252337,0.11449629794247906,0.05872623332202187,0.05497085770302601,0.16921391746954728,0.10071355862448472,0.019462076159154185,0.08642774303536671,0.06842404241270605,0.05657060118339252,0.04911255062841602,0.04901839354595405,0.08922106062887969,0.11654034625426468,0.0774211681851662,0.03285293561690272,0.04518696989063831,0.05710697177032764,0.08765450734193403,0.05075188033387379,0.08844701272983635,0.0897759745701302,0.06605003509178553,0.044279348978012445,0.052207494153410416,0.07404107580723229,0.0518364987897606,0.11270913114583436,0.052219771664294035,0.1371541549957952,0.04853080808770993,0.1337344042642482,0.1764798854241042,0.35276077255868943,0.4208785097658022,0.11403415833670127,0.34514321105657475,0.22348662378327389,0.30348272522183295,0.2615686346443956,0.5882482716970081,0.25896235170919746,0.324047916584693,0.27392042636216374,0.31870117328457703,0.24482236664314871,0.2525511653987027,0.15518210113070618,0.36029601804736033,0.2606772110212163,0.13652414453873063,0.43608166553195193,0.24085527898746506,0.4748412049566453,0.36159547806244663,0.1455114414431813,0.764732051731424,0.504752476474124,0.5264868327011121,0.35689904562671304,0.13791537585395308,0.1732064253801615,0.3260681058313074,0.4121815697317288,0.23541940832499952,0.5456413205808334,0.36039073557029966,0.27585190660990455,0.5314669123040485,0.259997384914184,0.3435958422669718,0.22531966044155682,0.34630992888992174,0.39037705726787986,0.22684372502994432,0.21971314113950013,0.357057555091301,0.5724433741220063,0.2716176228935565,0.08694852908185802,0.4518770418590461,0.2948850575910542,0.40296617994880213,0.03671128576649141,0.06852367632209821,0.08650232222657672,0.055115113139744265,0.15839859323378924,0.06216043124578574,0.08647891881759517,0.09802392259044923,0.024781020560420974,0.03988476375379568,0.11988957729106009,0.055612937359386105,0.13254439486256953,0.11993688015012227,0.08422733716186392,0.11820432874143028,0.021453408044552424,0.10366676638080952,0.07458810794108905,0.06741086451780298,0.1686611480043423,0.15947953466871956,0.1712612753316506,0.20642076653835728,0.1661209184968392,0.0754387870109412,0.1571541773085251,0.020701099317257277,0.07684683506574608,0.04200342133862389,0.028262961801662212,0.12041350111962923,0.1306682940696865,0.2545697148415117,0.161978784989793,0.0799852590890846,0.07194849367749978,0.10435020134462447,0.03777943593696664,0.35566965333728173,0.2665179970978533,0.7390514535745543,0.11579112604183162,0.30251343180049706,0.4774045356314075,0.38630474644585167,0.7175373182742687,0.2517939570990875,0.05831300406986739,0.40775387473471525,0.10275470018034427,0.15507237041411548,0.19790966047940783,0.031517957790593853,0.10073131743545782,0.08772947798581598,0.04864466192716643,0.20904829865030494,0.2834757941951582,0.06314384256621919,0.05192482580982927,0.09904662534366848,0.1783897531151608,0.1808726476388196,0.11951724401145614,0.05543778635966978,0.22258840675014624,0.17730152887893502,0.08882777236385042,0.10199658438120762,0.25713033183725575,0.05166145950565737,0.0834002835677441,0.2101223479906279,0.21174289256958656,0.04283868626863907,0.11435643114275917,0.12468863211013748,0.1609597874936991,0.013129876240307037,0.12400508965310697,0.02573052450816904,0.07288960648570886,0.3061234885056586,0.050742636187741885,0.11013416672774001,0.1874341764865496,0.1396043477693356,0.06800544761513383,0.04744548984905117,0.19703066324701912,0.22766509243258015,0.13911565053031916,0.23114125276074582,0.12621950366545753,0.049426275643477235,0.10674385074216508,0.12941602689238985,0.0677903560071984,0.10577229343211036,0.07996206097686365,0.09279589958595214,0.14221688280200073,0.09323213528289531,0.03958715310382854,0.09888949019000826,0.10814078974877872,0.1315250508397886,0.07849709693975326,0.19023612261574563,0.03688309990640837,0.06177152860267976,0.04731011249466799,0.24842290045536652,0.04711287343288684,0.055107458192420467,0.18542555135859018,0.04685695636044929,0.14453598283202074,0.11959538269045189,0.11041142864859355,0.04222077411995406,0.08717439368984004,0.08106738295800775,0.13562551559383484,0.078462551597407,0.2625257458365017,0.037738002945324256,0.13874203543202668,0.056133010752307144,0.1920191545715344,0.11302520152300044,0.2178005949891565,0.23858329521316124,0.04547488227151142,0.07755437683851618,0.06021123080747037,0.0780769147752941,0.03825810342257108,0.12943504615430845,0.16305371287384263,0.14838172270242678,0.1335258928782065,0.11555592669396919,0.020677255820876983,0.16072478722201233,0.13378437101548546,0.27296779007126115,0.09942309311009478,0.06121561954373389,0.15369823586734122,0.26643616166442396,0.24239891985895412,0.07483511908560836,0.042090194683182314,0.08025281086489655,0.12655921351674493,0.31119790236627753,0.04417421425966728,0.11027646047801132,0.06817752630493967,0.2243816249306081,0.11362087463220605,0.28184438316465765,0.04701282037235954,0.14565543594728347,0.27499995869820737,0.08803901868079234,0.14672111272669197,0.3715026726436237,0.3048392540068823,0.09963511154956006,0.16376909709391685,0.08438984453615572,0.12768463549570097,0.11311780861572718,0.07848391293650481,0.4774045356314075,0.23488926948438316,0.44205125651634214,0.2805598713798252,0.30251343180049706,0.24786134701130513,0.23000175897274755,0.4115585854379571,0.19404945079893288,0.12190876699388564,0.2586362202290565,0.18965974273825548,0.2277944674675001,0.4293021881730783,0.20967820534579107,0.27877696887087033,0.05831300406986739,0.6566963894195945,0.12083352005511327,0.2562868762661872,0.5944696759172546,0.11579112604183162,0.38630474644585167,0.3079330263032607,0.1343070878883068,0.17424269500490264,0.35157621395078886,0.25296070511837376,0.13306331756933854,0.2216385834985335,0.20869114740952466,0.3250789535866172,0.5358460991235636,0.15888719270670948,0.1071138217486417,0.11175940755204838,0.35262277371928497,0.434380631839684,0.06957705777355616,0.3246066314513254,0.13412901392000076,0.12673299797456883,0.17000521634996135,0.6978126510329523,0.21670259019100357,0.13650467882397888,0.07281853117916193,0.1903591255213224,0.36071463965050055,0.5067138574703816,0.13147240290643813,0.5769991497294262,0.5091090981333011,0.2404285299426513,0.22730066332418208,0.13116091174122047,0.332752601728346,0.3385877141246638,0.3765507260658264,0.6036095119663032,0.09046199283698309,0.14810960450265653,0.754091248496567,0.7190101434049619,0.6454625979766146,0.38761949820132646,0.27913448444269284,0.1834587094559017,0.38631994606859155,0.1785682733214582,0.33878241037402523,0.10242504407078079,0.6339428192512572,0.26664863280489703,0.2553340965431241,0.0938373488517672,0.3162274888485028,0.0711567745350673,0.19226798828966907,0.07226183639374972,0.11608470061339193,0.333108153514854,0.243820057512385,0.156290899691226,0.3584408027634908,0.2852724323655579,0.1288915026318569,0.045494313726407776,0.13046691455838666,0.17802098951092704,0.2497433320818062,0.16259394431318996,0.15757726391407345,0.2829316609603729,0.2082436152135293,0.21830200601655625,0.10157823155297419,0.1705173766343837,0.14477591696460868,0.07470031441789582,0.11497223599656381,0.3261267075254878,0.09395800739008031,0.18195682710348182,0.10272090006216195,0.22816917464534492,0.3403319016788726,0.25184376751503645,0.07553273661650695,0.10500584804160062,0.22387019914107564,0.15055072829994642,0.216011897046673,0.07461587907933209,0.12111984003584453,0.3824603720121631,0.09484876763932426,0.2029128680419997,0.14940822640780327,0.0897044793673828,0.34379266987240975,0.19493756407937035,0.17502671380089652,0.41923052554719087,0.48830542228389473,0.3581672544019384,0.3862243895404054,0.4175125249620941,0.45960209762580373,0.5494199268522384,0.4081299748964575,0.34614188618906383,0.2693004013878215,0.5864411352707022,0.4022807852898578,0.5806536724090048,0.6115583396217661,0.5956069492658745,0.41370563485869616,0.38861606153592354,0.3085649747903766,0.5249984300326842,0.556467712240581,0.4478817775877356,0.5,0.4351419844585469,0.2889509639369491,0.3131544579301464,0.2505030710258519,0.2983689426316143,0.5112191668641417,0.18344388215350693,0.6826319129196119,0.214338900123911,0.5059458726946824,0.41446181652112435,0.44278932788224823,0.5922305684441603,0.2636484365663788,0.2583470734278972,0.2517939570990875,0.6566963894195945,0.3155634615909326,0.7175373182742687,0.15310991653734618,0.17934268131988118,0.18506729970563596,0.23488926948438316,0.4662340901481391,0.5204146690059448,0.2407451358250764,0.08912151487279019,0.2586362202290565
4,0.4696827606937244,0.3950116573108938,0.5299956390482969,0.4252432577144869,0.3360306250878554,0.5401295013305842,0.32034119210574397,0.44679400289341253,0.559094630380831,0.4066667803494739,0.5690178522420516,0.3876609305416837,0.42578353823534754,0.4718689642988786,0.44445904430094396,0.4575895141071332,0.4126968407970062,0.4488335617298935,0.4865846208020844,0.5457817013173529,0.5075400494856044,0.24128268692126575,0.34940592460264086,0.4638197096668921,0.5299908287864357,0.7418175072143596,0.40607150564566985,0.375734174185705,0.49518918217571883,0.4015386793934058,0.817503296507174,0.4259115912574206,0.3961184923752573,0.37562736892870063,0.5598268742690189,0.6184814674900712,0.5869064224556491,0.6353752832713822,0.27462709469712454,0.47450243220792865,0.5382620028628631,0.3521508387729767,0.4844336328351827,0.5211886219330109,0.6418018563642691,0.3655439636383836,0.4139529111095208,0.41420555822428407,0.5361673262884064,0.4321089515456553,0.22013652484234147,0.19352178470485326,0.1327672817635449,0.12672297471974314,0.13369374094737851,0.21095601099492356,0.16756820742987477,0.3326347114953593,0.22824133367081556,0.16422524002301586,0.19044937314301247,0.19415925848156335,0.1754279007239049,0.20650471704672757,0.13437490259053264,0.2753268649774685,0.1611094122035367,0.17001112942542307,0.22355197889414047,0.14510571309771447,0.21364155465591605,0.18979602506616033,0.15023071694306056,0.12599848607297515,0.25538719742185345,0.2134919595856014,0.10933623425870764,0.18183066905152634,0.18372734452263184,0.2124471390774223,0.2096796996663356,0.13050721700993484,0.20815184620466065,0.1862793471856592,0.2215468747027648,0.12795141423812484,0.222999965100239,0.21749974650384396,0.2638909945349124,0.2223554549259681,0.08920525932803147,0.15572698073852342,0.15618968294187896,0.1343608817218409,0.26311317127554246,0.13122149694245056,0.218684722779243,0.06204060367937414,0.18288255832057576,0.23020438381003527,0.41241976028223803,0.43179647499268736,0.2158341632148243,0.420428223833467,0.26595925011490484,0.3498888900744559,0.4108352187005315,0.5592188409443627,0.3230495432614139,0.4010783459034103,0.3391279856877658,0.38760749364756186,0.353847887231445,0.35710339550317394,0.28758426439060936,0.3705789057772573,0.32731162736792174,0.2601319433693835,0.42290709717316644,0.32318682614637295,0.47169531445321555,0.4013761646734043,0.2522811159728784,0.6928985940238843,0.5237404884026955,0.49743628301889,0.3966703247530904,0.24262659728517055,0.2950724987634643,0.3561915131294141,0.450966786788937,0.35565411918242007,0.5087041083708448,0.39231371373619617,0.337790029875626,0.4881924343440388,0.4185717064625457,0.36430408008619075,0.3225782948151693,0.36900234204728555,0.4018009808706521,0.29848744433643637,0.30185974890989364,0.41469278735776793,0.5425114074794226,0.2977125860262342,0.14011744940869741,0.4649606626379593,0.32707075114078654,0.4246220364553639,0.25712754441938257,0.2139115997673291,0.2874305745186979,0.28015103601280156,0.31603308874016167,0.15899922020680102,0.26206709737955647,0.19844069155497157,0.11851103200739588,0.2614018344038639,0.26691620241328895,0.1549135333905921,0.2971939550824756,0.3073140842002804,0.22205272657971853,0.25227032041757247,0.22029709476458714,0.2814230911271598,0.2505520550628073,0.1718205885207642,0.2845559402132326,0.2507218333916936,0.31914644397426695,0.27040875900622485,0.29365399285805127,0.24545177323853218,0.35186112851910445,0.29489661887322993,0.3639251096008559,0.19135343672695126,0.20395157872395786,0.20881933387398854,0.38288379974288655,0.2916412325817235,0.2626827584934762,0.12305541142151544,0.22854857458436717,0.3155667195776387,0.17035687198549188,0.44158072124601344,0.4528676790641806,0.6759157595388463,0.3698122088351705,0.4354175202695185,0.5,0.4586015141049552,0.6418018563642691,0.4394592892674555,0.5103276013802456,0.4906230422091369,0.243268824219803,0.38649917381415655,0.3027640666282526,0.19226363189453555,0.18032207333854033,0.2634736963849753,0.2541707135045044,0.29824642662857304,0.41158879402835613,0.2377946339830982,0.1237853307587451,0.28434309216735343,0.29387217459048653,0.31597338139601694,0.22722209189743836,0.19467102695705696,0.3590394272733536,0.35395424642009443,0.2780041848683268,0.27821849473644655,0.33563444381165763,0.33178850396310167,0.23196950634197921,0.3329728244528136,0.34814536686098674,0.29130994656120024,0.31015998608164486,0.2996819057804463,0.22623280172042282,0.18459284149314892,0.2738570203570685,0.28958144830464005,0.20542039788281263,0.38748015793291424,0.2660896105827114,0.21556688045038974,0.322136160829669,0.31933724556215837,0.24238982443909463,0.25199447478960935,0.26987845565696633,0.37258160667727624,0.2472435881634072,0.316356475742432,0.29547062006215674,0.21046764671304097,0.21408197487731973,0.2676275632848363,0.2096802342686257,0.22731298355656693,0.21313940825695188,0.27759259575414574,0.2880853833520418,0.2226615213624481,0.1584548193151465,0.20323679495779745,0.23602142937971216,0.17217253893278406,0.20821145626994797,0.1984527566504366,0.11601061235197074,0.19182493993447225,0.15873089445537802,0.2902837885757431,0.16875585207781552,0.16454957396079206,0.25432930233288165,0.11253994957844604,0.19846612672567787,0.2639281791064595,0.17769655459381672,0.12914501688082491,0.12468948698833604,0.17690115492734337,0.261305800143245,0.20660391218277452,0.2622064312240854,0.12871062393632682,0.16799466136304586,0.16397795548463934,0.2259263064569742,0.23567048770151133,0.2720401033423202,0.26239030022786414,0.28163607524520284,0.15624888019608274,0.19286251839310298,0.1798413833681033,0.1630926277516025,0.16821320397001438,0.1942471480650534,0.22272101217399154,0.2103493182089664,0.24395219513804944,0.14238214360247137,0.2165189149108403,0.22664040716992495,0.2850961396755475,0.24605681816340008,0.13268587920920094,0.2341448915745976,0.3171320818375729,0.269239982325189,0.2017169415516934,0.16511058861790873,0.1976527230931866,0.2071485470134954,0.3518996535054235,0.1456735926204984,0.21920803316176485,0.214334480522535,0.2912930564377153,0.2292305088327461,0.334548199954146,0.1462654726320185,0.23502628122174818,0.30874650899131295,0.2251134146606787,0.24610323957932168,0.3639299900385222,0.35670861626829853,0.17904855049573687,0.2237360304009154,0.1756807946466188,0.2474386286980469,0.24535261055409252,0.1989542568491668,0.5,0.39567134667065185,0.47899606342608025,0.42410733113316945,0.4354175202695185,0.4041175136523696,0.35585565519350026,0.48197125481422454,0.47648576250096686,0.35778216565256815,0.42045310080465825,0.35732742837097653,0.28658741885661054,0.49265005418677343,0.45970608079088315,0.4382230127715816,0.5103276013802456,0.6042674150089118,0.28173767449035714,0.41079868863201685,0.5723108308160476,0.3698122088351705,0.4586015141049552,0.3675964892191934,0.27599289534292437,0.31351941776728076,0.4076685393273042,0.35333524329968624,0.35163328494378365,0.35897199338202,0.36286122376525887,0.4323782737718401,0.49563236822010437,0.32570677251393165,0.28559389530477897,0.2451363781816327,0.43661711942137604,0.4567561190532319,0.2555043259250773,0.3838789849827543,0.38751071672226445,0.416285392815517,0.2807708399850404,0.6446052529741058,0.33177432013010333,0.3416525520494281,0.22630129355112083,0.351782178491416,0.42798571231587734,0.5116937372189321,0.4175107141379223,0.5564369735324621,0.5588579518953847,0.2769276726834706,0.305400031627563,0.31852363268830597,0.43720930873704644,0.4036798201823004,0.4264918337506247,0.604470700086238,0.3342672588849539,0.2340920999824011,0.681264748372826,0.6443883279842418,0.6153333551972943,0.41981150804477463,0.4048390283578919,0.3790799978635794,0.4020071072615983,0.2548767359178664,0.4175775463384792,0.19138256399764875,0.5956234146017155,0.3735419294933926,0.3413533048902565,0.2734560374807362,0.36739774639813505,0.2516875891106317,0.27914193539555165,0.25978401072119717,0.26627401359610847,0.41616895824166156,0.31028406780353357,0.2529897200180615,0.3605578431263149,0.35686617610519655,0.29356601140624483,0.1908109273496228,0.25240593614227236,0.3059261257454229,0.3441092982592102,0.26753610164381303,0.27514237768494043,0.3810039012965527,0.2912132631148643,0.3050334042373478,0.24157850475581655,0.3151351736285337,0.2492695106089493,0.247049579537163,0.29687720211772783,0.382892357042528,0.25832860042690575,0.3053246142978109,0.2799960329907244,0.3360341424752542,0.4407321572841518,0.3994999702757559,0.24364895289134592,0.23828487404277343,0.31563726289358707,0.2195913304991931,0.3337180608785705,0.2483948856118935,0.2836572272477267,0.458640663459158,0.22425050175564953,0.3337726379911914,0.28058532303787953,0.272527704929198,0.4093795397292004,0.3355270353455875,0.2783691749138809,0.4019432453654689,0.4639611268844319,0.34507260691555863,0.4064413807928262,0.4568992812264895,0.45319770258846925,0.49182396129283124,0.4167202938141541,0.39247467025884164,0.3332189290823875,0.5416754015398129,0.4033805520276412,0.5286033989585424,0.5717870517034442,0.526886930622911,0.47067293312391445,0.41527753236765963,0.4228745841523911,0.5179408783410231,0.5228428454319343,0.4473047211553133,0.44945867668144324,0.4123461538296499,0.3496650025895227,0.3482673139726572,0.32738257115424163,0.3504482696743715,0.48156545927814487,0.3268885001728037,0.6112527678192026,0.31473321249637143,0.5381298971070297,0.4689375241872692,0.4519288971249925,0.5441928403293229,0.3633881571093486,0.4200244806921555,0.4394592892674555,0.6042674150089118,0.4144053249434375,0.6418018563642691,0.4885070731873935,0.40217290822358154,0.3798471138597719,0.39567134667065185,0.4836268121967592,0.5292520727056411,0.4688228723497041,0.3498509088309917,0.42045310080465825
5,0.29075385263144216,0.26255659139205456,0.4558505482613048,0.2722282415161158,0.2151671411268623,0.49789560155316204,0.157990265682997,0.3483232851197632,0.4274447887244176,0.35056104890685735,0.4645252575845834,0.2847179862155945,0.3393921721813552,0.3112745392573404,0.30385028031643346,0.3054556055458062,0.3012580950399585,0.26113594274929064,0.3728553056682663,0.5111898956108373,0.4377923185058281,0.16350034703113958,0.2711055792395807,0.33702495133119414,0.343366285961618,0.6674582854519089,0.27549901599090687,0.21997367555262493,0.35722177606081573,0.26012018497398626,0.7320060491016818,0.30574449337322385,0.23791711725682152,0.3155131924849778,0.4600091361694276,0.4443938404307842,0.42816536880408596,0.5863878673220799,0.15595722553764957,0.346903942896158,0.4662023514402467,0.19580996802442352,0.40948790726040374,0.40010634997225647,0.7111253168454147,0.4095714982173112,0.41210180430941956,0.4742472314372842,0.5269465387990712,0.4471994069820795,0.17393028063463034,0.18044331274553094,0.12063200436200627,0.13106502631968442,0.10667838496010995,0.1760159701457633,0.1339935385386406,0.3505619820711011,0.2118496223922972,0.15678431663309222,0.18275740098970417,0.14004631471106344,0.16741761333866656,0.13750462207469083,0.11179329242064451,0.2437459555532825,0.13684837682364903,0.16432204558814845,0.19344802892676227,0.1265388375184735,0.1698007565731645,0.1833529471423001,0.155642099994726,0.12027522182249029,0.16707832898769925,0.17649585735900708,0.09956002580575396,0.14079089601796613,0.14180065800590125,0.15983124031505735,0.14547372604578968,0.1038028593747965,0.15354069468511122,0.11792250534778059,0.1865014199254409,0.11971118400532155,0.20311343080595512,0.18015187444097092,0.17424934821028737,0.2184206838968893,0.08564986004766506,0.12821281168173482,0.14893543028361822,0.1287751340981501,0.233133814540186,0.10454864454885393,0.19205231536128364,0.06885370098471955,0.12560152883904807,0.23743657195642365,0.4649961978664139,0.4873157577364252,0.2402248951372954,0.4507055532296905,0.30829954636357515,0.3979997938762213,0.4728522581873106,0.6275418997768878,0.35505229764907786,0.44873683990464386,0.36924922522477055,0.43002251740911646,0.40845284984853336,0.40490403736087166,0.32259132682697134,0.4287100235513088,0.3468972476882918,0.3038016713074946,0.48740038526942053,0.37260139874956344,0.5409554375318096,0.45614296216439554,0.27838791281606634,0.758889550214548,0.5785038740491324,0.5710706778518806,0.4536550928856169,0.2835005966365072,0.3295143695814422,0.4082387738510962,0.5,0.37309010434996515,0.5742045839897392,0.4481185577265183,0.3898272108632628,0.5536950615686551,0.46913547668421296,0.4004738361989111,0.3597784036849353,0.41168735243389853,0.46028093973376627,0.3449441039393586,0.335352318102091,0.470017849959558,0.601373515420798,0.34854584230165453,0.16535154777899197,0.5026527000874104,0.37846515192087404,0.48963831370600785,0.20936676946442123,0.14951024611874864,0.24236657408924722,0.19414155341944206,0.2539159235304945,0.14134485168954347,0.17376214003004498,0.16173429015633023,0.09322372243471044,0.1584943424256,0.19963623482917725,0.11675633645669103,0.17317368085468376,0.19684146075495157,0.14442953672503567,0.23294966257884886,0.18028207146903574,0.20186505979187508,0.18495297613117867,0.14230633984702268,0.26320671431782794,0.1648035050115939,0.3183344463309349,0.18822473867341172,0.24245454395456278,0.12864704079403055,0.25921149873074245,0.25970405236143257,0.27021048722724883,0.12533054188065595,0.1674707722308295,0.19159734386886396,0.30336545394969716,0.2764967419621095,0.17840287538936106,0.09643464745110142,0.19442382691197235,0.24732426059480817,0.12149718521819453,0.4703978881398374,0.45694421309285993,0.6426078967665415,0.2751056643138563,0.38037946302227665,0.4173970009265525,0.4676122663177473,0.7111253168454147,0.416739593690589,0.5065114776274391,0.541705129524594,0.14145520313369642,0.26849190508500853,0.21421219073724607,0.11864329719621869,0.15398374433671735,0.19489971268037065,0.1534795819782323,0.26394576952627,0.24935437134431881,0.14331479668763947,0.09343328791160521,0.1738548565054504,0.15140571848352413,0.22367247631872011,0.15507955169104026,0.17417798378150473,0.20037847447509327,0.21614673611160073,0.16075524774117267,0.22107414921534452,0.24761254617391892,0.21695441919646308,0.1502012896748075,0.18099119433402622,0.23545806513504175,0.16983623673291137,0.2489992411454851,0.23094310096119097,0.18488088577750528,0.12840479401425509,0.13179940250600097,0.1962085640468595,0.1319124384568786,0.22847204482355632,0.18225861267226562,0.155593998557357,0.19516435253307562,0.09465328283367291,0.18002851062774639,0.20207176019626993,0.17525390083272496,0.293145454371055,0.1615524482456897,0.2221505833439389,0.15984276151921173,0.13372788861796758,0.16365918325376316,0.21744033973457078,0.1371121202157769,0.19476659255587037,0.21562925885428452,0.275412426398838,0.2847444867286377,0.22686562553192036,0.15293501611375993,0.1849474967048752,0.23006676690665595,0.17918800173352145,0.19209837902830262,0.21194587164092415,0.10787793500505738,0.1533365537266439,0.13320834412258653,0.2961491521194599,0.14909323495147453,0.17504554466704725,0.2689853501688504,0.10910272654261677,0.19301043236098903,0.2653898651849086,0.173782948599298,0.12794503008675362,0.11771225037030386,0.172447712435979,0.23995183864884806,0.19012232093656356,0.29323981097844665,0.11026349595712459,0.1859851578928854,0.13858835754349186,0.23947031360741644,0.21672121206725115,0.2668563724531511,0.2719898178523191,0.28041448573796646,0.14159105641921588,0.15300261241020485,0.1681384820198032,0.14695705856139607,0.17149742093758125,0.18778418143087383,0.21921009499250133,0.21149546957016552,0.1829931711821453,0.1384787373097588,0.1909406933321136,0.22150515479686006,0.30891823951328856,0.19978390625074993,0.13788380390407629,0.25404690577894007,0.35677499940530133,0.3016894581777527,0.22109186204313203,0.1679580549297499,0.18576713955465685,0.22968143139053532,0.3743561452306604,0.16088166772206058,0.2449552835635107,0.21571684835128224,0.2742735809189285,0.24053628680135086,0.30194052606393085,0.14491157317915682,0.2596338043787979,0.35204963222167596,0.2349889204610568,0.27206643869019387,0.38636193882085934,0.35849468474935,0.1846399274279834,0.23703892380239777,0.16073176237706,0.26897395332402074,0.24636585015462076,0.18185694407541142,0.4173970009265525,0.3448729218722647,0.4004237266212721,0.25917614960416113,0.38037946302227665,0.3704302385678041,0.2618888994562979,0.5346929939280012,0.38566328338678235,0.319388190166767,0.40206983199301916,0.3793135892617119,0.3394472089021485,0.433956649165933,0.4691074011822213,0.26635445660527823,0.5065114776274391,0.681964122450538,0.30925054092618953,0.38113754686311585,0.43927066873698994,0.2751056643138563,0.4676122663177473,0.26334720111270626,0.18082935156710345,0.26065763182265167,0.2623246476420257,0.30325094956317666,0.21923214579971873,0.2228644571172641,0.24591151203668293,0.34311660215905804,0.4598932573822483,0.25003993092096444,0.19260500866544372,0.15902001477311178,0.2846572807281258,0.30222592158978134,0.20523554221214357,0.22558424750891481,0.2708643912632771,0.3084211353951718,0.19268383743629647,0.4680090578500101,0.22325661841040156,0.28356328313234147,0.1673877513216101,0.26734121315187886,0.3908805539306984,0.3764866002122663,0.2695192496212161,0.41165287207243195,0.4058414438300316,0.17385386930332625,0.2005255397486908,0.2868470153827305,0.3309941533316173,0.2682114900256424,0.31384525077672254,0.5548404935579592,0.2136175490272263,0.17248839470529387,0.6273516438201598,0.6117615363165834,0.49899806611980213,0.31925573858899836,0.28524691180211037,0.3290139116028117,0.35328761510127626,0.1795589567091581,0.27976537746564756,0.1557103411125318,0.5197783561146069,0.4061218574600767,0.3802889294140478,0.24624735593581804,0.40796545986259614,0.24765454307055534,0.28813098576087603,0.2376002319773024,0.29003915771132394,0.44240515210469356,0.32343178947278606,0.26891396249049504,0.4104287228785015,0.39497590412008476,0.2858146208232082,0.18478491159575483,0.28145016231302533,0.3054949746992134,0.38026176328344685,0.284487851765754,0.29871743619883306,0.4058885376961422,0.33284524380620917,0.34984343041200794,0.24514551432807885,0.3120034384473527,0.2659271220960693,0.24423238711676565,0.30898544107331094,0.42211693531909833,0.278553953883636,0.3079712772572656,0.27855371826637254,0.36413978972208705,0.47903893009303156,0.4344429492324562,0.25852450431283003,0.25328494208888974,0.34038760232640064,0.24442713519763404,0.3671969103766688,0.26161063177988964,0.25012711574090296,0.5112623757247767,0.21472646771315618,0.3688008206354433,0.2681129442936394,0.25880175488377477,0.46718845694763766,0.35128394526728257,0.30759960554681975,0.47062012030019684,0.5368142966989384,0.3986584019164435,0.4693651481428479,0.5107749654075947,0.5240258768328285,0.5673026270196506,0.4850823605944329,0.4534902694349672,0.37803364351187974,0.6173953442351974,0.46011498475204915,0.6017292894811026,0.6505908325073271,0.5991161632409752,0.5018648974308849,0.46843377301205735,0.4810159706197674,0.5908779601061185,0.596984889153726,0.5125543222425502,0.5187747525966958,0.479892917296766,0.38845145523796276,0.4059249050443072,0.37779770888834496,0.40292120267796805,0.5518346090219882,0.3739401401443393,0.6890395880423984,0.3535773175899203,0.6114736667782614,0.5237171875145832,0.5202918463513332,0.6145616460983501,0.42248410877383324,0.3896822425791463,0.416739593690589,0.681964122450538,0.46837805747305894,0.7111253168454147,0.4937787637132609,0.385831577889835,0.3659588088561786,0.3448729218722647,0.543964616611584,0.588212992903441,0.42977692665568834,0.3126739258871619,0.40206983199301916
6,0.2889444537643321,0.25446172916254106,0.4468092908820219,0.2677683263562999,0.20132978587305794,0.5128724157749565,0.1541522344670413,0.32403889586129453,0.42812060215292846,0.29662005148353265,0.48731543499475793,0.2256888400937237,0.32962579327774444,0.2639802720664849,0.2911529886240102,0.287603846560993,0.28381255978255004,0.2507431680824339,0.3744219433402285,0.4893043336210565,0.44324536446177876,0.13505325101172572,0.25813891037469294,0.3390973600209032,0.32883018517475904,0.6837697167100916,0.21656484855940628,0.20308032857023506,0.3590754321564924,0.2241953007909716,0.7578468578509656,0.2807848931469408,0.20824775082550395,0.2921818447069304,0.46679071430400354,0.4372584850475071,0.43736799258322634,0.5946271405846701,0.1279680137428033,0.3296291116723955,0.4669725502991712,0.17476108211467734,0.402107271969543,0.38112387392116287,0.7296274135155767,0.40102862577464815,0.4080430159438716,0.4992858732903739,0.5233905034955773,0.45459435515584057,0.12179623925194161,0.15036945634074816,0.09194676130156076,0.10324841997519307,0.09340946927515392,0.1430447003378551,0.07864161774474276,0.32273983596758804,0.1532981705834272,0.10133949437305412,0.13299975462968505,0.1161760305205215,0.14455190684147357,0.1050949933157942,0.0853440569944478,0.16544023010775777,0.09547010516406285,0.13583211980808196,0.13547005121401223,0.08744573515170839,0.11074593257680276,0.14605873213000542,0.13263673138038867,0.07129668291076852,0.13707254440043304,0.13763534337532157,0.07585732979874682,0.0974763309705512,0.11844121501296812,0.1305455750720037,0.09940562000935982,0.063597986208347,0.12217433867829663,0.09263654821472234,0.14301348466480424,0.07506058780422054,0.17291233394946004,0.16324854417156875,0.1397489169710272,0.16645598439219222,0.06469274946093917,0.09152309922468349,0.11162048953269854,0.11193744624158708,0.2093604905120784,0.07285019050892749,0.1503421612303697,0.06490573670471445,0.10863949362364456,0.15535450527289396,0.4623029668475994,0.5094692789172834,0.24078826300191347,0.46939823075434983,0.31471943921322487,0.40777129852317173,0.4904789639114877,0.637859431353949,0.35535819058579066,0.45161336580824896,0.3779205476331988,0.43183387551727925,0.42802648290165424,0.4062837354427846,0.3283291665902761,0.43306632666700173,0.3424110226741748,0.3056478224945449,0.5116184667724724,0.3599932573669198,0.5556426693550676,0.4658083684028149,0.26659721896561095,0.7819370906224443,0.5984936322614917,0.5994310266471192,0.4711326833421,0.28970737226722076,0.31860087888758704,0.41036257037600365,0.5,0.36582046153036374,0.5995471075730006,0.4680111154862152,0.4023798244782486,0.5652662372854661,0.47178685335240056,0.4063099649662202,0.35999072153708145,0.40381865633155734,0.4479849761656517,0.35054546708946943,0.33738032005366847,0.4647392233215001,0.6037313931932229,0.3694749673678166,0.17223959549912837,0.4841080509401463,0.39091360954152066,0.5083206426160451,0.1456233115824429,0.09366641588685742,0.14364912046757294,0.14932323337291975,0.1617293161308445,0.09113451421321761,0.10831886809597924,0.11250726180932846,0.05538539835344358,0.1234292892233686,0.13039195474852527,0.0779587349634272,0.126433363902689,0.17625897631446352,0.10093597781648489,0.16444224823694742,0.13417619366202171,0.154968811315773,0.15406002827991683,0.12395609246408035,0.1899897405199108,0.14075612318016795,0.2467500609918616,0.13004266050024216,0.19508003764565607,0.09870202602244305,0.24388537686724254,0.20106309101346942,0.20378365361662754,0.06746304912704226,0.11938433752450084,0.13208354360976604,0.27176995579422414,0.15488003040830622,0.14955872385355762,0.07879042534314684,0.1338160890552117,0.18298057729069706,0.09945303365217895,0.45094017574360434,0.4533549814911757,0.6537373656468577,0.27739719282107633,0.39103745450815286,0.43165314330007964,0.4746680230692797,0.7296274135155767,0.4054137383178884,0.49441319591793975,0.5635436130858382,0.1265871784251842,0.23787501819204493,0.21172225112546184,0.09858700560446854,0.12701625376077152,0.16500627107355403,0.1305050711878517,0.19750510125195608,0.24362532309001939,0.1291832284152632,0.08569303119482441,0.1434235012612748,0.14454437590574887,0.1919385455800482,0.1262057456442125,0.14831543031223093,0.1748688292400783,0.18040242237352444,0.12171903084527458,0.21491366763536301,0.21842757836757387,0.18028351684394084,0.13575413946453463,0.15952359327384524,0.21123886712235773,0.14010479831921985,0.23673972131519683,0.21286870150984216,0.17968352563097345,0.10118160797148279,0.11333182515921258,0.17491827546092376,0.10236725279654446,0.20052099516700284,0.16002580542903555,0.13659582110914292,0.14645722092483993,0.0912311210817468,0.1743974760141338,0.1754704688169798,0.17750101555547482,0.2728507833471805,0.14045357962972427,0.20079617517986426,0.1143875752971506,0.10581598218434951,0.16187142795955234,0.16604277744159035,0.1242117982213573,0.1521218939094361,0.14304219142731034,0.174024836046222,0.1614455329329344,0.1513726136853688,0.11243048570898129,0.11474989513462308,0.15162312027435276,0.11180133412530702,0.12819529713138367,0.16193520808225192,0.06100283989330435,0.07215186119668959,0.06487793134987296,0.22864332236371632,0.09153622598078637,0.1306183413151616,0.13338886733344169,0.06941565384746884,0.12438908931103132,0.16115646918453186,0.12850172870246757,0.0905415780433757,0.06861453996908828,0.09152961365064427,0.1870196027544061,0.10877518467910285,0.1491952623818208,0.07520885268468958,0.09861623933291819,0.10862916160455949,0.17304777542074246,0.14765157982112342,0.1433243088901538,0.1955606727463025,0.20165564510419476,0.07775878550190185,0.09586453094930181,0.046672102814412586,0.11263181091264707,0.12844247379647966,0.10184290895690162,0.17090888515136238,0.10519794706782304,0.13607916572714085,0.09496324360165898,0.157128360422218,0.12708676321238166,0.1961336998671288,0.12337353507843829,0.08307745664867805,0.2527294165320644,0.3637672277349975,0.2658036904999588,0.18415797536781708,0.13532197396034729,0.15688742460966087,0.2127838292204014,0.32118930532294976,0.1480618660853782,0.23655768619925355,0.17471329029717675,0.2464518566536068,0.22255216042864545,0.2603155435349963,0.12424889268143013,0.24992005365887293,0.31618098243199044,0.17532945453151927,0.23728990377357906,0.3714293667098839,0.3172960373305118,0.16890515631062253,0.23342222938706192,0.15101280249512827,0.2274970528876883,0.21887408705239797,0.17114241352707227,0.43165314330007964,0.3345141191853369,0.41818722402207453,0.2607941468136531,0.39103745450815286,0.3753668557555606,0.2630417039554258,0.551168001549315,0.40230248673063673,0.3042244933367394,0.40915052233643523,0.36322169084959055,0.3506960950540692,0.43831085757664223,0.4758384064344643,0.26625225132808994,0.49441319591793975,0.7067872012903406,0.2982740535850925,0.3885974858388025,0.4567642322747789,0.27739719282107633,0.4746680230692797,0.25129506613566377,0.16145092215493306,0.2532795407703212,0.2714820172714123,0.29792643288410936,0.2030501267600724,0.21964743610416804,0.23552011049261334,0.3245502867809321,0.4681630659202367,0.2372262673316945,0.18260155986939164,0.15626530863812882,0.28590790863417415,0.2984874524900907,0.19986377810080547,0.22518536288874347,0.2575881096342041,0.30245785080553167,0.17932374292778208,0.48523815551539895,0.21404875737202111,0.2578887742451421,0.1431491888059203,0.2530853467914872,0.3815948258018368,0.3861708767138293,0.26134537239869704,0.4221610883074315,0.41438535750511385,0.16135042047480286,0.2013575063762325,0.24952353610690137,0.3348458413037506,0.25608973700119697,0.31555079510480133,0.5600419105500103,0.19585130753882418,0.16787502423665313,0.642192694079393,0.6335302183146017,0.5169017108008124,0.3142147802171702,0.25856340602772676,0.32304136790414406,0.36119499942962086,0.17639727959328,0.28316434192405115,0.15632063236405735,0.5378385419733162,0.3905720347120628,0.35923811812341444,0.21976927756971132,0.37407300310192015,0.20731373150700283,0.25691919647775774,0.21557578134490263,0.22827259091376373,0.40610439266932186,0.2999137516770767,0.2167351197522689,0.401056154276921,0.3796925883111627,0.2135965965232196,0.1417150884012437,0.24132510784881045,0.28051334623716984,0.3556521341653144,0.23615776192112448,0.24759365572043524,0.37580893304817276,0.3130913282666463,0.31451328064453477,0.18708106520993506,0.26924998628594554,0.18850384393275232,0.1675759406210352,0.24720018976835723,0.3992447307663748,0.2519730836349934,0.29625449973415896,0.22292572081659967,0.3253902517464934,0.4496783463754822,0.43126619379666886,0.22980698727683102,0.2422976134936332,0.2886999174399987,0.22549782533536855,0.3104347277257322,0.2484018860620809,0.20270690903652755,0.4719171218448057,0.14911961269395524,0.35448352934718463,0.21763514691653107,0.22344362043933996,0.42848111182390936,0.2958833110260055,0.27241016111668936,0.49740543525263214,0.5557659030844188,0.3982902264629431,0.472897949857364,0.5074217138335446,0.54993548446606,0.5948802527981201,0.5005815616569043,0.4419557314931608,0.3920822112496746,0.6413357431057477,0.46893323990533053,0.6243012110419194,0.6690647471192798,0.6245697849596574,0.4997394659176585,0.47480035220353034,0.4803245850972946,0.5931852389099411,0.6213604669664752,0.5315050563112258,0.5378391972207031,0.4953455063578537,0.3670408131437518,0.4129298959056057,0.39266907126835293,0.4050699101065558,0.5739802882428173,0.3532249401813329,0.7135950939353606,0.3479523179359032,0.6380030998063326,0.5302228787147054,0.5439401262450532,0.6390967744707798,0.4431447127152812,0.37083639187207895,0.4054137383178884,0.7067872012903406,0.4837038446228348,0.7296274135155767,0.49349703384337984,0.38723066637727366,0.3495842745532315,0.3345141191853369,0.54708212465234,0.5871734612799413,0.42049166791932435,0.28777884864605163,0.40915052233643523
7,0.3116410230506873,0.29035107046107245,0.48678445213859867,0.2944877736606518,0.2113533414061709,0.5731876202384631,0.1752326089782068,0.3357209679717502,0.4730081858979157,0.30750170928519804,0.5460267719014735,0.24771868009532694,0.3710739805253379,0.26483068124303544,0.30078484967499286,0.3182079413877055,0.3114939404130208,0.2719958735500353,0.4142549888019924,0.526153222683836,0.5,0.14110416455973873,0.2634669199631937,0.3699503179305169,0.35729262093833547,0.7438723480521849,0.23532531472681262,0.21339394195594596,0.3927319874972919,0.24316956065675255,0.8173433717779919,0.3247673461482421,0.22414074569230868,0.30760203690201393,0.5065376843903922,0.4823580250611935,0.48570854919220807,0.6352386991502191,0.14082588004241547,0.3539615614242251,0.5100579799674055,0.1729572085390525,0.45342845667413456,0.420699797028949,0.7451343534445971,0.38219380060085084,0.34594975688487684,0.4682470711105601,0.46680169141276784,0.4117379485604581,0.11996689117229087,0.1260232964576321,0.08142304760828334,0.08120281337837565,0.07659052843151826,0.13666718972896041,0.08776370581740633,0.2608803772407051,0.11534850591837198,0.1074575474752616,0.11571103400809768,0.1129547373455081,0.12366410043599085,0.10321921995257055,0.0783274983613026,0.1405163482872237,0.08471682579313455,0.11052432021389802,0.1130431876056408,0.08110152217400501,0.09989684585501124,0.11504327080125543,0.13351898084289793,0.06343859031058985,0.1292824528248676,0.13748908016130368,0.0718996916707535,0.08880932432684185,0.08232286248279241,0.11040948170307441,0.09595001913381185,0.061873055721459735,0.10719190788358945,0.08691331878695396,0.13491711920902638,0.06972973169177532,0.15586502009776448,0.1254449155322218,0.11448417797756683,0.15084000006549125,0.0542296283365068,0.08202202959623062,0.0909770786041969,0.10769159122187011,0.20144587759772858,0.0666933085682605,0.12725712849321535,0.07217360323940525,0.09804158061254165,0.1533316889691716,0.46480467912822254,0.4513185536135754,0.2085901491070321,0.3522618833666554,0.33260442086659714,0.38623667819585605,0.5002031975974501,0.6167684527645343,0.3212311668629233,0.43241053762634996,0.3195210555094845,0.3965425813275679,0.39089806909431957,0.36957753203623545,0.3098246778262368,0.42619437469926624,0.2912753647021987,0.32461970885499436,0.48099885636059436,0.34014434588492815,0.5648458964812271,0.43705685801027383,0.2072209019243535,0.7849495735775035,0.6292936725647913,0.6082527618804033,0.46092483559334674,0.2668392084354597,0.296463255495534,0.36001374713509326,0.5057668712434784,0.3553912626029919,0.5683048222084324,0.44738619986700146,0.40951364333858165,0.5455223719694364,0.48028142913767524,0.39143687567136365,0.3609371689477655,0.39080084186052777,0.3846511576656946,0.3272765113925966,0.2824316820836943,0.48023410660733057,0.5461837820766207,0.358543302955159,0.16899814993369444,0.4687892803831005,0.37427893958048675,0.514115199219378,0.13720541720108825,0.0897839201737306,0.13822261825681625,0.14411177425013022,0.15330919098685347,0.07262458892436441,0.11093064554763565,0.10995740590093184,0.05813473047158546,0.11123059461919249,0.12682994010122084,0.07058228608694772,0.12319531730563238,0.16113967777881388,0.09812442399439059,0.12471959448146785,0.11560630956747098,0.15762545620509805,0.13042608774748687,0.10284162376403838,0.18493826446417228,0.15275143299082428,0.2019507434543023,0.1473972859659799,0.17709695831566874,0.09778950036064482,0.2255435966237589,0.1927889060248994,0.20343652463437112,0.07029608965949785,0.10464932320061704,0.11547165046786412,0.2529416417460294,0.1742862964969002,0.14317440330114928,0.07678651048261786,0.12808778529232834,0.17704683508197605,0.10173948244789932,0.4293827742420273,0.4643381174914012,0.7103458031588534,0.2814219456442022,0.4180488413351331,0.47542692903407746,0.4435374202337903,0.7451343534445971,0.39330538759749123,0.49242659621845786,0.5895609016247625,0.10473560306108409,0.2349617477020599,0.1903382860590347,0.09504366538090636,0.09933343950849316,0.16924806713696416,0.1316850595138086,0.15941711837528405,0.24485210698399107,0.13735320033799514,0.07658451524442855,0.13267469492645756,0.12892952427208992,0.18244134353048225,0.11727264341531496,0.12462297311779191,0.17884246281417404,0.18994831106860555,0.12362745450859514,0.19720445895283334,0.18587235627263432,0.16823581190872838,0.12738013864601216,0.1486168655728961,0.222857626610103,0.13166902174433193,0.1983215661636225,0.18513680251838371,0.15878148736424802,0.09243953431401042,0.1172362864145382,0.16490613619052374,0.09426577393359703,0.2127022015359955,0.15345117294631094,0.1267798998927826,0.1427152705562923,0.09801764489796139,0.1893512246259087,0.15545668232644871,0.1679982454316128,0.2729628258783503,0.13071067303919903,0.18629047089958795,0.11273828404243436,0.10530595787446984,0.15065346172162686,0.1451447608647679,0.12829392393370276,0.16455551368165433,0.12584581716989973,0.14809457709846607,0.16027892848831327,0.11691174948053529,0.08349959292570186,0.10443277225097425,0.11829198537646479,0.09146828589966616,0.12064195078665163,0.15626458833866452,0.047095888724521306,0.07046929684932335,0.0582430350165245,0.2271037467195487,0.08698968990357725,0.11406775824105053,0.10943577286764883,0.061489812283711975,0.09382431066031782,0.16489733037840038,0.10512832160042951,0.06530605963904468,0.05730680435832147,0.08417872535452742,0.15496379332915622,0.10464190360555081,0.15945748749276334,0.05352924745496335,0.09634821430529816,0.0919197610281316,0.13715193627184596,0.12375184685315999,0.13640912270075345,0.19095581557878405,0.20410816254585562,0.06923799850771584,0.09085519147965138,0.04897709402625927,0.08326651242030036,0.10664553653849984,0.09480048173090616,0.1446805549883602,0.10602540373714497,0.11336830312664525,0.09565544099149181,0.09485802196270865,0.11152009662098328,0.1629484450994565,0.10308821159843018,0.06829892205118548,0.219731772369272,0.2946489833257535,0.16713902059750807,0.1806355539176716,0.11237472880605659,0.12218459539543147,0.19819027584298787,0.298586860853153,0.115181905601487,0.18841390230124877,0.1294334292281234,0.2048086284441175,0.1870582939115909,0.18520431633952628,0.09646133898196019,0.17139966857298694,0.20092556004727535,0.15380081059177875,0.22834748916066838,0.3041347947589116,0.2564837345693537,0.1139428729013301,0.20254675091559882,0.12467576620692222,0.1802032872739746,0.10089536297030399,0.13119296308079254,0.47542692903407746,0.35352329905921864,0.4556032877067917,0.2711664288578851,0.4180488413351331,0.3815651905595332,0.2669150169329365,0.49090689767979356,0.42495310515008744,0.27930121596213575,0.3286120418298719,0.3431160247537275,0.3494768718774407,0.4662394003371808,0.46482579558244974,0.27328677493050035,0.49242659621845786,0.7231203178886358,0.23446632966250747,0.3617825357643327,0.4929660771409965,0.2814219456442022,0.4435374202337903,0.24939768347029945,0.13856293060514457,0.23832844045441415,0.293626919219501,0.29696815610526417,0.18994244727105958,0.2085902610579098,0.2397385604271851,0.30863503478428,0.4735631886465066,0.2613809446707476,0.1553046118664435,0.1670640592275443,0.31132934103984045,0.3226440383957111,0.1775178403948311,0.24320153757034757,0.2611262499777198,0.3002775704904992,0.15860667028102815,0.5345333733667023,0.22257556106604104,0.25112270577364426,0.12504898343578752,0.22786821724054018,0.3984618994167628,0.4206960168233328,0.26372151440444613,0.4452873078494044,0.4519353719207655,0.17319541704635288,0.20983012378015387,0.21067898501775728,0.37514265369638566,0.2744821192904775,0.32660480858809426,0.611876611779949,0.19160731702739386,0.1797293068994018,0.703058531743998,0.6892857088443598,0.5486935305415748,0.3377132053025014,0.25871088158384103,0.2811064105253065,0.3796886105857983,0.1842880289721377,0.3089912410082736,0.15386351733036796,0.5729327837487536,0.35127170068330704,0.29298742261566424,0.16127688985851518,0.3158380949536109,0.1763968732147495,0.19955087379069225,0.22052984203782655,0.20703167153826052,0.33912026000925155,0.2262747121352715,0.20400193061634375,0.3829360706208833,0.27838763218017915,0.18086663535005543,0.1181768074980396,0.22267676400878578,0.1906619068551908,0.27026693109047006,0.19547798727063737,0.2062670002931225,0.3080695331722276,0.27638124557236743,0.27807871936805073,0.15242543856825497,0.2160278297637389,0.1485710673328855,0.13365418229664572,0.20384479352296847,0.38185193520742,0.1974700956329034,0.24732825201362085,0.2109520154932798,0.30747045484448277,0.3821214363148543,0.3867528044607642,0.21560600764916316,0.1896665832627753,0.2553057307632397,0.18364601902290267,0.27598099161674194,0.22346463171491082,0.15727653015802123,0.3954111702951608,0.12968224840274212,0.3367334735467479,0.19095255199263406,0.18391832808580544,0.3646403927412719,0.26462713439297625,0.25841393340673624,0.49939245531297793,0.5761599222256699,0.38181282094803815,0.4058961336215453,0.44060822824225776,0.4952192841666223,0.5993200658364444,0.5228615867824684,0.3989886258344959,0.3780314237669845,0.6501530821206984,0.4354151234441743,0.6126352115647513,0.6902281925552507,0.5717131220346768,0.4344526594344641,0.46750373929844546,0.43311239626983544,0.604712180612045,0.6042447937173051,0.4952752051990974,0.5182577556493024,0.4799422401227581,0.32705579095489234,0.35239604291365934,0.35939662746633105,0.3602819338487039,0.5508776414192578,0.34812119816174814,0.707515820229702,0.3215043701166317,0.6461607547589039,0.4789893550557822,0.5386123679217035,0.5976102647215922,0.46091981300142104,0.376705230674219,0.39330538759749123,0.7231203178886358,0.4389630371194372,0.7451343534445971,0.5062639259444399,0.3377212721609244,0.334921173440746,0.35352329905921864,0.5764994893630107,0.546886799715719,0.365067462877419,0.2726280751408928,0.3286120418298719
8,0.19310614049141472,0.1561131421713572,0.3736114322060865,0.2131563357695414,0.15522170754231746,0.50510161022059,0.12901279207121585,0.26848674411846685,0.3254077467118246,0.226746501267033,0.46735277492435157,0.17951217324360913,0.28081752368416724,0.22472066048360906,0.22574970412584827,0.25197688493924475,0.23537029673344245,0.2032393110300077,0.23478697815899696,0.35581202773098153,0.33668478895546217,0.09902120254139213,0.19214570038895995,0.18548985670308038,0.2605185548047718,0.6767722957385744,0.15815396705504503,0.1374673895315769,0.2884794185037256,0.1332601396581371,0.5110718068874218,0.22713967573626004,0.17290523695245408,0.21366090806406257,0.3623068538435644,0.3585561789377931,0.3294062288023659,0.3831420511686735,0.1199046415127869,0.24284678304991836,0.38675936525589705,0.12015087451464113,0.30014433401732954,0.36958438173656627,0.7776849042622295,0.406209718255821,0.34083864709492995,0.5023069554274875,0.44633624143841966,0.4110753185684156,0.12679349158938769,0.13221167759087238,0.08241203123910679,0.08669134607879836,0.0736712363403419,0.1381784357211857,0.0915321671478635,0.27324173203285274,0.12313731915306925,0.11386464816913078,0.12067262845340743,0.11070812272854025,0.1292237639176531,0.10335590721928978,0.07951102284033773,0.14304482035453192,0.08376440181390732,0.11489969628940722,0.10485912420297361,0.0793377573713393,0.09946435768304185,0.11987534017033052,0.14470700337751674,0.06565843559851892,0.11462964178555479,0.1260849496798856,0.07227498481338279,0.09141377430097408,0.07893896235682007,0.11091076413842815,0.09436943961243827,0.06336316325854063,0.10004548420516368,0.08299981318952188,0.14374029680151834,0.07124229640602131,0.15083491303555585,0.12223605269326598,0.11103553677753852,0.1541216454545158,0.05446576161500083,0.08403878118287134,0.09385745062758521,0.11052946211283277,0.18201337584005506,0.06585871992896186,0.13236102325938737,0.07730987579732407,0.09384788748396344,0.16150159277402443,0.4946772877332092,0.4843658895946654,0.22460928328463414,0.37259004571317356,0.35860838702176656,0.41568425350285887,0.5316282612621724,0.6524530929957222,0.34049103744433495,0.4639749845854503,0.3432309474870089,0.4240409792066049,0.41675914329420316,0.39433343459188197,0.33152514473726835,0.45581577450617283,0.31360082229903474,0.3520263345660406,0.5161204356839315,0.3675395097140066,0.6007141215043537,0.4656149736791221,0.22434788760951085,0.8156856322413286,0.6636358107897654,0.645972164458902,0.4926681678920245,0.2894949935297676,0.3182292235530154,0.38930912638474535,0.5362203515896037,0.3726605851559277,0.6051221475700587,0.48080740073127826,0.4379836971062072,0.579850273220146,0.5102735322839668,0.4040479500588954,0.38829115440953454,0.41797857091790813,0.4112504895374113,0.3525508155343898,0.305716937090456,0.5089253998130201,0.5813798302478224,0.38638553724385594,0.18427953026446198,0.491102194542139,0.4044432693240603,0.5495264290808641,0.12543659965650655,0.08128021241588024,0.13259389871192417,0.12297313378147634,0.14556673980799728,0.06803776636301606,0.10453760840999193,0.0893924233936888,0.05677201392869902,0.09259947834604221,0.11682118795097174,0.06910421480270745,0.1074867358658721,0.11507720036077773,0.08376302807193714,0.11685755145968846,0.10537297355699715,0.130964762439841,0.11811765481819758,0.08634179514463292,0.16221240750078336,0.1013559478848316,0.19894788493579552,0.13479733144582484,0.15187808722675455,0.084961191619217,0.15964080363260036,0.19005629367355392,0.18150168811871858,0.06312163472679322,0.09023064379115064,0.11027683614651884,0.20944363696472068,0.1696506599949491,0.08970351785819541,0.07170175147456648,0.12484830614079212,0.14244922992568654,0.07369160285930054,0.4510103698960731,0.4376925683230496,0.6296237693519442,0.21121808967606992,0.3136849769802108,0.3470307693026691,0.45594180687057984,0.7776849042622295,0.35171507653107925,0.48964954888756407,0.6168455277841145,0.08575909046934493,0.19162472506481554,0.15813784242349715,0.094651146801217,0.10144753657692873,0.13791567481137534,0.10601576149151304,0.16196911862696683,0.17212740720250752,0.11723020049387933,0.0746365048563411,0.10475420352949039,0.09483438731648952,0.14000821756357873,0.1014821548136936,0.12250360760168255,0.13558368048706926,0.16462163125743856,0.10507784224735328,0.1849331159283445,0.17115471133037374,0.1554448023725361,0.10667517656994796,0.11324615766688195,0.1653393335389921,0.1126649977116394,0.15664870056850755,0.16390517637493252,0.14066522847131768,0.08299596586123204,0.09053068379796747,0.14110960581568244,0.08651415394793516,0.16295991610991245,0.1346997003611945,0.10738899890751508,0.13119654662684344,0.08428709913421284,0.17499770710702178,0.13446357753500204,0.1391485993546776,0.2290780708654948,0.09838487502888282,0.13120489897099197,0.10703706347788655,0.08654712861603908,0.13377439743431951,0.13833742811158323,0.10206205127011658,0.15522908824984705,0.13412298107767495,0.15576829839008222,0.17128785307170113,0.11673503671783281,0.08802404230445116,0.1099613857861158,0.12467152466484932,0.09646537832211632,0.12639768054981404,0.16558848783612856,0.0498723124267636,0.07002806936543249,0.06141316704458066,0.2374952957134856,0.09095996231323489,0.12126273332591708,0.11807322399116527,0.06346011372711735,0.09737475756492486,0.1723359549156973,0.11252893630619276,0.06926641915526055,0.0597888920847538,0.0900165547542735,0.1576918460393304,0.10531901530874954,0.17335295688944563,0.05588589340006345,0.10468311923433116,0.08783353743170585,0.14574868387691342,0.13009619278312168,0.1463596875114347,0.20512394751898344,0.21272412279930275,0.07146196929191295,0.0947391560881834,0.052223655497599,0.08631954762292826,0.11043648277997498,0.1002739654547955,0.15600566379904468,0.10913297798609345,0.11466982812248805,0.09873273098855817,0.09842541543602856,0.11836693446103852,0.1746918580697453,0.1029557873588216,0.07229840836182955,0.2318242473263492,0.3112326831526562,0.18064766243742247,0.18901789324495055,0.12060082505383807,0.12990018088270594,0.20967694825603111,0.31522354418509213,0.12346225509771436,0.2040991847963437,0.1358473046166364,0.2161960999567949,0.19700068832787343,0.1916893762914913,0.10419439641314954,0.18403281324610188,0.21826882285210858,0.1610525090068995,0.23856169628730894,0.32100487469593963,0.2697762975908128,0.12023962797567433,0.21517155358254458,0.13034075253810973,0.1926901201892287,0.10732461405886207,0.13758808870327455,0.3470307693026691,0.28686992980680115,0.2547841809972765,0.21933069842726938,0.3136849769802108,0.2615849738375019,0.14854290996272923,0.5206875025221687,0.40636034740778626,0.2617399071257267,0.32672116766915793,0.34763066954181754,0.3785784697387048,0.2490520676545287,0.4593548433196696,0.15944690236369352,0.48964954888756407,0.7596559588780111,0.25070683886004064,0.32775824518833785,0.2680901388687461,0.21121808967606992,0.45594180687057984,0.15602723330057877,0.1059238614003386,0.18963878323873495,0.18584343562168482,0.22422346089865242,0.13342978187578913,0.14507720044427297,0.14679106271377595,0.2360654987149322,0.3484105224470171,0.12837990062302862,0.12572227762039412,0.11179461812224922,0.10278228402107992,0.16739972863164676,0.13388627496075678,0.18545270245919,0.16237956089111838,0.24663313254033659,0.09328840325065024,0.312247082452467,0.11288680911689575,0.17821844076875426,0.0888631470235669,0.18904069394102085,0.31171350490534655,0.2849874064879341,0.19215676532422998,0.23063873092169707,0.23500632798649146,0.12067184202724113,0.12903818901314712,0.17936789869885572,0.21313778906831504,0.13546789158777695,0.20410486552795637,0.34460551141577944,0.14513476177326146,0.11333603137436699,0.5567980280184301,0.5,0.3304756578994458,0.21723207337268424,0.15499983987376953,0.19031197886646956,0.30196076971331776,0.10624312169159633,0.16330378589174377,0.10322891780689236,0.31591864657132385,0.3661962419578235,0.3139079330226219,0.16655954489452052,0.3405719842685847,0.18700732451587043,0.21292704887632397,0.23633116574816482,0.22317590344717364,0.3642306091925127,0.24122591827294892,0.21978676071546355,0.41367801863503084,0.3007261658596635,0.1926126671542726,0.12733464038280173,0.24000876849728392,0.20266882358378369,0.29052360140445854,0.20869596919316935,0.22260296299819826,0.32189474342122226,0.30027641903388935,0.3010492709669905,0.15813119318847735,0.22990110232070715,0.159888013320311,0.14058435036089145,0.21692394691487382,0.4104563957145464,0.2102281288510386,0.26348919536812176,0.22289655728547475,0.3295336958932785,0.4069230501459792,0.4136545819816092,0.2240004334363489,0.20387034593363085,0.27136847079176096,0.19976848431622685,0.2951835563046298,0.2364725477186217,0.16255797946810568,0.4242006309809555,0.1393073943386225,0.36121482136455396,0.20135860417145113,0.1909372644744607,0.3930968041997749,0.2781703284556113,0.28144428590219916,0.5361490608554706,0.6138761757137203,0.4117616555072733,0.4389685944886901,0.46678495906497297,0.529920337927485,0.6381013557788167,0.559105872433547,0.42660285172727064,0.4076340963999511,0.6877660736951965,0.4670175378689031,0.6511447190787012,0.7261293617294377,0.6102211336721113,0.4545363496914462,0.49979898601078354,0.46146342924059935,0.6405581534624001,0.6424650364477156,0.5291535983311328,0.5555814441327629,0.5153792215679973,0.3452345193351959,0.3814487257350663,0.3875687151407847,0.3867943222944642,0.5885744595880444,0.3747548427131745,0.7447902506934696,0.3478204613068797,0.6817006620974488,0.5104567368598748,0.5760092237726241,0.6349437457189082,0.4953392659875828,0.2729930355237238,0.35171507653107925,0.7596559588780111,0.46659557313273947,0.7776849042622295,0.503208356293791,0.3037133859066463,0.31352868855053795,0.28686992980680115,0.6086500278907849,0.5687055415726436,0.37240688620044027,0.25006544014746257,0.32672116766915793
9,0.24776330953818837,0.20936180421137895,0.45621480869456554,0.27914315632048226,0.20052504798734683,0.6178724898276511,0.17185772970424573,0.3410784081999596,0.4222230280568805,0.2758396925807095,0.5832766726524131,0.23544770730461628,0.3535257743235293,0.2863229310108494,0.29106184689411874,0.32671537837553,0.2997951234482601,0.2667828383896995,0.29944271893107466,0.4450372861402676,0.42508782336806084,0.12013897945211927,0.2476609462264322,0.2470400381166784,0.3424440364261043,0.7969183502808929,0.20637700166980966,0.17695070028457316,0.3736639883590539,0.17480065371212516,0.6398886909985771,0.3010288337350995,0.2231884579947141,0.2656979922305651,0.44819630874857985,0.46562313181226833,0.4252263784093727,0.4727763655084354,0.15710297734774092,0.31211194275336895,0.4884747924340783,0.1533251936995691,0.3884031535999394,0.4709209680873152,0.8054690730153985,0.41576073986375495,0.33727712555421485,0.5246484408902934,0.4467107150116649,0.39880129354668015,0.16789458522248002,0.17005714929351423,0.10020598641932088,0.1006769398864682,0.09394908073926833,0.15884229351473111,0.12384239741065517,0.3168579213567476,0.15267505365612732,0.14185997642863413,0.15107963680812075,0.14527405101329116,0.16133670845123427,0.1321021506040594,0.09333055893202846,0.18322214257481917,0.10255537981847207,0.13152263890621063,0.1267423789102894,0.09600492772919034,0.12321766256399391,0.158464191164005,0.17869740588850092,0.0792529181759315,0.14552466175562584,0.1467880442141385,0.08431462328612849,0.11053859348900175,0.09944243226649829,0.13946757318098113,0.1192233911184678,0.08126597177676409,0.12337273328306042,0.10620043867126439,0.17317943597832075,0.08777181855859972,0.18715541151603177,0.13640924864045223,0.14053617769867943,0.1798558233869184,0.06719005565650826,0.10608863435327154,0.11050003548058396,0.1319287555149452,0.22653544279151083,0.08194464627489051,0.16460457629106418,0.10145782267807923,0.12080226179385078,0.20338932141188526,0.4870788582751876,0.48322319673309244,0.21912303342208206,0.382000689557373,0.3589998251909803,0.46305663004738395,0.5467281625559851,0.6931982361925317,0.349536117891063,0.49183032849980035,0.3836479449004947,0.43632686995948455,0.4097275909134692,0.3650071946306217,0.34176631801381097,0.4383338152632713,0.34601406497707765,0.39625942496046285,0.5032145888559401,0.37123394641342333,0.6024574245644415,0.4422825400333136,0.23699224633308436,0.8498217012960851,0.6387606524025253,0.6937668497206083,0.5172061791917115,0.30015312941292416,0.35277267734695106,0.39558605732439345,0.5327973751007946,0.36989801310789905,0.6407047053632784,0.509078995645976,0.4533618563134837,0.5630232579832836,0.551633311290881,0.43375276331715296,0.38178701557221206,0.4351950616844923,0.4162796170415467,0.34830649336663344,0.29775068950603645,0.49953939382783574,0.6051871696000943,0.3864388015890349,0.21526758399828594,0.4993680442314754,0.3703481784391798,0.543171654700596,0.13915548250842613,0.10621935775260027,0.1504923431706019,0.1448470461212088,0.16605484499172174,0.07787142564830352,0.13526929880697436,0.11404846752064945,0.0675733945302549,0.11728623758430978,0.13987057253667623,0.08868883168293362,0.13880247152339897,0.15030388984580467,0.10228577297641583,0.13575257851535516,0.12848715940852617,0.15809647163572427,0.1442081901073503,0.10297818263602265,0.19975326334693722,0.1333590004978603,0.23206832104958253,0.1687820228710204,0.1724232425215173,0.10181004366399993,0.1834466418716737,0.20485024400384644,0.21492104983491578,0.08236317831540974,0.10971881916933979,0.1301148256426684,0.2372358947050105,0.21503183417469007,0.11906806102144485,0.09120833737378176,0.1361920028652044,0.17545071037345894,0.08933495875622244,0.4435482855769062,0.47259216989676966,0.720336089906945,0.2523285565422687,0.3723477466363496,0.4427429619086115,0.46930112933676116,0.8054690730153985,0.3920303748924402,0.5432987732945053,0.6083644516675999,0.10903084390863904,0.24172056489071747,0.18650722217469407,0.11421712598035116,0.13284975252942766,0.16395969303043534,0.13535584618748242,0.19887096809732296,0.21588832482181963,0.15377861623987876,0.08921416220041767,0.13254142504610522,0.12592167791378117,0.1778682988813466,0.13155383221536698,0.14708538031825313,0.17719795000942984,0.21658442070108574,0.13113108948130014,0.23460842104244228,0.21062210607222454,0.19133417670388642,0.13938917213298374,0.15102263567655827,0.20429630546476563,0.14868821539347277,0.18152279269614602,0.21062329861933748,0.1721975711459377,0.1042118867300702,0.11899921460508389,0.16141782769725788,0.11094500870340074,0.20099284666274753,0.16369224172112107,0.13699798150162645,0.1671504477481156,0.11242796537803157,0.20054591032237834,0.15120035098379925,0.17869673712584655,0.28964714597359,0.12777355634275855,0.16603969785484085,0.1405541799633041,0.10642822393423934,0.17060036911066323,0.1629849909740304,0.12473199024362303,0.19158407422160229,0.12889942212581873,0.1618872118641096,0.1993459551411605,0.12347986945809208,0.10278902052328653,0.12925740744768188,0.13758953885597125,0.11147600367457733,0.14694362463360433,0.18283288963886468,0.06160711941259478,0.08904970235186715,0.07720594351968457,0.28023503377325143,0.10011495074291499,0.12941235401568663,0.14819176598799566,0.07263267955946218,0.12162293072621932,0.2081837500944883,0.13405033139886435,0.0803004700539307,0.07281295908426666,0.1093779513847648,0.18772462619315478,0.1284867128516427,0.21637699452165804,0.07019727871891213,0.12361119114208008,0.08946843190833687,0.17103025594069,0.1372552223372837,0.17730858531239346,0.22896579312107168,0.24342446595758704,0.08934379251618985,0.11278587085689962,0.06783423185093196,0.10166857464600931,0.13605701419748994,0.12765748074358285,0.17815540267734398,0.12933657634495754,0.13246705121957292,0.11386582097294151,0.12655302838686244,0.14098452600879063,0.20988900855351167,0.12571334143671486,0.07967819062448034,0.22747876660199573,0.3064134632309852,0.19015086046259033,0.21413731002044067,0.1296551194315635,0.15045833217180504,0.20213761707042244,0.3053400359717181,0.1354966328998647,0.22192497381797605,0.1586201744983069,0.26384571398341117,0.1979548089281582,0.22026433285530067,0.11507039405442476,0.18131743642942333,0.23341199722588113,0.17543699747053532,0.2613458224351807,0.3292156195311631,0.2939669387200373,0.1428055381668204,0.20664123098462883,0.14039700507507402,0.19100372091159357,0.12414261954856787,0.15040672922562992,0.4427429619086115,0.34814165719865764,0.3239758931696014,0.28207803776239715,0.3723477466363496,0.31296426141767675,0.18641959771884054,0.5154255726405352,0.47168967507087467,0.27120819263411566,0.3459433989538131,0.3560750694551248,0.29246282956445635,0.32462049704715346,0.4824704716176541,0.20476294488465563,0.5432987732945053,0.757171385984678,0.22652957660368434,0.3321595169635172,0.346533179951123,0.2523285565422687,0.46930112933676116,0.19248094677157168,0.12604945293705927,0.24525358517163864,0.24440591031583947,0.2627160378328446,0.1624954747965548,0.1859079139433415,0.19313712895244506,0.296709235597443,0.4294990913736675,0.17071752401603935,0.15491714694053904,0.14390990902437106,0.13869714170395553,0.2228112466998463,0.17174743555310024,0.24721484651487935,0.20576251652699917,0.31914802625495065,0.12067149328434756,0.4072958307583847,0.14702834683817756,0.21637971394504685,0.10930033054983113,0.21913693289697334,0.3817023050330568,0.3730885041735056,0.23302653581822097,0.3028028117304936,0.30883346830206626,0.15338339871981976,0.1685018826972211,0.19934250405526,0.28306871276005174,0.1763416706295725,0.2699813855188574,0.4464355606487538,0.18142467568681753,0.14553759616869,0.6848437530825893,0.613589754885087,0.4229380054851163,0.2787894681718437,0.19934994708415088,0.22044173983439408,0.38179890790691573,0.13991128525722407,0.21518709605725062,0.12757456066963935,0.4038286192876037,0.24245003092492856,0.3378478618326338,0.18543085172250118,0.3388143557331025,0.1829830327753027,0.21573224703487304,0.2776919284935412,0.2236696583565666,0.3852211228223522,0.2550231365071175,0.19900806623908074,0.3817515796863096,0.32605846481688405,0.2135667350148489,0.14770579183867938,0.22112367086113027,0.2277516073342548,0.3008891075630381,0.19185450328984266,0.2292303503374027,0.31973315689143245,0.30145002615132055,0.29460322200194944,0.14125204111984369,0.22048391376851761,0.15858889623096328,0.14466544130431302,0.21596212704108608,0.38852243215263593,0.21452322908380805,0.27057711999655665,0.2264253014366604,0.32556849024231316,0.38375333615243057,0.38826133605978885,0.21182996798164622,0.20828974042599657,0.2903122427672058,0.21189050758500294,0.3062843614743862,0.2516495270248492,0.19492575677747703,0.4056939328920356,0.1677889408521992,0.36093828175589837,0.19435075028494142,0.21359310487200023,0.3894451031032081,0.2522746877818396,0.3172632206408532,0.5605025352659492,0.496216427118805,0.40195622593437286,0.43438386553877295,0.42120954337658467,0.5278754766831618,0.6361136070293967,0.4777385984406576,0.42095463097777963,0.3662715241498299,0.6565832631608508,0.4528693461387162,0.6652979790243163,0.6953402359130529,0.6403543618882701,0.436009028945084,0.41590735386773114,0.473543335857342,0.6196214525276523,0.6517137068619304,0.49609124267699434,0.5581687872113299,0.4532281819155013,0.3140821349358245,0.34518298788580726,0.3695985212249614,0.35252024514208347,0.5854255778714201,0.37315757739157907,0.7531485487160284,0.3239879068764431,0.7190798942314844,0.48848939811356806,0.5765148976191625,0.6127446309459578,0.5,0.32902017769604874,0.3920303748924402,0.757171385984678,0.4459346752292571,0.8054690730153985,0.5455816816672993,0.3220841761673199,0.35933482771552994,0.34814165719865764,0.5484068879200189,0.5659117151254908,0.35929758868731954,0.2824220039227777,0.3459433989538131
10,0.29835330833239737,0.2547839543248358,0.5333906661842025,0.3355541260201361,0.24315712499706155,0.7001985366168373,0.2099566911393821,0.4044580092794017,0.49700316102167497,0.3317835274958485,0.6657208299867055,0.28520519030609714,0.4189901712830362,0.3410931337579627,0.3478474517799064,0.39007334166777263,0.3589971976927788,0.32176452873530736,0.3579391443879594,0.5202236252559784,0.5,0.14726048140373993,0.29803815958493596,0.29899255992753626,0.40835860822101056,0.8642925817706744,0.2497548774674635,0.2154758551407826,0.4425974276303164,0.21340682975683556,0.7220718636321604,0.36136036754386636,0.2694166905752382,0.3187882972001185,0.5235015682375368,0.5437221245074478,0.49933402058515475,0.5508468396837563,0.19226082609047257,0.37289850860084206,0.5675788818933954,0.18639204553162647,0.45900216485377965,0.5479509017606745,0.7912707621330278,0.40478938837598644,0.36353675239482863,0.4124559406817955,0.47904152154392343,0.42855078355907894,0.2011487541542193,0.20040394536882056,0.12256461399924878,0.11888480783997857,0.11500118623017885,0.1840949054515849,0.1521194691761515,0.3704544387148154,0.17532939795119096,0.1729694628509567,0.17696575636686107,0.17618692675923842,0.19189989250617656,0.1588361300710298,0.1114051526741322,0.21951537472558813,0.1229447156597735,0.155970826982208,0.1528753164726553,0.11718081714320017,0.14893457885690187,0.1929920416119646,0.20949190856293165,0.09506000428492067,0.17537001690350906,0.1741641449689616,0.10245952208183517,0.13244315199547696,0.12042472726266362,0.16343748252072476,0.1447241984597223,0.09911460105462677,0.14735447685369718,0.12874732173684023,0.20222917196966694,0.10725682832012606,0.22403599242535766,0.1621716069705692,0.16809559326351553,0.2111622158746218,0.0819668576074728,0.12651335977478106,0.13256113018721138,0.1587312774806341,0.2700405477848309,0.09888084919932871,0.192266898838782,0.12421066540291703,0.1474350208832832,0.24239201658830367,0.40912972585665697,0.34545066575077465,0.22197269163001387,0.371397831359473,0.34694456071568713,0.43002709834289043,0.49118581589632526,0.6360777759120836,0.3418648749367523,0.3948604869377764,0.38210341827096783,0.41130267273697585,0.36698622220631194,0.3266487245992996,0.33971912278821215,0.42477085918072577,0.329886787652347,0.4013653815956204,0.41657819480102254,0.34809314060601393,0.5160275471222567,0.34234981947016585,0.23088412125138713,0.8094147037890354,0.5809822603192347,0.5944327224201639,0.46618310345122704,0.28557339028556783,0.36531795806695866,0.3441208682432124,0.5070130097015837,0.37904521590833806,0.572519507353779,0.41511412938509695,0.42388095807611537,0.5343347570666743,0.49691950520626316,0.44502319192508055,0.356303372677378,0.4260046811016033,0.39880834906368745,0.31805933336505543,0.2841217836457338,0.4466969402340235,0.5519694664574001,0.3821475358193406,0.23203591189483408,0.48644403570923467,0.3330509557743465,0.4404982633588599,0.16688289192840766,0.1307219095110309,0.18100616443864048,0.175859691970788,0.20110628674071396,0.09497610308200377,0.16323803180192475,0.13960301312614687,0.08280055915939499,0.14302197471686218,0.17007804575339136,0.10835084712056642,0.16868086257701165,0.18269803085778158,0.12522561927865372,0.1624688292914025,0.15582461980960005,0.19122162219458327,0.17399515341933225,0.12377007697431641,0.23909024887968455,0.1638927980452951,0.2752995504513005,0.20563843881342425,0.20795015852716026,0.12425270141308264,0.22036145518172356,0.24132980280369576,0.2569505132481825,0.10135159856406772,0.13340612137967456,0.15660301658412001,0.2825430265434812,0.26090963092730257,0.14585305861967213,0.11215047730191374,0.1632009337893049,0.21213785594969226,0.10970898306292065,0.44509828926465345,0.5306546780671797,0.7957998256219642,0.29964543184569714,0.43912166542536124,0.5188566954798526,0.4789888700294893,0.7912707621330278,0.4541976301359386,0.5951357222226688,0.5599450976325703,0.13265656307304807,0.2905871517681623,0.22348734192888287,0.1385398051432878,0.16209998575431517,0.199195929337047,0.1654552439399981,0.23784636562794725,0.2610404726923773,0.18770117314039103,0.10894946681474582,0.16024093678013784,0.15441601011822237,0.21608543980960537,0.1605066042230625,0.17792638770012537,0.21584955356335134,0.26179445955409575,0.1597413999438636,0.2802689248414779,0.25336477552227465,0.22984295605625882,0.16924152385533464,0.1844188999675087,0.24744705291433045,0.18104496765237865,0.2173749647705937,0.25436474034082057,0.20908070607463913,0.12740746369447686,0.14583731265970856,0.19497977712075887,0.1358697028247421,0.24319604216449697,0.198052071955633,0.1665684165436181,0.2026072979477297,0.13781680710902244,0.241244817131697,0.1826324792268288,0.21656384037165655,0.34687511991252773,0.15608369474107886,0.20180189922267788,0.1704612690110766,0.1302118767648518,0.20626959372913833,0.19754693342828444,0.1514567301943358,0.23149313383497827,0.15038815519196713,0.18339224503240226,0.22868102515866473,0.14572564800769305,0.12208871990252945,0.15301243450896052,0.15670408816997705,0.13089892874015396,0.17191122625816813,0.21867490061769035,0.07354317011067568,0.10842034559975688,0.09387583982347725,0.3242997137652417,0.11906202360588614,0.14857384385440786,0.17481868135353962,0.08779082074467892,0.14422160338495127,0.24981124230194696,0.15597911690923227,0.09440111097562254,0.08814958939350359,0.13118698359974434,0.22559566687048993,0.1553400496473627,0.26013626229544007,0.08495701919021048,0.1471528048576609,0.10690934351418158,0.20391483328107385,0.16416549949593096,0.2112870624318024,0.2582082965606769,0.28195647087139997,0.10816511965440467,0.1345863979727322,0.083072833759824,0.12088303561332159,0.16403474559044262,0.1552476236306124,0.20867644779697891,0.15599396398865983,0.15604618343880694,0.1372398677439466,0.1524118851897036,0.1681596408250703,0.24855403165544332,0.15234136475819282,0.09358414086706424,0.2455193768473326,0.3031590009764513,0.20768763044363991,0.241854592394108,0.14542046446385204,0.1738574337889307,0.2220521857957085,0.3324775383124343,0.14781339881771816,0.23071468354406222,0.1761097786708311,0.2992655740114918,0.21281033421029216,0.24503415588858546,0.12996849451666537,0.19011054329927823,0.24348022131601765,0.20138289566033052,0.2848342668496898,0.35351401667058346,0.31879123919234786,0.16659327969115012,0.22356970118979758,0.16459886088184716,0.1996503826098095,0.13923076367124054,0.17053669413849348,0.5188566954798526,0.4097409086623891,0.38643085308502534,0.3371388670044768,0.43912166542536124,0.3714050513441699,0.2260074127823618,0.46371286338990036,0.5297991941121192,0.3174426863852653,0.3870311755709722,0.38614789229017477,0.25442976959231,0.3879345463094376,0.524776554251442,0.24697416808775008,0.5951357222226688,0.6918795544207741,0.2394079376772501,0.37101451124714757,0.41274103790904915,0.29964543184569714,0.4789888700294893,0.23284318995325481,0.15371494545142173,0.2960851751527136,0.2955400638965987,0.31514562847977,0.19693178157136149,0.22498473646754502,0.23472996361395448,0.35483527847189233,0.5042909562889243,0.20854162595679848,0.18644210904247238,0.1758175234881748,0.17034457363773103,0.2706107858599073,0.20794154172607504,0.2991858231270216,0.2493238250801183,0.37973101776390017,0.14801144917787157,0.480726162865196,0.180136957680192,0.2597248930207713,0.13375572621281018,0.2624825426817877,0.45044704438021343,0.4428162081525392,0.2788913396637428,0.3633941780674588,0.3696904573898039,0.18783059347110043,0.2059952492223478,0.23729550709053238,0.3405528929777084,0.2153424326577833,0.32532167853531635,0.5228115860318774,0.21994158811681674,0.17841036146722478,0.7648234026785081,0.696015623515887,0.49740141293124696,0.33545746224372386,0.24240690803736942,0.26384914870056353,0.45141949772116874,0.17140181553051115,0.26131502267551143,0.156289766922716,0.4762098104717919,0.2574648884857541,0.3048468057603163,0.20733891645019242,0.31347042201224007,0.20095696663892537,0.23739860389067136,0.31433969419891794,0.24014520827053065,0.36703004599782574,0.27009056341810234,0.2235933160603113,0.3645790250428923,0.2982578610229265,0.23292219566786154,0.16334186490844183,0.24046494342632985,0.23356571283869199,0.2756955052968878,0.20453663794909793,0.2353204531516383,0.308600559623306,0.2904667038787345,0.29615892009185774,0.15922157728758513,0.22916671136836697,0.1754382040070629,0.16358035376751323,0.224722522948832,0.3817536228789342,0.21552376233914305,0.2721956812055619,0.24823558180870187,0.3311113853149418,0.3821836344510584,0.3543749846435925,0.23202875050329042,0.22466438492270546,0.3156085640638919,0.2149535271214602,0.3093011418772148,0.271905277736715,0.22391800923565686,0.3825488931063806,0.19077114575793375,0.3468921582467914,0.20844485186143324,0.2342130560608503,0.3466437724010528,0.26941039672098555,0.31500235097266316,0.42364629207831006,0.42684353811793263,0.4121525962961291,0.4194111486812282,0.3933644469601152,0.434242099461043,0.4248827698818115,0.41552826155048894,0.41066458199288347,0.278833548399813,0.571558973097147,0.4142752982996697,0.5708157766284114,0.5943979335561262,0.5647613754022418,0.4367044402965282,0.37484451348411385,0.4203114257404895,0.547591447636664,0.37417138429598884,0.37985862489838174,0.49184858096705897,0.3824670469914798,0.314871277088268,0.31928462021601745,0.29708810144685127,0.3171497920772427,0.5171700823531533,0.3417654513192496,0.5697880129130153,0.2602567362348155,0.6643303546912633,0.39247711313084854,0.48991381520590016,0.5221681725259671,0.45746335061503196,0.3896820062481936,0.4541976301359386,0.6918795544207741,0.3918985316183631,0.7912707621330278,0.5930627068047635,0.36569504095041405,0.40691575023133797,0.4097409086623891,0.5141798513505005,0.5456513325636293,0.39439793900370934,0.33035217436621656,0.3870311755709722
11,0.24348379639462558,0.2045037083292638,0.44771789883368474,0.2572514701071008,0.21649155192040737,0.6824986956112906,0.18145353551158172,0.1714128697454137,0.4374697040566947,0.2586737936840977,0.6361490512557637,0.25533975212997784,0.3796296600875074,0.2454852579852368,0.26581742452953394,0.3517491602063635,0.3214204855540014,0.24467834991929405,0.30750576053848877,0.46100212841997046,0.44236199668695864,0.13656569831603205,0.19368510510220227,0.23792049700628104,0.3393166291126727,0.7518128928105665,0.22617043159691508,0.16606854466119325,0.3352011647006603,0.16615470946524846,0.7263533914461294,0.34694275771398086,0.22345643920273606,0.2238787578923438,0.3573573128074611,0.4560050054164123,0.3701964094752631,0.4405888965073591,0.1575165043300918,0.29377148898093297,0.43198930216361375,0.14008200987868447,0.4475059289339103,0.3920984465637096,0.8411736802674903,0.4569165003590855,0.3951423146070816,0.46637382845705944,0.47894641951198846,0.4663977936040883,0.21263258141786268,0.22747672852051326,0.1379941214158067,0.13671629680909148,0.1296658254737978,0.20630796629246795,0.17016077650545058,0.41418889603148024,0.19367568781112376,0.1971982672257595,0.199759492125541,0.1980288910696203,0.2141455910882175,0.17290542738194736,0.12132489809621883,0.23880378851911943,0.13488589790082395,0.17668326597627582,0.1649010318919999,0.13122341366202572,0.1524653458598172,0.2162512410124694,0.24039001357870238,0.10711244778764584,0.18622468006804294,0.18974798204604437,0.1171632205482872,0.14543323391001983,0.12828722187163033,0.17935819859778535,0.16167397340380796,0.10979004682055027,0.16122645337146557,0.1408438786642341,0.22589629515361576,0.12157966926071684,0.23437640456047704,0.16816214108918215,0.1758347291253588,0.2360386320200899,0.09235823590666359,0.14281123078686508,0.14655269794200587,0.18111863776530202,0.3036444516962432,0.10937858563279512,0.2104768712612457,0.14450955191370263,0.16400263585413233,0.27524771803855874,0.4591493551952569,0.39238124040368405,0.25456582395613947,0.4168494258044845,0.3959768067475157,0.4844849261346367,0.5487511228555768,0.6956546010268325,0.38641360930705193,0.441889891444619,0.4317570810895851,0.46152360472942133,0.41562061970332964,0.3711954854930436,0.38543604197699344,0.4799625017178569,0.3729637430694892,0.4540533168855718,0.46955477964767134,0.3960546249188768,0.5753584557344253,0.38807592634181476,0.2631294388399773,0.8586413242936004,0.6404970735270803,0.6569240958810223,0.5225101652975945,0.326859292328172,0.41329666304713186,0.39146361470593904,0.5633439722473383,0.42433011095066175,0.6320627397722205,0.4668802977403619,0.4791472352521735,0.5937630971435139,0.5502841584708663,0.5,0.40395793121986967,0.48013012703244495,0.4482311017729176,0.36291337007420177,0.3226846045480436,0.5016040418229735,0.6108941142957174,0.43456080346669157,0.26766486682373825,0.5345136574665139,0.38040451588884916,0.4972307789255107,0.16719927127882428,0.13089804343065425,0.16650947684772843,0.17075676646135451,0.1939833092987272,0.10107050343571167,0.1632589578108753,0.12210839613414726,0.08925137420307871,0.1344838647512503,0.1567332082444569,0.10652502776738593,0.17118636553193345,0.16891708620887125,0.12731954078509955,0.1679300646873516,0.159036146875013,0.18329649980621254,0.18473082958402687,0.13462824942279594,0.24144714839690862,0.16765959096849503,0.26834312403765803,0.21091623003996807,0.19263762525660422,0.12720979522996,0.19981261734135247,0.2546793227018369,0.2480770775756621,0.1052536721837607,0.1407161682489838,0.17274985627928385,0.27348678196622567,0.2611999089038911,0.14620102865638873,0.12231601998316965,0.17619853103582872,0.1922543066397091,0.11713294762543214,0.49292173008630213,0.5564783891871807,0.6917980849092016,0.29222529016387966,0.40459817362285344,0.4854428967879486,0.5231809199848669,0.8411736802674903,0.39459306570924957,0.6217568678514422,0.6074751385121284,0.12781400960050793,0.2635447819414575,0.23116029672820615,0.14106532005851014,0.17084133644724797,0.17901104038940296,0.15931346106745026,0.20875388627547875,0.226047120078415,0.20130454726062907,0.11707408660503016,0.14243363611254223,0.1409176641204809,0.1987442237056023,0.1565271821219798,0.1949732278291325,0.1666796460912191,0.1976691510433154,0.1556244336271665,0.2929594678820673,0.247028947996496,0.20049581591034726,0.12664253894153998,0.14928428399965799,0.23214661314650953,0.17037167669605502,0.19623560015990205,0.254284098084963,0.21595445108903588,0.12148615596160428,0.15095452412413324,0.18274937823005832,0.13932982829411544,0.20023738961644832,0.19819675725132924,0.1636841550545196,0.16291055445170233,0.14042804036650658,0.2567937195021147,0.18649036066432545,0.1995531059475265,0.29632236185149696,0.15147832907490444,0.15672554282980966,0.1655989079286706,0.12728756849386724,0.22102713441642063,0.20316676146125012,0.11803907890107357,0.23600602579812413,0.1671814277971262,0.19544465540314482,0.25193957452349547,0.1588841219528936,0.13601758914743656,0.16986493449264817,0.17491816116336123,0.14810622951356378,0.18825744433991942,0.24609511547973084,0.08246384885204594,0.11521661026453511,0.09958137336758677,0.3604714722174813,0.12984493878194403,0.16885014936344545,0.1851396515280893,0.09807004180057566,0.15784163609111634,0.26624783565773413,0.17408967596755365,0.10220274956359088,0.1006000437625203,0.14137928545882206,0.2414556323212692,0.16527889252551498,0.2949560906831944,0.09213827454937429,0.16698180369314086,0.11594275221034167,0.2268388106666981,0.16958757864219742,0.2245882982063705,0.28600536863717807,0.3084013488004709,0.12161027982727957,0.14259208069307538,0.09160926724665519,0.12616836660891895,0.18032245462018726,0.1754217646896139,0.23616331839873173,0.17511153393792978,0.15505426584424087,0.15590712185183853,0.16584477225736427,0.18173938793047772,0.28228604633226995,0.15711474614815024,0.1035431645277961,0.2817335508557248,0.34229273170310337,0.23526396340116817,0.2766396125775188,0.16430069028342487,0.19819458651879351,0.2538385537849329,0.3743077293556357,0.17070082933966235,0.264558312865829,0.19896549823294785,0.3376154647645996,0.2430965498703458,0.2684519851197904,0.146136839418613,0.21808588021425845,0.27796100704679305,0.22606696990400987,0.3251811711390984,0.3968060755023638,0.35533755395112043,0.19017391018787044,0.25598604355180565,0.18430251765361827,0.22716323375786474,0.15559953462975984,0.1936312354890729,0.4854428967879486,0.3174737460405982,0.40586453746768936,0.28000796070239653,0.40459817362285344,0.3537923535049664,0.19819337594969533,0.5176555210868703,0.5425138129451466,0.338340499749063,0.4048568351888264,0.4199279523198295,0.29312487480578475,0.38056959858875683,0.5703500623579524,0.21233519053507022,0.6217568678514422,0.7520339436413689,0.2684944886529078,0.3865576643368519,0.3611731995701952,0.29222529016387966,0.5231809199848669,0.19521075728133896,0.1541461962314219,0.28180859264199587,0.2673139402404745,0.28738870174767683,0.17522509647632545,0.2053080743813387,0.1798349714686991,0.29438499361586123,0.469190573961928,0.20685154099752168,0.19320306884549665,0.1883599630726669,0.16845283348508822,0.26313473861173176,0.19297177797499987,0.2916154737985811,0.23333789465072574,0.37317491053043095,0.1437369649590967,0.4148763016851006,0.15405857325630035,0.2297100397025562,0.11823659023029653,0.21745024831368964,0.4008822971895273,0.46304962994883037,0.26524228196737487,0.30718324913812856,0.3381173868826529,0.18737105983689017,0.20854234361579616,0.21229272872393956,0.32064503040093495,0.1748005732180664,0.33313442087847256,0.4817363857792929,0.18601617131229753,0.1821953752269272,0.7645442642472687,0.6755244201418977,0.45280424374394657,0.26532009736403384,0.19647477904293953,0.24807307151339353,0.39097946914488724,0.15871466884805174,0.24555330536309816,0.16233975465905337,0.45048391240280317,0.29021581706033617,0.34228499301923476,0.22975090241316531,0.3531810876013074,0.22699258475286122,0.2698887672970026,0.35364666619156315,0.2704438370275619,0.4123152790763044,0.3056446849055767,0.25055519471067556,0.4127603693106273,0.3389267689597568,0.2472707087053132,0.1817400497848658,0.27395982172484723,0.2539655291082257,0.31130219074903587,0.23084570103496238,0.26457190803032016,0.33923610517817226,0.33208166532625105,0.336205217837263,0.17383494626140494,0.2557669661844294,0.1985211925213618,0.17361013937014824,0.24632793077827875,0.43028593633231604,0.23396745220696424,0.3079613325141417,0.2730901846829774,0.3744048982610182,0.4224191294310833,0.397044187992439,0.2585012825391696,0.25322889541117954,0.35327947721840014,0.2450402570634196,0.35015759716596895,0.3062005050783383,0.2469702279639372,0.42767118244264435,0.21635325396084248,0.39415938284531216,0.22760953728091426,0.25537566895391106,0.3887199015816337,0.2987816711572425,0.3557971699523378,0.4797881727382155,0.48249774786436794,0.4657533084763744,0.4736651251782754,0.4384044657510656,0.49002838740843757,0.48081159042046573,0.47042540931474575,0.4633418190138848,0.31936250171594427,0.6331092189904555,0.4663630703749675,0.6330371032841465,0.6551710214945832,0.6263960384122758,0.4843304757018426,0.42157370051559917,0.4701843330989567,0.6048209549277215,0.42551936357923814,0.42867897797270005,0.5512332586600132,0.4350035084741942,0.35757887212798223,0.3646869056701505,0.33904243747736895,0.3616760341791052,0.5767787945060222,0.3880948217044391,0.6313289987563341,0.2968591374527728,0.7237363087936708,0.44153823033503425,0.5489933278494947,0.5790085828300613,0.514408484655054,0.35436261237599576,0.39459306570924957,0.7520339436413689,0.44066852891159336,0.8411736802674903,0.631833908312424,0.35470490759961426,0.42474821646637284,0.3174737460405982,0.570305382504667,0.5947788007356284,0.4198905020084702,0.33679022700520356,0.4048568351888264
12,0.24479387438868072,0.20991068218839126,0.4675353409545777,0.26444466255235977,0.21760890485600126,0.7053965057212046,0.18392833950051457,0.178389395059102,0.4574529224624653,0.2652113593391584,0.6568543577342605,0.252910626655514,0.3782792331526087,0.2429564868579065,0.2730653511548716,0.36045746033487547,0.33061452750706966,0.2527354155120831,0.30936892824619144,0.47673942220161236,0.4598791262961046,0.12841071072996735,0.19819248781759746,0.2494684460137212,0.3404270215322457,0.7735093619220711,0.22064985377223256,0.1693897838231786,0.3482547728613513,0.1666832831358006,0.751043297298543,0.35524385780531487,0.2245064963660004,0.22963278317600366,0.37445670493247096,0.4702706390664032,0.37702452443111634,0.45985480243166554,0.15615955778801338,0.29379609507495075,0.4513605261965963,0.13713875650606333,0.4566233675784126,0.4044729880008441,0.8452041337255378,0.4296397630137708,0.3779935063154395,0.46491289139622183,0.4837069318276167,0.45780018004973155,0.17307540505358865,0.1723124026094811,0.10407574098515426,0.0994315919909825,0.10039265880404291,0.11686516934649183,0.14630893491553032,0.3129786670572299,0.1434325669703499,0.14165911585058133,0.14310679792816405,0.14017470424362266,0.14568950340032638,0.12659534190115107,0.08119494531108018,0.17048630688706323,0.0967708481241858,0.13497022601407394,0.13421960318544024,0.10381442167788046,0.12780945156679058,0.1883816248905471,0.17106487979362994,0.07670406741628166,0.14797006064368345,0.14495538619806092,0.08646984608580366,0.10395062383688136,0.1065804094366033,0.12754634415458854,0.11389659517137396,0.07670559584734604,0.13255533078736392,0.1010584010343677,0.1655042892302092,0.09486496833704838,0.17965040718084235,0.1394523709440978,0.13967372331300143,0.19170384963109066,0.06825905195510751,0.10381598860985064,0.11843685938198167,0.13254384478514913,0.24101890652406888,0.0754684032398899,0.1365149504671178,0.13688995234467127,0.1327339691849464,0.20689851843637164,0.43340332044613294,0.3942308149064607,0.2335944644472635,0.4171344181645372,0.35952488215540035,0.4565804990559208,0.5504874651361851,0.6966122777044237,0.3457940826553384,0.4307202954422459,0.3946770538402242,0.4391717197323156,0.4142278652559447,0.3511877581245306,0.3590606092129973,0.45078988592452585,0.31698768760786333,0.4220116749861994,0.470325352931253,0.37282992202857246,0.5690305247388336,0.37389782965413,0.23056955969181625,0.8612580674859112,0.6184850302787624,0.6701189662235612,0.5121404150793938,0.30996750016301966,0.3852012516785922,0.36165073255139313,0.5312745408321725,0.39721750243402876,0.6348572685967435,0.4431043508011231,0.4579486057834643,0.567696130527574,0.5367119895531263,0.42699488123044493,0.3666485847727843,0.45246878902632015,0.4221348831321794,0.3447266073913877,0.30634086315671893,0.49276095294139566,0.5985173580627174,0.42881515124961345,0.24996889010222045,0.5,0.3692410509632271,0.5006701959665447,0.13921740879668176,0.12475337267717257,0.14606163915015702,0.1635582549931578,0.18326379938114157,0.0869109509738677,0.14363390276270394,0.11992912511808618,0.07508117065516806,0.12425051222469286,0.13607606963106256,0.09534164353872132,0.14219339863141878,0.16545108976621536,0.10476260157985984,0.14004689096580714,0.14078300517849585,0.17058381739805395,0.16678536396412913,0.10882421715609147,0.1966402348313363,0.16428404214361514,0.2605306695312658,0.18771985370546151,0.18847209892929817,0.10994167495853846,0.1906949098697459,0.2107613091352536,0.21510214069618872,0.08866345448301438,0.12115285518837371,0.14232593695380635,0.2661355345241272,0.2508134108215605,0.1300895246548598,0.1094272707082321,0.14812661971367003,0.18080128175887067,0.10522367321540438,0.48032200384130963,0.5261950608947459,0.709999776018128,0.2823991068261832,0.4141109704840914,0.4949472379812735,0.5078276407112665,0.8452041337255378,0.4035578297145239,0.6041259790140663,0.5985104642612304,0.11383373286798482,0.23548382999191786,0.19442484644473146,0.1086900829206413,0.1509296620582915,0.1685778265279042,0.1455134691331349,0.20046515945077614,0.21679431602309485,0.1694543024069186,0.10151304284961482,0.13205633344003587,0.1359713494561834,0.18286327817308767,0.129734351243869,0.17452549978480347,0.1587359407206207,0.18658994676126084,0.13970677134817344,0.25551266153536834,0.22187554015043165,0.18184466952659772,0.11914837211627938,0.14329383070682666,0.20702205833965903,0.1564158425052674,0.18561788844509097,0.24741297387790706,0.18397165832074924,0.10947069376978613,0.11957368734823315,0.16839198750412165,0.11759025758029562,0.18458144998946258,0.16551721376857276,0.13076781730664566,0.15944332588286836,0.12759370315938168,0.23132877314124978,0.16981576615124605,0.18350448379433504,0.2952657038328056,0.12708644062127938,0.15186277961645178,0.13870211757859263,0.11109206816616579,0.203933283430905,0.18399651845228582,0.11255158372601204,0.20515737224642272,0.14160890067539122,0.178236797649438,0.20524377328945764,0.1293509855521502,0.11826673405048138,0.12203957958854739,0.15431197898185323,0.11217889821063265,0.14909161756299327,0.18978105704123205,0.06617406893877964,0.0978888145461555,0.08329911931453915,0.25824396849002373,0.09835302574176363,0.12798153848812066,0.17908997001656946,0.07816328428884045,0.12322358270478284,0.24151611815576368,0.12023395959740224,0.07866223304918518,0.07765501434983735,0.10995724293434561,0.2179818679055463,0.12276534295264718,0.2678785248869975,0.07810555373766925,0.13619927605236737,0.09202866185776293,0.1954513523767747,0.15494965709548303,0.1827655829192668,0.21881936864861318,0.2649560198022052,0.09096503896671326,0.09894025789128014,0.08232346024861925,0.11028078115721296,0.14161848841339664,0.1358058462460745,0.1927872388062023,0.1382744361617776,0.13525495372052143,0.1214635522257077,0.15299870531848714,0.16342205472060756,0.22377074797415952,0.1320728308367336,0.08257710799449836,0.24311605349250165,0.31621357732460253,0.21566266467818174,0.25120986348436214,0.13412113858404284,0.1484037109762213,0.22456247068353197,0.3156237979434482,0.14157688713386019,0.23105296628770622,0.1678482703706431,0.2845958705360154,0.19626908400481513,0.22226708549430585,0.10990823011180406,0.2058137285964492,0.24766220330588273,0.1854927800745677,0.2659824130492585,0.36268649589769253,0.30881514869975346,0.16606522646804744,0.2092279643847006,0.14892426370184997,0.19511476251281057,0.14774778312024628,0.14655311484626965,0.4949472379812735,0.320795199523112,0.41710586377607217,0.2848439555946056,0.4141109704840914,0.358062586581789,0.20190287918065908,0.5174996610385549,0.5202867499541821,0.32459932333681796,0.4116600062630915,0.4085487070858136,0.29669736477906417,0.3930806575406367,0.5640852635217415,0.2081163106401701,0.6041259790140663,0.7696264843897982,0.2638765752302681,0.36554109934779544,0.3732217039987068,0.2823991068261832,0.5078276407112665,0.19216212403444577,0.14810737584074485,0.28601924388141087,0.26929794908780336,0.29071007778090596,0.16667780865008097,0.19149453369651137,0.1842665617658067,0.30178075588625375,0.48301576179771444,0.21010915253864482,0.185030691343954,0.17862063490680657,0.17001940922898118,0.2713982526981985,0.18660533973600058,0.2972932627505982,0.23010081722851705,0.3758345345881108,0.1425477748442776,0.4309578471299771,0.15546044598502406,0.22351008265555794,0.11820458264046163,0.21744532967304186,0.4061020868894635,0.4646663104749609,0.2539624869806302,0.319363907798934,0.3462882677058883,0.18435671496365347,0.20950534265017462,0.21436587474546231,0.33183861073149945,0.17640633939688544,0.3367440865306027,0.4978999225934789,0.18594766178983846,0.1784441406564572,0.7834209773712233,0.6993662294356984,0.4749209397029328,0.2682721331492932,0.200478550490652,0.23982518896953953,0.3889198378361787,0.15592423738003458,0.25166610629966013,0.15823019451226628,0.4698873287348365,0.277991159352066,0.31083746427037506,0.20843074875459966,0.33487951735541777,0.19629600586336005,0.260717480751983,0.2937805331554215,0.23068408221175007,0.36784080237140415,0.2834062701813108,0.22541258235368622,0.3977579529271973,0.3221940651380625,0.20388706904977394,0.13471864363805108,0.2591301282562378,0.22879309003594672,0.28896594010480603,0.20255711707193214,0.24110372510319822,0.29990256708814,0.3154257478800363,0.30768961787458704,0.15251836402793273,0.2215380208236103,0.17580398942003173,0.15195423682535358,0.22301649338178264,0.39215323340730046,0.20562613051696677,0.26875945554114244,0.23787898048509581,0.32656880796729415,0.4069357689994825,0.37859755291078534,0.2175105214026707,0.2319267793509031,0.31256338352960833,0.2103963974884907,0.30250787513412514,0.28051288360713267,0.20928828404874755,0.42678196562950277,0.18825675356697702,0.35447424671986216,0.18949191954081968,0.22415774884172823,0.3815770149911776,0.26171204137877324,0.31645299019667716,0.4861428747708415,0.4916223817019013,0.43201883235882776,0.4835510103549634,0.4309591587217385,0.5033204904777504,0.4876073282171989,0.47335355676017443,0.44688883921534084,0.30967372475875776,0.6434733375110444,0.46837643176762167,0.6326838343374959,0.6749284461085209,0.6361660937740719,0.4851810247702869,0.42002896899191833,0.4733013844628311,0.6200290840027335,0.4360051336617071,0.4308677709355996,0.5471827953751233,0.4385204454279982,0.33974552228178323,0.3650404123090293,0.33662434214991843,0.35618639780003136,0.5923017371814526,0.3608764881788574,0.6429700908208796,0.27884748950825045,0.7367074860703253,0.43703502599329425,0.5644460684894925,0.5945989830177572,0.5222768827732971,0.36253231110100037,0.4035578297145239,0.7696264843897982,0.44514289776958493,0.8452041337255378,0.6277383133578739,0.3530807321251054,0.402978443730057,0.320795199523112,0.5568131702194291,0.6024743938812428,0.41301786280361685,0.3269558097585967,0.4116600062630915
13,0.26905499210271666,0.2352473467947851,0.511147948718188,0.29327575932370464,0.23479000887612733,0.7482828087385358,0.20383831242282613,0.20139585439290397,0.5067358161888551,0.2957827952726032,0.7063125494206933,0.28428334636206265,0.4081243775956166,0.2655332131139969,0.3013932507593773,0.39641522023323816,0.36072803904279693,0.28154166155767524,0.3369809922987482,0.5193712873471367,0.5046086312856846,0.13847752309603722,0.22206664579896196,0.2811719429490127,0.38064214560706544,0.8232923917187208,0.23544605732004087,0.18538174287479636,0.38864332208652164,0.18493445953221965,0.8006782653834434,0.3914862662553624,0.24021882220723612,0.2516145417597979,0.41424292450910805,0.5215696802453212,0.4210590334449469,0.5066632673607632,0.17271630660208437,0.32643070595431756,0.5,0.1502221466057979,0.49728814793126375,0.44272365847025186,0.8105727749241065,0.3743068428343552,0.3445910344614591,0.4315397375601443,0.4629093347276836,0.4163373412750968,0.18637414427834154,0.17831257963312364,0.11198969293999728,0.10540526747074142,0.10813078042606583,0.11704768708258284,0.16122540051381518,0.33974666455757063,0.15070959832223485,0.15482812281629632,0.14738618934271197,0.15350494983850282,0.15278677991383416,0.1338571109616723,0.08546955449488747,0.18680989286130312,0.10273280143471775,0.13972469007473387,0.14267416490255425,0.11368750283321438,0.13661873859096563,0.20955141769441032,0.1621037250727536,0.08099715665376961,0.15416490986656206,0.13794222286846414,0.08990415497719229,0.10873062388285382,0.11613161353671098,0.13328986448017854,0.1196447343522623,0.08165869161555595,0.13233708179755266,0.10755657198874846,0.165722699342149,0.10296840579650934,0.1946096664888355,0.1462719533000394,0.1496548089662133,0.1913922735977892,0.07443694058367756,0.10453432117988593,0.12015417499050163,0.137144840109224,0.2543499550539102,0.07957483232921547,0.1442926455935979,0.14403261539736356,0.14426734960186616,0.22450517741121556,0.366212633367075,0.36194362910250977,0.20443681284574944,0.3915280308416389,0.28194924458960624,0.40472489702332126,0.4998550936101771,0.6398900573184954,0.29637339526492046,0.3790167152874774,0.3654399241651415,0.38990325429893724,0.3857241372010911,0.3086164186285264,0.3112299412527958,0.38911713770833467,0.2930510495376927,0.4026693731172971,0.4507359641494818,0.32885594364467574,0.49923708655455135,0.3351537134409833,0.2142874586988276,0.8177467740124884,0.5499494450965163,0.598237920784549,0.43900650748766257,0.28854945628038875,0.32737639595397616,0.3420495785826003,0.45991406294351156,0.30201827881310583,0.5882968556328294,0.42460773297643273,0.3710300195843024,0.5243891738138826,0.47679926611099943,0.3719741310389594,0.31720219055431986,0.3687470795725273,0.397516038460488,0.2996900413538026,0.2719231442063542,0.42028732414995673,0.540496907546818,0.38026531742731207,0.23161623603015113,0.43639563194701336,0.31889359209443413,0.42397777773907597,0.14528992728116674,0.1379044953124796,0.15702586171899424,0.16929976826322868,0.1975723237731276,0.091861393154126,0.15055687202446932,0.134086007177731,0.07950573263742022,0.13336798048683285,0.14328942617143392,0.10123089969495369,0.15181482669646662,0.17758439386985592,0.11110991928783387,0.1493094588596855,0.14920811236351916,0.17775671829858775,0.16924330068695193,0.11335310496532824,0.21394841869467063,0.18283008314102545,0.2772856006075365,0.19964053696988604,0.19474019226726402,0.11469967374145373,0.19884068533659705,0.2105773305890809,0.22342222078712692,0.09606925149605194,0.1299788383602939,0.14884101892545876,0.2814794470485814,0.27448650245208406,0.14427524667680924,0.117447753587827,0.14621065714002812,0.1959390295416522,0.10923362716112683,0.4185143396452017,0.49735685159696696,0.7527835226493202,0.2770236978645112,0.439197144282758,0.5421073044485365,0.44015099833427496,0.8105727749241065,0.42204935420158707,0.5841619263953803,0.556982314860074,0.12179083529776336,0.2616093205665294,0.20241046539677,0.11479869169189394,0.1691016715161091,0.18251310995056702,0.1590951693509628,0.21872252079234134,0.23390884576024096,0.1788463389485505,0.1066510225182693,0.13921163649815727,0.15124884097136226,0.20336733664691653,0.14104215172972456,0.18574061040292467,0.17607378478477453,0.20581929264058485,0.14906625179737165,0.27405593217009194,0.2432228155825804,0.19780559388502905,0.13297975750096713,0.15849121272400213,0.2217843057059381,0.16799133082223794,0.2010840136824359,0.27190181384173373,0.19809598220557023,0.1198084388278916,0.1298383177293787,0.17781526906249512,0.1278502967750239,0.19956653663415813,0.17724189001621293,0.1429069382613244,0.17418444376977948,0.13616800488767034,0.22718324046249228,0.1788016777941247,0.20198688390351893,0.32625873443035425,0.1382065670030398,0.16781273727320234,0.1492147320531635,0.1189724512717002,0.21614348746990197,0.1962471180760995,0.12115274569369872,0.22059477644174197,0.1464446308163705,0.18378563345360055,0.20392002656469788,0.13578139132002998,0.11991936282688143,0.12735777002582982,0.15254143963018263,0.11828104913008386,0.15054858074214617,0.20527726419686787,0.06916397997906876,0.10546394833103923,0.09157247924919698,0.2655988325218467,0.10037821524232371,0.13050385744724413,0.1944106828529093,0.08227144525657226,0.1339974794221922,0.26307257433783604,0.12597750547413322,0.08419764469724356,0.08277869166799423,0.11823996988940233,0.2399162740601627,0.13364713223148839,0.2923907443468552,0.08324127799696779,0.14529111129361438,0.09541265250667252,0.21036062972454583,0.16422237009146,0.19691853139845716,0.2235834559752966,0.26461033790653965,0.09846302524472161,0.10381379606065666,0.08867478197748235,0.11718133212321169,0.1546028973562643,0.1450730136750238,0.19862531136129002,0.14686813070833293,0.14114818777808757,0.12571422995013148,0.16954490386838583,0.17132182832158105,0.24050918463262305,0.1442097672457875,0.0879695368345127,0.22484215409093333,0.3027694493741028,0.21883886689857657,0.22586605018592987,0.1313487318503792,0.1446059595016882,0.19669538817864884,0.2893689763596782,0.13879381299553417,0.21965601502099708,0.17277141703931698,0.2747552977232979,0.19346860165386626,0.22048064217178998,0.11122035996123436,0.18503561944996927,0.2539376001245236,0.17743242398671544,0.2474874799871748,0.357601198810818,0.28185088584997187,0.1715533641126038,0.18569815080033947,0.15209625019134798,0.19679718275938962,0.14957726949578887,0.1505883766524171,0.5421073044485365,0.3390512053940018,0.45309594488616634,0.3083644770699432,0.439197144282758,0.37657190225013826,0.2202114876000716,0.47545585573001425,0.5032585315709914,0.31159029390965554,0.4133248233714919,0.35370944543580585,0.2781995100429554,0.4343411272545714,0.5120895237420083,0.22412577679345647,0.5841619263953803,0.7222650253955278,0.2425154829072813,0.3483679862368839,0.41215557117168367,0.2770236978645112,0.44015099833427496,0.21139294321437663,0.1560065602586831,0.3151476075268812,0.30237919771705457,0.31630649857807036,0.1793813934972578,0.2101014580135221,0.2046455139464316,0.33325997084502923,0.5253151196545749,0.2301801183979203,0.19417514435131022,0.19218571871431744,0.18993383757811033,0.30093150700403315,0.20433933770240953,0.3262917717508107,0.24895787122532065,0.40369180568969953,0.15719196899361765,0.47958689152237244,0.17256229310366666,0.23378324379038784,0.12951985845697078,0.22816506229779354,0.43917645936198335,0.5088874121389946,0.2656096753535345,0.35972994775888256,0.3837924369503737,0.203129978474073,0.22986949296613224,0.22518016677616692,0.365809186177642,0.19700636562930296,0.37267466745823463,0.5445661345692724,0.20197548264721343,0.1974718977536103,0.8319488709133185,0.7478261018974017,0.5231948504620809,0.29808399369392646,0.22218942970993227,0.25503873752156714,0.43016356385112375,0.1718685323871315,0.2767113394393944,0.17351663199399092,0.5152364681038872,0.2549516788986049,0.30138546959275214,0.19389725495767585,0.29616484214419214,0.1819752645411311,0.24108264301692872,0.26976099099274786,0.2183778963044415,0.34314219485435415,0.27053446789665625,0.21176287589546328,0.354280121151202,0.3028616488271815,0.20056927810762315,0.134656519659195,0.22855104770777546,0.22377047175174458,0.2720009548259049,0.19263771664070561,0.22371046786464732,0.28618945796507633,0.29928097455148417,0.29496751406131494,0.14563210008655147,0.2031485791878458,0.17102990102259552,0.1520324797065039,0.2089841955054581,0.34507489005987335,0.19642363089132775,0.2414934026067347,0.21927060287157696,0.2956915474550653,0.38021143568790294,0.3521020404008083,0.20630572828845017,0.22037572441607656,0.28534335489838136,0.19643509726012043,0.2796585561849896,0.2576366878234997,0.21012284388252334,0.4067119782983102,0.17686094898615823,0.3168325827493509,0.1772675315758072,0.2061063727873078,0.3588043240954576,0.24850136913307708,0.2996889446090564,0.44684964251682535,0.46473333651283044,0.4061165215556741,0.46492887537250116,0.3921944189097545,0.4741659149712787,0.47493161369848447,0.43121821995292386,0.42990330679283917,0.278001521434463,0.60430512186357,0.39290562579501354,0.5940145462168183,0.6408612992784434,0.6119830735776124,0.4308496887128169,0.3594026041409706,0.43165363055941863,0.5455903942174322,0.42131217666843834,0.40666275022031473,0.5103226179412146,0.3984732809947984,0.29658263245726335,0.34826084148712744,0.3108372687282367,0.3134589129482669,0.5226765027662871,0.32149347445961485,0.6282361557408656,0.24775568463260345,0.6843598274515845,0.4026604467628241,0.5109187375486319,0.5770740831596308,0.4737718106321712,0.3863964882901565,0.42204935420158707,0.7222650253955278,0.39529769986113594,0.8105727749241065,0.5722585597674804,0.3523543402595921,0.3869360772951609,0.3390512053940018,0.46083855002562013,0.5681406861996003,0.39255017733199904,0.32399700539814646,0.4133248233714919
14,0.25442201237849027,0.212260108910722,0.47443670768068336,0.26013130032699183,0.2257689767418508,0.7733594994132591,0.19325800729435216,0.18899378467338657,0.4801692040204085,0.25563966246017034,0.7052511179965844,0.26857796844435533,0.41569163774544604,0.2506306485185581,0.2478169458230327,0.35767733079206754,0.31090412164610215,0.25355373350843513,0.307851823638133,0.4704713491806365,0.47978148622544003,0.13295248539181814,0.19439321457874847,0.24850609001178903,0.37150326112672993,0.8305849693853624,0.21036114334189948,0.1613327930764814,0.3649296102094052,0.1677436145880027,0.7811117176510164,0.3622738944186924,0.22681696945401963,0.22742552564644314,0.4045673206702963,0.48260064244086576,0.38764709276754505,0.4829958823228795,0.1701545485819822,0.2998535642216884,0.43678244708065295,0.1307980176874205,0.4753514968493201,0.4476969111853887,0.8476517542766759,0.4065779942853719,0.35980655495966496,0.4727064377529939,0.45351783810600355,0.42887282820456485,0.1947860903356594,0.18742643467646802,0.11854821763708512,0.11336899308475257,0.10915984801319589,0.12545356795761098,0.17128154047931965,0.3618628476088698,0.16032639638533552,0.170259986019912,0.154942838530162,0.15780592703684038,0.16633123499289304,0.1383118477794224,0.0904194505632232,0.19070741013528902,0.10720456934078415,0.1520147698328106,0.13368575613871947,0.11723544015741805,0.13812989363635064,0.21471320251912207,0.18008580445660072,0.08418991433739198,0.1503388631510303,0.14122206387709624,0.09539245467334467,0.11259250635587537,0.11529145139038033,0.13956881213539785,0.1180820839309229,0.08688043424814584,0.1243635466294456,0.10827295685660798,0.17972906693774915,0.10772576504619336,0.19644774298120504,0.15249290936105986,0.13903021468324572,0.19945083868436997,0.07918231423955346,0.10860731721916894,0.1258422201472944,0.14395218872842108,0.24970906479705568,0.08025452942713496,0.15001619381287656,0.15924880094722504,0.14612945532160782,0.24229848273600374,0.4006224487222373,0.39751340265037327,0.2259580394783668,0.4173811244906058,0.3139625264810584,0.4424670424051589,0.5427408379249354,0.6851973242470454,0.3193397678605536,0.4135783213606924,0.39507509075632663,0.4225534188268688,0.4206320128925868,0.3379996021700372,0.3413528651055602,0.4271669704848705,0.321184952628053,0.44244264072119976,0.4924676656766688,0.36304043318184787,0.5447976337989006,0.3667592918020025,0.2363660778926875,0.8533462387550238,0.5973490504693659,0.6473584977420808,0.48111076832442523,0.3183929266410309,0.35648819695106304,0.3780566973796782,0.4991023648395875,0.32645289036921243,0.6335022952353633,0.4662342159797831,0.4090448922046599,0.5705638604030514,0.5147954967144776,0.40201590347216076,0.3488052530552247,0.40373009916895697,0.4320854012768326,0.33092044265968434,0.29972840353840835,0.4572849503726243,0.5854078392318698,0.41922920841966527,0.25602165264999965,0.46983794601975937,0.3548410306241051,0.46684138299865996,0.14351092644612207,0.1268820235889767,0.15403758443195203,0.15664023219069878,0.1910120000861153,0.08918384421707704,0.14683859253111498,0.11856492630681004,0.08271613112812726,0.12306034536376109,0.1434340986238204,0.09815230468219571,0.14613126891506423,0.10567059625301423,0.10908674061883328,0.1334095894243098,0.13890986267137795,0.16888670713272902,0.1674968038416056,0.10949002829852927,0.21598341092190287,0.1607683087027566,0.25621210375383885,0.20389315430949362,0.16552293329383927,0.11189628940708962,0.1702953833907498,0.21651147137202365,0.2187931744183711,0.09077692034417206,0.12809316216361288,0.1463518799183886,0.26694949563040127,0.26828169173946237,0.1299782050964151,0.11758520097433811,0.15241300370159427,0.18294146787433485,0.10515709405609486,0.4488046020052988,0.5,0.7595816514663362,0.2622773051942805,0.4255402146427131,0.5359914396896703,0.46333772378709503,0.8476517542766759,0.39412057753689145,0.5962752547315313,0.6001504107024718,0.11194266070736902,0.24850414727940973,0.20121716484516217,0.11979051363566073,0.17516366865304767,0.1863741265514095,0.14325057270416353,0.2215186730663713,0.21242824361000412,0.1764006709300654,0.11008806308637797,0.1253940255854472,0.12686060020435141,0.1837062551286407,0.14124297072487335,0.19381343648009475,0.14822879912729348,0.2012946821022571,0.14310237369390943,0.2849115462280013,0.22820107800077738,0.19442538282940447,0.12591727056405255,0.12697607651057574,0.21423022652526924,0.151381116241722,0.19586823606792447,0.26008000869452086,0.18588534496867837,0.11622416157480009,0.12052071707917167,0.16561010506431562,0.12542729792148966,0.19312833483170633,0.17182091105116337,0.13106200437030602,0.16580593286647383,0.12818571161202374,0.22859436096809815,0.1758733522150675,0.20183756491502902,0.33085377349605727,0.13006694964175824,0.13854105762921398,0.1461398522356574,0.11158255954644836,0.20640572007566205,0.18937904563280117,0.11322983188327929,0.23692479969058544,0.15705785376365933,0.1939456454755858,0.22154881881133426,0.13828709238040737,0.12444369640577513,0.13200806279390198,0.1572044864711699,0.12306755080905762,0.16164953289279682,0.2242874817514553,0.07124703788078302,0.1016900569805107,0.09546490597084345,0.2783844884617792,0.10748861808637322,0.143788672928839,0.19499933750707066,0.08653309071151494,0.13827152095388384,0.2779704716227369,0.13604649764572962,0.08793261027429755,0.08737529470808991,0.12451211902253678,0.24351219689373593,0.1347110986745288,0.31425381386279083,0.08352789932369409,0.15914870987813667,0.09765325042500428,0.22903604156188495,0.16950137301791446,0.2093402495677712,0.24413534368575696,0.27716539298291,0.1012492781839327,0.11139237461550033,0.09298172667208704,0.12218824084300128,0.16267793324063584,0.1562501863410748,0.21319643700822388,0.15174301749803454,0.14752385366947174,0.13561844952085533,0.1643937955185375,0.17924051760551585,0.25653095375151447,0.14024013594964002,0.09315574828017448,0.24598528635189,0.32968158088121624,0.23703532086832568,0.24322496678876404,0.14286975293289317,0.1550400948380759,0.21561737036957562,0.31403219569192353,0.15272386426327522,0.23979909745124917,0.1758377960202,0.2874693560851609,0.20660372482970535,0.23126692523895176,0.1217709316744986,0.20232055299330298,0.2777718752809457,0.1926006063503628,0.2667088326251196,0.3877598325261825,0.29456373521588786,0.18022937397967642,0.20583644142113378,0.1647292468003072,0.2134641933297422,0.15367125984747254,0.1608484535920719,0.5359914396896703,0.3154617294567311,0.43179886852591665,0.29929796457673896,0.4255402146427131,0.36853671513924335,0.20456216324351217,0.5116446475756693,0.5107028083293701,0.3107796967887527,0.42639127061585647,0.36448361569719756,0.3111661838295965,0.3909472718737971,0.5162642949552769,0.20315249402356905,0.5962752547315313,0.7695676011504275,0.2641489302233522,0.34911592883024734,0.39328416966285007,0.2622773051942805,0.46333772378709503,0.20809994380627883,0.14085329327467855,0.2845538722720329,0.2893725940692826,0.3100719075693411,0.1614372309502654,0.18962223095514186,0.17758756004958864,0.29313989262023754,0.47012570579952295,0.1923908435812327,0.17200473782180836,0.18552735637018125,0.1665444990726226,0.26911436830956814,0.18299183887696324,0.28702540462318793,0.23238646240793448,0.3883129412131042,0.12786979655550523,0.47139440504134456,0.14256921654127852,0.2102134703088876,0.11835711420481287,0.21881143360970978,0.41982462871424864,0.49307730508933423,0.2605332451356607,0.3258575977779814,0.34346222092535905,0.19863601700374534,0.21683245773571225,0.20037683919488292,0.3328239604821873,0.18235475275700674,0.34848360031345327,0.5098452423666333,0.18184231090034197,0.1931304064087742,0.8294047206678239,0.7361223620769126,0.48245863138278744,0.29176799356440475,0.19069127281674902,0.2396235640847746,0.4282217149473513,0.15179943930262096,0.24556882759445775,0.16925031285983294,0.49526883551389345,0.2782782186754754,0.317795899506232,0.2002376300873211,0.3227452262389212,0.19705802246379445,0.25957871911615327,0.2940315971323173,0.23937358316121626,0.3754641472705543,0.28957934511483996,0.23274424446083086,0.39206626819989754,0.32802477245894945,0.21422637366586494,0.14226801455539284,0.25101144037131984,0.22750656409477565,0.29575816714231173,0.20798634432341379,0.24273546872429963,0.3058693260465297,0.328623403416362,0.32371332553665666,0.1541208608951795,0.21851899932329233,0.1876628595963007,0.15821087646298904,0.22402324593685474,0.3792734169438019,0.2088105897759569,0.26247661162334757,0.23397644567785925,0.32499430451856737,0.4073728901874222,0.3833223082573469,0.22183255022287307,0.23977645023866445,0.3109188637528656,0.21603655687342227,0.30288522250453564,0.2770476186406544,0.21537932670148607,0.43635507760122083,0.18658563550284324,0.34664700695010797,0.19262596477536065,0.2190880517508783,0.3930966854401927,0.27162572946724217,0.331204603225159,0.4917259954551749,0.5115921050269021,0.4465203381043351,0.5082546945475819,0.4253037385221323,0.5180455974452988,0.5220868546757894,0.4750366493901863,0.46497796503602773,0.30931175804690425,0.653273785147825,0.4301340409453617,0.6435727791303794,0.6878426960629972,0.6607990951001903,0.4581132585413361,0.3964442851532185,0.46002276501655714,0.5880759818728031,0.4647509706113706,0.44452031473756715,0.5583203884285173,0.44006660822033994,0.32042570602282694,0.38305467714704344,0.34347437366593947,0.3451247326920037,0.5692558079968233,0.35299131249415927,0.6774832372806588,0.2735270578166097,0.7274340895264344,0.43812400293058174,0.5588736137545645,0.6254872675589874,0.5196988994953411,0.3524689257708207,0.39412057753689145,0.7695676011504275,0.42984681102639777,0.8476517542766759,0.5836843572775448,0.33950999389365655,0.39334147571575184,0.3154617294567311,0.5026141404628984,0.5986887638724405,0.4034476538807008,0.3221253939821149,0.42639127061585647
15,0.20515001196533156,0.18510882753803437,0.4067306170683067,0.2273373698454707,0.16570394785889597,0.6221265445151445,0.1524347350293246,0.16443541543391327,0.36953304094626926,0.2276275857076414,0.6327440672294231,0.22582479657745047,0.33816286858589384,0.20972812593912926,0.22264089192097947,0.3017874735235946,0.27938085804357604,0.20382521150929744,0.27214159474575494,0.39220381477625654,0.4256036851792937,0.1025857747349761,0.16899646841014504,0.2052867027146712,0.28542288715639574,0.7063513467594393,0.1977262216447213,0.13452778685518363,0.29560740892128223,0.14163000905528278,0.7306967798976314,0.32890346364718526,0.1969484247564789,0.2047418630108031,0.32685854181261675,0.4078833596228475,0.36667372726726966,0.40071753394913523,0.13594000613125468,0.26108381771679645,0.3824925040777847,0.11172381745135762,0.42446580487572094,0.3551510986295878,0.8600315802688454,0.4176736308472231,0.35531256848600534,0.4872082100570313,0.44126237053178385,0.43379160211351386,0.1822633564407855,0.18900352286550426,0.11535349451763344,0.11424694513543177,0.10159438505077656,0.12640395121729553,0.1654422082537349,0.3637276944229578,0.1587372218140095,0.16626224958482638,0.1565476690758233,0.15487040475515124,0.1626912734185053,0.13605960135448547,0.08475101764313253,0.18764297675125485,0.10211106634037004,0.15058526244221326,0.13245696010764152,0.10704898986790845,0.12205554763631388,0.2049412257680322,0.1837524779041355,0.0828915398728357,0.14271864277500612,0.1398504077592817,0.09536210199794204,0.10753414905193959,0.10196386771753252,0.13299289704123063,0.11712082823384196,0.08227889749547512,0.12168734164742867,0.10363549140427264,0.17922755408425184,0.10602610570764537,0.18020970408610237,0.1381608834554272,0.13412544793445702,0.19926504876577666,0.07646852468386733,0.1080067553410019,0.12243932458097895,0.14398873911917132,0.24594412807495525,0.07813695555026645,0.14952431126968968,0.15840226421156922,0.13742505513906378,0.23975475292160064,0.41425484016236347,0.4107053484682177,0.23081737383275813,0.42706471322337547,0.3257447649072748,0.4563236469843307,0.5546377326605361,0.6999656872724146,0.3299366434877039,0.42601445167571295,0.40612219550356987,0.4331391382105092,0.432941400257736,0.34857480112322403,0.3483460318855859,0.44163664875537234,0.33002202859726415,0.4552773032569989,0.5071116439935828,0.3749934313478094,0.5602260122919884,0.3795030354136468,0.24154999127755683,0.865868050201509,0.6108777695552552,0.6638041517069085,0.49483165466443324,0.32863239217886164,0.36620118066305873,0.38919059286863134,0.5137320500180749,0.3350581814604294,0.6499658989602914,0.47952905218032904,0.4227991954621416,0.5859514477643823,0.5272853157464352,0.41377536145182703,0.3597198838753688,0.416578814602782,0.443003819565285,0.34123279717718935,0.30656689858783825,0.47046014907843337,0.5993601969890796,0.43288196029145576,0.2648769971916285,0.48080907328696065,0.3664676814295664,0.48217005616066666,0.1350481118764183,0.11015238814275352,0.14022770275261776,0.13932280845102085,0.1725330294145827,0.08650850080181127,0.13869071767787555,0.0997305142257805,0.07721868701971435,0.10400814391718227,0.13121294207345702,0.08701592302083394,0.13386935839503555,0.10405138789229307,0.10218861978348048,0.13196727256110197,0.12822868740144877,0.14806788037131413,0.15332123059792835,0.10202807351829324,0.20331026138430464,0.1383320616858098,0.24415371744055148,0.1915486977107107,0.15654241567359906,0.1008768985561268,0.16059700093348128,0.20463876023288396,0.20139295758036624,0.08570252855897431,0.11608897900543524,0.14119497995340813,0.23227031186787195,0.24988941490162897,0.11965820202364708,0.1084837967829334,0.14640977581004533,0.15193528676574242,0.0969866656323134,0.45720226905904404,0.5014508720279427,0.6894925375232592,0.24128358156884522,0.3513658603147868,0.4375293139014673,0.47010616314331144,0.8600315802688454,0.3596580810644403,0.581634183136154,0.6111141074172155,0.10062361821848387,0.20085742884595315,0.18382641127252275,0.10537569192741247,0.1433441378614586,0.1356117913749605,0.11510872275635342,0.1825314072583547,0.1875393423587287,0.16515475158117954,0.09755753661686672,0.11204973680200403,0.11068898599463117,0.1534114079274984,0.1252626325489451,0.16310059560726609,0.13467995154323598,0.16329973686032961,0.12051075361549346,0.22749116327104169,0.20176561882679767,0.16246584317406298,0.10687217667181292,0.11789329849686891,0.1915305256084331,0.13034725019513083,0.15904804730348243,0.20193067204223802,0.1795055283676792,0.09481144271825737,0.11372705284112394,0.14385322831977487,0.10665477816705171,0.16852786573259793,0.15234274009995685,0.12108757607514631,0.14228972276111262,0.120138983857209,0.21836433696611468,0.15857860343357033,0.16367195222630504,0.16628360636993877,0.11532758473106364,0.13000617802818026,0.13548718184207098,0.09739836808439684,0.18757617199497567,0.16664311618958427,0.1025409065031816,0.19165871175750515,0.15425219000702706,0.1877497783415184,0.22150830639092978,0.13586106306146772,0.12056670647055989,0.13311335841217875,0.15906015771661275,0.1246462558858612,0.1515900831419853,0.21811547483863614,0.07044742756924638,0.09728161380744438,0.09106990242643187,0.2852801733507626,0.10507931170175866,0.14026154895111675,0.19697168911870822,0.08582674569747273,0.13735178458491815,0.25576512734742907,0.13572594211569589,0.08581511746921455,0.08760472362811111,0.12234370429646824,0.22993477473650126,0.13106503381713563,0.3184892124733937,0.07751253844834682,0.15864491411409443,0.09479271825953506,0.2139257836406171,0.1592624407993325,0.2072073643349619,0.24723655962379532,0.27634800245730473,0.09728459742508755,0.10626886312596362,0.09198630506748073,0.10645465070260973,0.15305112465016657,0.15451591941643406,0.21033692917993585,0.15435745532403933,0.1321346565840109,0.1335538623937157,0.15380276547798732,0.1738917278451908,0.26187769258342786,0.1310443823552122,0.09049023847785986,0.2515725268169815,0.33718223247092205,0.2396885481080676,0.24830282002001636,0.14130353963384545,0.15725902334687103,0.22097904915689504,0.32209478114339696,0.15493977942906134,0.24655685324207333,0.17891362358634977,0.28983518241234785,0.21208175191113632,0.2314970212255999,0.1229063153440566,0.20514089129074597,0.28423856212481813,0.18971220035557546,0.2734166346627358,0.3927980290710059,0.3013455663579784,0.17428841981480991,0.20880547790413473,0.1595302474388003,0.21539811193477654,0.15244790548767917,0.16145491937616807,0.4375293139014673,0.2908741484870775,0.4016471637681426,0.22362110623504694,0.3513658603147868,0.3305171936693222,0.1863504583290354,0.5239688853425702,0.5,0.2920031378295843,0.39734311531710564,0.36279805749617544,0.320835765844129,0.34970766643427664,0.522384839932893,0.17643205819803398,0.581634183136154,0.7848494772220285,0.2645467581902863,0.3374358733602767,0.32066954288574456,0.24128358156884522,0.47010616314331144,0.1680270904695531,0.12347601492118043,0.21913041625730323,0.23075481766078298,0.2403809363595819,0.13942242665747695,0.16376763002795902,0.1548102840456791,0.22167323238096537,0.43293208167574226,0.17710612966770745,0.1638895675193356,0.17125398487447918,0.1548141190336959,0.23339776213749364,0.15098924885074938,0.24575726157869693,0.18578336076736712,0.3079911437127528,0.10785794757825395,0.3809786867323449,0.12661686180861143,0.18619034068847173,0.09404255958068042,0.17844691603441432,0.3394008771471143,0.43274450580446133,0.22570013871964623,0.2619019680582183,0.31357735181418356,0.16005930829149173,0.17782412993453223,0.1835453100887322,0.28982232966697996,0.15475429651880868,0.29368092500529985,0.46808458293782484,0.16103276108413467,0.15269646646927926,0.752662208668994,0.6969554167999188,0.38877972092010893,0.23236680588818148,0.15748519701127772,0.21136104492792185,0.3593546247558216,0.13803916586634746,0.2163976831056077,0.13647583920088946,0.4458681853219917,0.2824962760187083,0.32801647223517094,0.19578585916100621,0.3321300254974018,0.19470202051604957,0.26172685773538273,0.29440951055868314,0.24234001385587445,0.38351586540037497,0.2884630996894616,0.23328899083422172,0.40258415508570666,0.3357107272469029,0.2110369387986375,0.14420669494095528,0.2533280557609249,0.22790944552651748,0.3022962227021687,0.2122150080646179,0.24711882254400708,0.3089115260699431,0.33628409780011215,0.33309440079415087,0.15261523448823244,0.22146133853259997,0.18681176658705512,0.1532404339169373,0.222790924933584,0.38991909370797073,0.21210600718970962,0.2684396769114117,0.2358785771003603,0.3307052258389337,0.4113603153185723,0.3886560623554828,0.22250190935646208,0.24059210528876163,0.3145626700481844,0.22040915541416883,0.3110210955348669,0.2762781699882847,0.2043088820043265,0.4465434934589205,0.18894826187601765,0.3557943276748571,0.19072824904158037,0.2130515736052,0.40296180903083645,0.26957726272479277,0.3356431824287388,0.5085080722854203,0.5264001134175461,0.4598332096326828,0.5202764677001649,0.43495050332460783,0.5336463725319855,0.5391712819286125,0.4905189753653565,0.4778735185551153,0.31934298808143835,0.6691777150370759,0.442886125119366,0.6598818853112874,0.7042378448115185,0.6772865317361035,0.46373752585833894,0.4061665634620468,0.472803612338206,0.6043902170173996,0.48069187993926543,0.45847993156825306,0.5747783004787422,0.4547563612676555,0.32905076005467504,0.39529052961748357,0.35375269863564707,0.3555146525732419,0.5854730349032427,0.36370665940390434,0.6947671103506128,0.2832131411672103,0.7430349813826227,0.4518376638729994,0.573244944475964,0.6375150843102482,0.5336613984723189,0.3156510541885257,0.3596580810644403,0.7848494772220285,0.4404074039937089,0.8600315802688454,0.5805956942738331,0.32541699208278607,0.3800028614004526,0.2908741484870775,0.5171018534994705,0.6084395217530516,0.3949342296348811,0.28792168881369473,0.39734311531710564
16,0.1917219144390826,0.18359299151266284,0.3867148796884996,0.2210651938956224,0.14763011558492323,0.5963871711480364,0.14056361730632239,0.15307902739995494,0.3513151907172709,0.20916029183490037,0.6241982764037977,0.2018756248295177,0.31694713206964753,0.18670118742757957,0.20469594563269733,0.28727136415252263,0.27018143523112526,0.18848245632189908,0.2635318005807451,0.37755598986181993,0.4242968022778475,0.09274075467554699,0.15195905829304457,0.2002632339142223,0.25587315114851594,0.6816668701090929,0.18349185203953544,0.12753679534270723,0.2697132474222742,0.1333607412099138,0.7412275096759751,0.3265877201538917,0.17465646372054422,0.1914090575840547,0.3123840826313209,0.40197953312052714,0.36051544400370417,0.39273044909880717,0.11244769315194048,0.2444239154851947,0.3804310674059026,0.10125984102099594,0.4269981292634555,0.32153361374393497,0.8584982149415294,0.4179003175077025,0.33373811697130007,0.4923757351529895,0.4169009326082037,0.41369571064357624,0.15594111463248905,0.18137510617899133,0.10186999792093643,0.10653059988423796,0.09393199224351312,0.11607761600046662,0.14361771184767613,0.34310467556489677,0.13745864688801046,0.14581902212318842,0.1439149595506236,0.13776714264762846,0.13085066050233052,0.11675115855414664,0.07497303549551115,0.16119881741499376,0.08534802592689239,0.12718375697329554,0.12168694150468129,0.09637842199297642,0.10335338779476377,0.1834639775143424,0.17683512121522504,0.07602514112615111,0.13112399089672344,0.12881543301746257,0.08408350822919353,0.09527027134137989,0.08597445833202655,0.10870698344615626,0.10930474141796709,0.06719627975469955,0.11304429843481334,0.09126356106427869,0.1640917049447148,0.09574245186051622,0.16410339228536985,0.12335956685006821,0.1155787696457613,0.182102815742325,0.06252995358807356,0.09739222981830353,0.10873731580310109,0.14006185919889091,0.24025035762867897,0.06897400249888463,0.13480310144084562,0.15240213094962662,0.11729705756941855,0.22263471692599057,0.4166295892846109,0.4125249447987912,0.22650042177801555,0.4199168435118602,0.332093396670217,0.45989455921784217,0.5635655687695158,0.6984948306041978,0.32755897524626065,0.42353433043731703,0.4033100594898881,0.4272266128557173,0.43963358161130406,0.34834998063732214,0.3434615645938234,0.44783532176290997,0.31743946792409505,0.45813732828210874,0.5127558496619458,0.37385514913132223,0.5665794079772299,0.37981913777886667,0.2317554432801976,0.8707423034223399,0.6113152415175717,0.6756446584742426,0.501891950034046,0.3327022236397429,0.36322475854719805,0.3793068900663171,0.5088556348316176,0.33095664996284224,0.6566535614585154,0.4762765829575407,0.43012472319820283,0.5771424225005861,0.5256631173401707,0.41213735921588757,0.3534984891109023,0.41364691331223047,0.4396514947379836,0.3411534307186743,0.2946145270139209,0.47465475501192544,0.5835212464514861,0.4376467832858758,0.2709503353310425,0.4603039434490066,0.3659315273107392,0.4896504601797518,0.1211909287184757,0.10023824464466669,0.11818659231955309,0.126695498587168,0.15359532876892334,0.07396933014020468,0.11812562022695394,0.08232829096599359,0.06498858776815952,0.08886974350411869,0.11321711569937076,0.07604459104963346,0.11647308165094594,0.1021810209135322,0.09090232761084671,0.12218601673949858,0.1149152450810419,0.12868391291468828,0.12915914060331302,0.0922965887642434,0.18536120094487663,0.13456132907891516,0.21815615052979276,0.16475354149464339,0.1409050020747633,0.0890944203822942,0.14974275413042248,0.18948520325448415,0.1830196625173347,0.07891121287169389,0.10031912383871,0.12855592865414722,0.20132881036257544,0.2388453348308731,0.11142540349133512,0.09041844462288262,0.12660860154953024,0.13726677602845372,0.08684532810065593,0.43372334476343666,0.5,0.650893410926509,0.2299717142372104,0.340617720586609,0.4278123651352582,0.44852753893562636,0.8584982149415294,0.3283062457404895,0.5701005095753477,0.6001128536515075,0.08252111601432877,0.1825012661824421,0.16883124919516546,0.08717788788779313,0.1110674396648097,0.11394624952828503,0.10701442226256197,0.13487758783100878,0.17037568099165423,0.16034315794595688,0.08285023112668766,0.09605433017472997,0.09913914993282891,0.14162999590696046,0.10797026699401535,0.14275500464375834,0.12052357306967465,0.14854440321504137,0.10216949686621302,0.20763773664587792,0.1582127977446145,0.13570134070048812,0.08576012905837704,0.10907158816635121,0.17062199171747372,0.12134073966052517,0.13450827635148788,0.18104484714200264,0.17077600319517228,0.07831362328992753,0.10783275496563816,0.1286771621368077,0.08830916046793458,0.14938873411728892,0.1350219694910838,0.1083021667386852,0.11360239531046712,0.1101732436118893,0.20796209496796425,0.14421169453554583,0.13724646740046575,0.1498666283315977,0.10307068271129716,0.11931615009298657,0.11503751864220657,0.08648652107018162,0.17507047656181496,0.14767483364959944,0.08547870128205437,0.15349742020435586,0.13592438366745663,0.15128951935537538,0.1876190225210541,0.11893697321618468,0.10587685551194759,0.12159108040770761,0.142867876615143,0.11335842405415286,0.130578443810363,0.18704890575955635,0.06160013765092642,0.08118579494592615,0.06989623642240961,0.26630795424106346,0.08861012622882802,0.1234123473457528,0.1623742609617913,0.07637151881679416,0.11569976576385366,0.2174019178736728,0.11466619398099598,0.0711639845358899,0.07487540684053196,0.11023211218132478,0.1930923427010267,0.12020139530789353,0.3070239174831335,0.06597857818748687,0.13030591577371864,0.07957695176819235,0.17200942344283687,0.12270912736547257,0.17468200540097845,0.21897235689395855,0.2656348885401233,0.0832710679874944,0.08734030081805833,0.0818296631646902,0.08350960109129368,0.13789936897765276,0.1330195806954061,0.17963201402114037,0.1480440673640261,0.08267010808992914,0.12134435623804907,0.12667093884309388,0.14213445943153735,0.24423282095144427,0.10969151745356731,0.07851249203853394,0.24275486470301855,0.32570374572438165,0.2158657315600757,0.24290378383384903,0.12313652136508313,0.14730337040930253,0.21159262438147808,0.3126789911664013,0.1485315191598494,0.2401498087257934,0.1612984607544351,0.26693826504510465,0.20512968326658754,0.19673130300323094,0.10145760300992568,0.19191664683347487,0.26515497538249555,0.17131571713590743,0.26880022450197993,0.33619824282408484,0.2824497434043092,0.15982280585885655,0.19204535259164035,0.12941459664507926,0.19283623188129562,0.13817280404595422,0.14640782988599865,0.4278123651352582,0.27349799389741536,0.3993415793185937,0.20582229921270945,0.340617720586609,0.3188382941035939,0.1756812740563175,0.5247215776560668,0.49361151687220206,0.27514280873215957,0.35126068651594544,0.3559573233462029,0.3224589501408265,0.3484089236009208,0.5187322253980897,0.16238536420072025,0.5701005095753477,0.7912169489840104,0.24509863798001885,0.3198326110909694,0.30932893713890885,0.2299717142372104,0.44852753893562636,0.1422424579031495,0.11116017875385653,0.20729325275439292,0.21212882703974723,0.2114906994230391,0.1255170716010292,0.15324735947223034,0.14584756944530086,0.21044647548123385,0.42196170358707075,0.17623297642877644,0.14582140007223887,0.16096098748672372,0.15459737790593386,0.22495571006163295,0.13838869469849147,0.23824616715074498,0.1763862472476454,0.29444810339143357,0.10321514628271022,0.3733009133575941,0.12176064867264036,0.16989078433330396,0.08349296651796578,0.15584425124828782,0.31592111108320753,0.433421775439792,0.2023412952561794,0.25353862019886364,0.31240678528098387,0.14417582677152707,0.1705123671601282,0.15689871796883925,0.2869366627529658,0.1456337688219118,0.28624819256421175,0.4690145954668369,0.1475248206169697,0.14630779532488525,0.7459973765710122,0.6871279472682126,0.3838494841998211,0.21169773718728413,0.1477171185326267,0.20180042317828317,0.3286084673578792,0.12614263096152412,0.21068634273916265,0.12477629619802633,0.439545391244476,0.27142876918691716,0.31772757150511777,0.17311096530134862,0.32116060204297237,0.17557062805596102,0.22605041740506016,0.2722583545088434,0.22275189035635923,0.3468359544742965,0.2617491228733717,0.2061500241849128,0.37068168683878433,0.3179539075753599,0.16984750335394627,0.13156753572552837,0.23924104198303675,0.2092247636811907,0.2864295782942482,0.19800968481699122,0.22904559141198377,0.2881206528015645,0.32343606471748365,0.3230861427643569,0.1349325008666724,0.20249357509605714,0.15540247392214923,0.12836759701317735,0.20042986364253756,0.3692031138693902,0.1972848269213776,0.2458129293066229,0.20407689746018987,0.30248278783417526,0.385862468933145,0.3742345762199436,0.21257124188006649,0.21591584594923252,0.28739362473573893,0.20940265503015776,0.3058250547722856,0.25820560463633235,0.17835886419859315,0.41644064689924654,0.16658031928735906,0.35091572985140207,0.15552947539703443,0.18390764054726472,0.38850555649248686,0.2356016507984866,0.30963676817160557,0.5225260984121592,0.5292096497963705,0.45374511893690417,0.51198864141852,0.4213470651826018,0.5433385984509551,0.546426833429865,0.49969679821460966,0.4774534628387862,0.31174788207381343,0.6746665958093658,0.4400912847448759,0.6658240040959207,0.7155349927751586,0.6755890319746682,0.44136055338958813,0.39702286228159245,0.47359670349632665,0.6116149160685478,0.48741330889471657,0.4599805545287209,0.5758883941751669,0.4564259821501071,0.31713575862890786,0.39348196479454356,0.3513211072705482,0.3537472032020793,0.5858896696102248,0.3584288167683266,0.6995332990072998,0.27678505199104386,0.7565329309372756,0.4466933756197886,0.5773567990601813,0.6185703377844407,0.5402396863093003,0.29177744881406753,0.3283062457404895,0.7912169489840104,0.4332212525575796,0.8584982149415294,0.5775249482576565,0.30424597853577207,0.3424557920300637,0.27349799389741536,0.518625930108843,0.5908051773840353,0.35982417239375086,0.265111943639349,0.35126068651594544
17,0.21082663474636731,0.20444617141064214,0.42200464829572015,0.24482686765639194,0.16058119745281063,0.6358020374848953,0.15569824436038737,0.17074723994285068,0.3863209373462603,0.23087091674839066,0.6667194335125145,0.22299905287955835,0.34628475367071354,0.20419877850583656,0.22681952599408028,0.31601755998923586,0.29824968241876926,0.2085465511537654,0.28952499538767384,0.4125160685601428,0.46336864974954517,0.10007062494600749,0.16872435308373546,0.22278185918765714,0.2807853669993713,0.7259599181867964,0.20146728559264437,0.14144680049073433,0.2984327931799895,0.14752322170483723,0.7839139030592035,0.35990807012923964,0.1898745810192285,0.2114937408894313,0.34418872207846296,0.4414386380167553,0.39628858197332995,0.42920759573850387,0.12347239387948583,0.2681476077841264,0.4187693304773077,0.11178728126688664,0.4659519611077223,0.3536295736747507,0.8627224969482737,0.409198348226099,0.3293570549334026,0.48210098340664964,0.4363792954575666,0.4054804995082476,0.1650437569315052,0.18378503854326578,0.09698427678646204,0.10553975546182215,0.09318242275924071,0.11101784193931008,0.15215889980422836,0.3286989841182123,0.140353885063224,0.1444257090249601,0.14321531208931138,0.14271961780283438,0.11729959743159502,0.12209674385371738,0.07466180005858647,0.16807375411527803,0.0864633408864034,0.10849443497065692,0.12481425628286558,0.10087902357120515,0.10818505027987113,0.1913442756265198,0.16252931634528367,0.07644768572884308,0.13554720837503553,0.13051947370629002,0.08071656616956568,0.09733151346188851,0.08737208885159997,0.10725950481057733,0.11356996081177939,0.06736180321156726,0.1174797587880193,0.09364304680768354,0.16189117104333217,0.0975565593304043,0.17008954855744718,0.12350618134597369,0.11998313420054607,0.17468325770911386,0.05956927389454614,0.09642374213071803,0.10245236097776655,0.14077937610332547,0.24918386853480112,0.07002481315321862,0.13654605385182672,0.15367489602644757,0.12192762705291182,0.22705253824101979,0.42075203057359056,0.4134265238457294,0.21288179660435091,0.4230075594281586,0.3029507926698084,0.45536134235719516,0.5737932178003236,0.6944673873507767,0.3175649837926169,0.43349785590917966,0.3982368779740837,0.42668609277069014,0.44129834535447077,0.33970751210432915,0.31993506345359546,0.41920480542997773,0.30371585851137317,0.45853647709861556,0.5045038485983948,0.3601351309840293,0.5607525376171314,0.37362370714549764,0.21561729862690893,0.8788682158858404,0.5918279813888845,0.6688127376396771,0.49867933797641184,0.32529894591088226,0.35675621614097,0.3517228433159838,0.5,0.3203180613258403,0.6636283394048592,0.46482968518665124,0.4088285925062919,0.5236716583438326,0.5424215254630886,0.3744179102326878,0.3406079426035319,0.37690837386743403,0.43083967280735747,0.3202014796211228,0.280044024227723,0.4830144080468296,0.5571226972448277,0.3938548088454721,0.2681753565284424,0.4599242471593207,0.3212284581759809,0.4775158824358763,0.12822404206471127,0.10929474303949382,0.12710259315325756,0.13621914399800739,0.1635411562186163,0.07514790598460164,0.12783223482402917,0.09093558665610124,0.0691634559329507,0.09489649059870608,0.12005991889109746,0.08211851029028927,0.12354835605984182,0.11327994518627504,0.09537228328816094,0.12831036884144154,0.12050999030196585,0.13719712722845112,0.12867351330838916,0.09274934803307522,0.1953389696529937,0.14877832160207216,0.2337426107961602,0.17702885307728145,0.14932594176464786,0.09415699844467906,0.1605940863708708,0.19242292610864686,0.1918256754245079,0.08529276532940067,0.10402896713903487,0.12979557308982026,0.2117912520410189,0.26084751121797767,0.12113049169899637,0.09247883989280992,0.12655449209892966,0.14818583503776261,0.09083344823122741,0.4386778963264466,0.5113324727511814,0.6914909643990339,0.24136616812168699,0.36654758230948903,0.4621589638464779,0.43982648243203437,0.8627224969482737,0.35512379291850427,0.5922140852752249,0.6054234248017871,0.08640175394749228,0.19770423419374483,0.17179027906298172,0.08775725537719004,0.11550309491984156,0.12129559837953496,0.11705037783586514,0.1442057351777476,0.18168940001324185,0.1700982966871426,0.07961656020877272,0.10418126874292699,0.10851892215540293,0.15571715792013285,0.1116531778984966,0.14282293142476898,0.13277067893649896,0.1631842568255224,0.1094344915310691,0.21631640343599534,0.16468110511641865,0.14630516204148525,0.09409240210083136,0.12050926925680838,0.17985214677483174,0.13224049722915765,0.1416088606150625,0.19328384752381622,0.17408154545504384,0.08365201164617742,0.11605029663145483,0.1363192482958776,0.0902144413747401,0.1616320362471081,0.14077922842570856,0.11381612013693276,0.12423003128463317,0.11900948956687785,0.21534307170447864,0.15022644729056767,0.14327934007530163,0.16395755494065045,0.10919598582071666,0.1306789309640488,0.12326436266775043,0.09226426453299641,0.18557147120113504,0.15480462502572911,0.09344416766951857,0.1605581235062571,0.13858150893804333,0.15591338633997398,0.19086592710816486,0.11980933343860345,0.1034114025623516,0.12526067308482214,0.1462116103692056,0.1158823320275385,0.13183645267310806,0.1855286680383158,0.06285275583263883,0.08650827671185579,0.0748466780006406,0.27291659330610973,0.08892604443671925,0.11767776813307818,0.17636774704422475,0.07838283996828643,0.1187243672146594,0.23201186106409855,0.111753077231448,0.07288177875115531,0.07435287620304709,0.11760789346129663,0.2017478356577157,0.12779718301114062,0.32822776026477696,0.06754822387854809,0.13040987702312057,0.0803458726415961,0.1648542177954868,0.1252685381140396,0.18587199418846578,0.2217074369599642,0.2787390562948455,0.08636847859815444,0.08848408929702589,0.08867022747420006,0.08405807213944816,0.13895433424750736,0.13195367085572662,0.17316021687171668,0.15797203964024953,0.08411996865451055,0.12006315272918133,0.13464691950660312,0.1450725297020552,0.24585743889210188,0.1148077582406215,0.08050976206578841,0.20393750527804244,0.3074745949284078,0.20148532997165614,0.24535741291401392,0.11777854438547963,0.13569056750803743,0.19705792861456906,0.3055276287487798,0.13932430635110837,0.2235375716097595,0.16433345669844235,0.2627173317481193,0.20496916743796267,0.1910274531270425,0.0947885491651651,0.16892106638971083,0.24985131753937984,0.15729774367988614,0.2598505051927614,0.3117418111405281,0.2760276268027947,0.14791798730242234,0.13463344827901147,0.11831338095138777,0.17922803817325972,0.13848276787335856,0.13562417827001494,0.4621589638464779,0.2994189097794746,0.43221763968889615,0.2251076281540777,0.36654758230948903,0.34173009936821586,0.1913055122830526,0.5249549668031239,0.5171373542815207,0.2781163853978338,0.3577157134856743,0.36074847453384906,0.30760774387706125,0.38168622753399284,0.5367358302762131,0.17573313196478246,0.5922140852752249,0.7904417697592205,0.23075467970430064,0.3262552441428461,0.3363420534748993,0.24136616812168699,0.43982648243203437,0.15457342628946746,0.11665340107852662,0.22595463431795315,0.23226580336829472,0.22649979789212404,0.13487596779610744,0.16568090920062928,0.16164227458926683,0.23160999071791988,0.45351672346485794,0.19477436824191696,0.15262367714227953,0.17377761171955852,0.17094258260012762,0.24701098930217424,0.14947628228202936,0.2619045808078294,0.1917850602654272,0.31793183926786794,0.11321766522155352,0.40842554273285336,0.13493117476356253,0.18225985581971027,0.09065888070501849,0.16549682845538716,0.34077368188316637,0.4649727738149835,0.21329294640425833,0.2794622488035692,0.3434770360733701,0.15707329521357016,0.18551817518241442,0.1696533681585628,0.3157955698160746,0.15976490241398722,0.31113100853870423,0.5101174815625149,0.1620686254642838,0.1584080124280023,0.7867311526014833,0.7295569549344119,0.42018107122750237,0.23177420031286267,0.1628684365359414,0.2139136660812785,0.3545827496166444,0.13710055425470513,0.23169665888567548,0.1325406549126643,0.4755437441100051,0.26139199161299254,0.32364440764084423,0.1677660692595565,0.31906107328371736,0.16757103341898139,0.21242803426853973,0.25880072087966965,0.2187184448237609,0.3272718455223006,0.2568940500048653,0.19993573654171304,0.3348844860998752,0.3136782640617034,0.16434974094449495,0.13257334241563945,0.23031762199312733,0.21255374469127186,0.28300651185683,0.1895137217772117,0.2281195246664065,0.2880292897204313,0.31472334589814943,0.31976601147474326,0.12855699111379348,0.19447912583648286,0.14656759768723715,0.13141423504409544,0.2015817728637519,0.3369175723804021,0.19512533033854307,0.2362812474664071,0.20330038007032558,0.2840653332041819,0.3810187656543592,0.37071836635719957,0.2124339261242012,0.19538817587951207,0.27984534513693393,0.20107255327061258,0.3084996797525311,0.2436072101255743,0.18102479217901435,0.42042801811398123,0.16681457395196686,0.3403169775799376,0.14784773758010328,0.1764377266856123,0.3959821480004394,0.2219065490941351,0.3014609738620133,0.5149130055864529,0.5029306269394793,0.4253720022624926,0.4890825787976526,0.4174468389463407,0.5461726170260379,0.5354073981296184,0.4856046303673789,0.475082360778215,0.28732155872009124,0.658594484089701,0.426539358357512,0.6479906683597001,0.7400761231579414,0.6588733659434485,0.43021813143055376,0.38184550189352395,0.48551230462619244,0.6350232233419593,0.4988848912106071,0.46233472024823574,0.5511209218783529,0.42672200524574866,0.29989070125245565,0.3896816441733375,0.34562755695213,0.34297734861921225,0.5689411064224956,0.3565226535931417,0.7004281141333286,0.27295906416462323,0.7714583313285206,0.45729325855199,0.5684245958357643,0.6155163572356599,0.5307292648895503,0.31602966077922,0.35512379291850427,0.7904417697592205,0.42642313193969006,0.8627224969482737,0.6027428421512776,0.3190014512139384,0.34492060877659714,0.2994189097794746,0.5199692950942894,0.6086898264722166,0.3686442576311333,0.2815350407839693,0.3577157134856743
18,0.18123778813878322,0.16977497804495045,0.35968916058403844,0.2224405777733679,0.13570191865764403,0.5899939479604535,0.13679183428873165,0.1547101538868899,0.3287150471797827,0.19179759465311041,0.6407978001814816,0.18347290640741376,0.3214192480945094,0.18427423572391433,0.19689723131782055,0.2784889602726991,0.2624481757113848,0.18038341227949506,0.2483794591515186,0.3402636970482177,0.41129380568429996,0.08330015009214964,0.1422317440047398,0.17335034532841276,0.24441714236471968,0.7001093526986064,0.17739181537459847,0.11664003823022284,0.25550654220698754,0.12047773686907082,0.6878681896898304,0.32427169679224477,0.17073323280754515,0.177509643468431,0.3050195162293511,0.3801314490113509,0.3581810348673983,0.3608981867961457,0.11094236584769457,0.24189664309085634,0.36294118335966397,0.08987641012820802,0.40259104860219697,0.3273298980305517,0.8638105958279454,0.4072044490090675,0.30616314431544445,0.4856497235751165,0.3986977597689333,0.3961301735923094,0.16134586219335256,0.17791694922302936,0.0912203175195857,0.10063908866806193,0.08076909580699065,0.10815095482365422,0.14521771308835096,0.313970938862439,0.13635897743992875,0.14107874165701695,0.13570949806580135,0.1310688945719376,0.11453940478451363,0.11463544708602658,0.07073985621968115,0.15395246969293763,0.08087096233501212,0.10543406949505052,0.11052524785690698,0.08782164306934659,0.09968937049415727,0.17223090126781126,0.16256694909188485,0.07218282519985864,0.12033998518337086,0.12303636004599083,0.07658284297754481,0.09278865195328356,0.07599064210417605,0.1018661218119169,0.10524285250150034,0.06353800084130357,0.10538539837753957,0.08683102660667497,0.15932563171268643,0.08930665455201936,0.15727617938466643,0.11156740198309234,0.11135161850369268,0.1690365200108176,0.056208177233392775,0.09099705298672789,0.09742097948360484,0.13290884340687348,0.22556797529670602,0.06559195595965606,0.13162498483368978,0.14850853289111177,0.10357968687435071,0.21985126383679887,0.42318617435763717,0.41503547895487114,0.2108189913469487,0.41372800817865096,0.3056185217012324,0.45787855410497813,0.5747206615586287,0.6970507690098492,0.31676945735566975,0.4361003249213773,0.39612503558188983,0.4258621987215855,0.4401498432817311,0.33989172194663775,0.3191986651919898,0.42109571154534653,0.303556031686231,0.4625988455077351,0.5077747553627245,0.36249881321487076,0.5638846813840483,0.37490492753879723,0.21473172268073382,0.8795776347641999,0.5952395283555376,0.6728709801351836,0.5,0.3271716500238313,0.35630897271630624,0.35376187044743157,0.5023960580932878,0.3181636888970658,0.6665786580367539,0.46815568793556495,0.41105528826366966,0.5261794638652963,0.5434017206740198,0.3701508061854992,0.34325705088022174,0.3771200172641983,0.4267837818414685,0.32075208348642037,0.28036449891624005,0.4822114714639195,0.5588416857062506,0.3961477512637914,0.2689518696753914,0.4576549795455468,0.32423476619247493,0.48156391080124983,0.11640859207813081,0.0933416127637351,0.11814926409264803,0.11627674753686024,0.14513240715723252,0.06737181651089097,0.11801841514534306,0.0733970355623752,0.06397124339165494,0.07983989131147573,0.11016674754892797,0.0716130469765407,0.11000191365891832,0.09262549294857969,0.08437676015820161,0.1125680065356166,0.10849976998915101,0.11981886228343464,0.11442770507693789,0.0754650331149801,0.17259501174828984,0.10785671584226508,0.21351286785136248,0.16363300763236743,0.12759322561394726,0.0809887870779642,0.13418944384328657,0.18324117395397477,0.1767023492425448,0.0766223143150363,0.08967223815826686,0.1149632200560643,0.18714609856803022,0.2383214514994857,0.09072531161347897,0.08096105419967392,0.11904583770234434,0.12384833142319751,0.07648526245917708,0.43431192674467356,0.4939553930196824,0.6635191831560996,0.2137531852319079,0.32312047664893273,0.4212894894813538,0.4316931849156562,0.8638105958279454,0.3238696653413575,0.57676110236166,0.6068538204622451,0.07290825751014007,0.1739906819833964,0.14927336901983213,0.08345772493123005,0.10816805280847863,0.1048618981214644,0.09633208296807128,0.13369177323237458,0.16026793217983892,0.15440433938496023,0.07241351990102296,0.08838459141991917,0.08504694941439861,0.12294729784372538,0.09877609319195213,0.12846967824527522,0.11677013173276052,0.14675275565008872,0.09686153495959948,0.19124074800102597,0.1488061973674446,0.13456210894074605,0.08405923516604596,0.10159865263248635,0.1612002421075368,0.11407558663943596,0.11856599247405053,0.1609583856116964,0.15593342522832243,0.07423906570796779,0.10001170022981676,0.12154157559450407,0.08061217241537744,0.13923066857512223,0.12771056443432793,0.10103081689059579,0.11102194540589472,0.10705603999570745,0.20300899027973351,0.13443688193625414,0.12548732352350078,0.13923289738659572,0.09073855483381599,0.11044460994667316,0.11517024606814097,0.07794672172870254,0.15925579986915084,0.13639236500601837,0.08458504031987779,0.1529874578485403,0.1349266579796864,0.15030429408830015,0.18977616948244014,0.11224568270881397,0.09780387515756328,0.12155734764660786,0.14064155008429435,0.10874569758332508,0.12625697334730834,0.17850362260725505,0.0594068383822951,0.08091069700614739,0.07189295665711981,0.2680705494962222,0.0863555390994909,0.11501267351276012,0.1719673064379983,0.07361406446869967,0.11116055132920999,0.22452852146624835,0.10978305933245791,0.06965551923177626,0.07011886468885187,0.11367526479983026,0.18886756663614834,0.12003389217125549,0.3234622378121471,0.062141103293351874,0.12921468789773838,0.07381705453517728,0.15847494550698848,0.12055970980730668,0.1819640625581358,0.21885445406517434,0.2709677013948897,0.0804596976630737,0.08601888328303142,0.08564679679608111,0.07875660120317252,0.12610445621332067,0.12745427057927816,0.16942885377029726,0.15109849792651897,0.08000553650686748,0.11691521029115504,0.11851415950000344,0.13922711150523548,0.2393534203193015,0.10655092490816609,0.07639229156437066,0.20031745240464116,0.3016643440167568,0.19473444279766716,0.23853049960422024,0.1158809869526709,0.13336422736546227,0.1944066483086937,0.3008347638741904,0.13584959388226603,0.2230083320719648,0.15869264453366316,0.2524350295507951,0.1993539025850708,0.18179004060032233,0.0944607661679534,0.1660720592968743,0.24772157473113277,0.15261438189205667,0.2552516614963839,0.3040927487745023,0.2697288454324941,0.13890991807711894,0.1338720784981836,0.11536686895932391,0.17580177208481185,0.12974797809041216,0.13187414082496018,0.4212894894813538,0.272602504490989,0.3550901310097595,0.19065896122085468,0.32312047664893273,0.29472097865752467,0.15360076011411472,0.5225773110798616,0.5009885092346824,0.254103545823963,0.33093185670622915,0.34543511321666087,0.31037611741333937,0.30281567921661745,0.5218975889202251,0.1449852722784145,0.57676110236166,0.7949098623937075,0.22801229724030436,0.2989071912743576,0.279242671566479,0.2137531852319079,0.4316931849156562,0.12048477173486405,0.09018317158946221,0.18515453804891713,0.19563057590020239,0.19325375969975622,0.11188922228045561,0.1342887765755153,0.1293125389593619,0.180443158152073,0.37096529689504265,0.15516121197887245,0.1279856709054482,0.14394646801895405,0.13187137192233345,0.1882434030442488,0.12581696015310895,0.21835822145586636,0.15575367784413707,0.2763216104533117,0.06893544619122749,0.33934091285388757,0.10539882898263953,0.15528107852429052,0.06628286659565219,0.14012063341034076,0.2952994921699027,0.3932346313108266,0.1904682157354095,0.2151963036069482,0.27922035840203974,0.12098957370446661,0.14197054376003282,0.14565109520888864,0.26895462291272854,0.12645622991109107,0.24271353786554262,0.4485284118834364,0.13675774987637423,0.12222815523923536,0.7289497306756771,0.6341383068787476,0.32829379373810164,0.19997481236408732,0.12785863345333282,0.17054331292999259,0.3213121292819695,0.11487487164052901,0.18757913051034714,0.10145361170530598,0.3861266143686285,0.25700520617383893,0.32265326215061385,0.15941765804155317,0.31860948784916343,0.1642880923408293,0.20748184882257825,0.2591032212719291,0.2184376293882908,0.32801932282553237,0.24588948376966224,0.19908319070233993,0.33776814585814774,0.3113720213287615,0.16239016761490754,0.13118734033102775,0.22905607970239594,0.2049542271157977,0.280347406249959,0.18659530838679617,0.2269657290749002,0.28074080219676734,0.3153631262703722,0.3208558345277319,0.1238850495822682,0.1913368932017525,0.14418130496092596,0.12645620324786866,0.19732627924423074,0.3390988271133034,0.1930181156167441,0.23444037795297035,0.20163225284332897,0.28403218589175905,0.3769253393006454,0.37014023198174584,0.20657506525001845,0.1935259164510138,0.27555272539291964,0.20069965109910892,0.3061018948174268,0.24120525338592191,0.16814384307981756,0.42061394193155865,0.16447288341982813,0.3404964416082765,0.14575311895326482,0.17192388573695616,0.39662030692908856,0.21800928535853203,0.30331164743999084,0.5198473699922512,0.5076642987396918,0.42732235806137264,0.4922658204276036,0.41469539474664296,0.547534608408182,0.5406832080311275,0.4897721586662517,0.47401257871542457,0.2899969280918614,0.662662941487112,0.42721006513158644,0.6521911682812813,0.7429074559138122,0.6629399625951968,0.42149503853744086,0.3835037877175055,0.48474290754087446,0.6378356903835589,0.5037850288100276,0.46433200290375287,0.5554611483407977,0.43029789406442065,0.2963028105261989,0.39149357051869327,0.3470005076977579,0.34278116699365113,0.5735040838021448,0.3583970583459526,0.7055483168862516,0.27514575468309777,0.7737805665380737,0.45892701583039897,0.572868771556146,0.6176160614372492,0.5352630376085484,0.2682006154751363,0.3238696653413575,0.7949098623937075,0.42574593346655276,0.8638105958279454,0.5857022712197644,0.2909544715133544,0.32454643902425473,0.272602504490989,0.5230047250144698,0.599665279482605,0.3535384155511,0.2527138075534724,0.33093185670622915
19,0.2054126631188985,0.19399514425134867,0.3988821533486757,0.2514483754845881,0.15204877655180005,0.6401709902632872,0.15473621206173083,0.17692921996676558,0.37013792084001385,0.2153551413998368,0.6943508579451754,0.2079914214534424,0.3535210289211733,0.2077186340505841,0.2231949433735666,0.3114423517507511,0.29210887956677556,0.2044605105289906,0.27910061201182623,0.3785978799592745,0.45674951058328306,0.09132390975088611,0.1620302194173302,0.19885951854528106,0.27678484494918576,0.7545989470179669,0.19912340793660022,0.13229757242315543,0.2895203803192603,0.13746122790841497,0.7444117116708135,0.3630064363718416,0.191689977314916,0.20094393309782066,0.34364293948319213,0.42828706435725017,0.40494368097708666,0.4044738258965447,0.12470483770567531,0.2730117514320526,0.4078685049620616,0.10216510593942696,0.4485126132604824,0.36660622363293427,0.8792995452137198,0.39922892312456293,0.3191845019187738,0.4927683271962525,0.4179923977124427,0.40841531071207426,0.17300342895305088,0.19190920581368343,0.09738715563296785,0.10434290481585584,0.08832234140117057,0.11576248682313073,0.15781510820801126,0.33880458391625234,0.14434740298043292,0.1478000952947227,0.14597717454743275,0.14557361295802507,0.12304525000031752,0.12646469261020665,0.07513136651567454,0.16973821403039913,0.08743526827611536,0.11347844010091623,0.12185223375582599,0.09382503774216167,0.10527343816116819,0.18772486315433756,0.1653777257653669,0.0749312914349648,0.1332402094580334,0.12940760273226548,0.08054290409990239,0.09664790353095898,0.08405356229153649,0.1103811799692177,0.11365961503725597,0.06781567635647745,0.11368717943894369,0.09528155899383606,0.16825950447239035,0.09619416617252341,0.17120694004540638,0.12151018708259798,0.12325564295585201,0.17442863601107683,0.06018056024738738,0.09719241141507473,0.09906116421093403,0.13878820566387606,0.24433064748211275,0.07057213882946078,0.1423048678480563,0.1506750620537597,0.11486224350619822,0.2313808407280471,0.42983878703142453,0.43093405344883406,0.20842506456688925,0.4353350200560774,0.30053034420378977,0.4624693426259552,0.559881510524287,0.6952935803770317,0.3198392191718932,0.43796078625982404,0.4118520632046543,0.415215727090376,0.4576090378283565,0.3382632273844727,0.3065904681103039,0.41775844228297,0.3174144990191502,0.44746497329748014,0.5119341724688607,0.34110022202955415,0.5437917151406284,0.38843991405608,0.21758225831458833,0.8964281259041604,0.5976173953370574,0.6691228879901703,0.5063967508142306,0.32710771645977565,0.34064037238914224,0.3479337968066746,0.49894912470143493,0.3141372163684446,0.6860693981809363,0.48121480805315286,0.40625241681526714,0.5320174085530135,0.5429687629931678,0.3848432573318802,0.326391495423603,0.3819453040287274,0.4324987205485644,0.31094925142159413,0.2648672086088266,0.4761097328286251,0.5597106620214278,0.3869186207207723,0.27235516209920796,0.4565586514000418,0.30426488927510353,0.4592090017818907,0.12411855097796087,0.10372190133504322,0.12512550883513118,0.12554099388743978,0.1575610442073878,0.07229625843877452,0.12936568594049225,0.08215752529308717,0.06627982782364827,0.08891003820676069,0.1190241831737725,0.0769817224108762,0.12170375604395234,0.10537742956473761,0.0935043406168834,0.1241255220087929,0.11611207630313947,0.12948619981473808,0.12369015180451082,0.08299024318107107,0.1930456516666481,0.12207355476139836,0.22538959849504347,0.17772162907122213,0.13902314413744765,0.08877701174102892,0.14890002612596676,0.18675288090130604,0.19175619181516546,0.08471546781895811,0.09822842702018109,0.12243749385481772,0.2025779522591401,0.2538156833481796,0.10398322512131919,0.08827627109460623,0.12015748713639585,0.13755088487578182,0.08327295529132239,0.418607157690558,0.5170380709415316,0.7098117831990285,0.23362715437912052,0.35485598395419005,0.4684458553066627,0.4463243913279008,0.8792995452137198,0.3492105938528025,0.593354224747876,0.6328255171255559,0.08208356636844616,0.19597590571007872,0.16459221913106536,0.08982237233419432,0.1190899608948327,0.11575781803372631,0.10658966374781609,0.14596051147340605,0.1795984169729532,0.17186295407854713,0.07761117020996111,0.09892351406564215,0.09716071410188121,0.13883764417305489,0.11132025847776861,0.1353329238049018,0.13230502070379202,0.16612642420547807,0.10566732798259948,0.21162971545227294,0.16431380242317895,0.1489084840254149,0.09594313992473369,0.1162628289205545,0.1790348829722691,0.12737133374038656,0.13259242005110727,0.18021187082819068,0.1738552017994186,0.08169256748423392,0.11330876799143308,0.13186035832859888,0.08904652502017207,0.15663319375670526,0.13943448136133285,0.11283608148621438,0.12457973591947857,0.12116664176979508,0.21362915261740112,0.1456169781240253,0.14255872658254876,0.15624427568427324,0.10232763874164541,0.12594516179812065,0.12873062318412098,0.08596061091735308,0.17634420153760677,0.1449012331388937,0.09478549720580332,0.16456072611062578,0.12794657815814625,0.1533492701523438,0.1876190581472753,0.11545906178446452,0.09767319817145681,0.1256600647896433,0.14138842372142224,0.11209984820791707,0.1252804518902355,0.17793533827797925,0.06119709530053452,0.08584634571831329,0.07660879795316244,0.28305557249472346,0.08707907205647136,0.11129535366657328,0.18032696641993962,0.07692161987560386,0.12260290694186693,0.2292760324918749,0.11376479238312864,0.07274755779742204,0.07477774590838615,0.11788414092894817,0.2035216441933113,0.12836591815866372,0.3182948291645622,0.06482071440479742,0.12009319887758652,0.07863799123754311,0.16215970479506658,0.11997097924412459,0.18741193254836297,0.2255570814984853,0.27994222055702955,0.08381378078708424,0.090599124586902,0.08888993590954597,0.08218842317048747,0.1358084657922879,0.13227030154994646,0.16386029421665915,0.15894803673115188,0.08549696132413187,0.11781439629245527,0.13084312376584117,0.1415170838935882,0.2538636032629834,0.11520520327145023,0.07673308434599502,0.2057906916259159,0.32010326155682123,0.1996984555986674,0.23493655200660157,0.11073757981723376,0.1365238301727152,0.19138593715192787,0.30430137552185366,0.1388238575922538,0.22621471564153584,0.16676390224512894,0.25923743103134966,0.20652236952249925,0.1954988086836852,0.09622890498706083,0.15712040715704578,0.24811060851196298,0.15048781727803362,0.2540250615986991,0.3153302728127466,0.2774295755573045,0.1411841275722009,0.1357428179809258,0.1176810066692332,0.17760456680421766,0.1358462092186633,0.1402012427236211,0.4684458553066627,0.3011239145783976,0.3976593005981759,0.21481958979161564,0.35485598395419005,0.32670573978621675,0.17545255686771544,0.5339179489703962,0.5353988778519623,0.25564004460443857,0.3526520452191084,0.33383382359599745,0.27560827852686864,0.3416557463032912,0.5384056566085001,0.1648330844572068,0.593354224747876,0.7803035725914622,0.2191557411572772,0.3173290853946773,0.31565374733745044,0.23362715437912052,0.4463243913279008,0.13713150673570607,0.09987049463899955,0.20556012588050443,0.22333869147789698,0.21367247261948652,0.125875923186334,0.15253116568324054,0.14819339401911735,0.20355249741897652,0.4139794717703853,0.17595456211145588,0.14366496218277336,0.16211509008491387,0.15171652040153083,0.2142056492907498,0.14166064855055138,0.24512888390203758,0.17515234741459407,0.3080072840294865,0.07888266996080895,0.3842423522294388,0.12024908843794724,0.1699713178998854,0.0751181453168428,0.15426103293105453,0.32415697397252885,0.4400696663977294,0.21154812403185352,0.24635449309261592,0.3174758387266333,0.1362343956380906,0.16067437181869149,0.157756005841297,0.30390051849690525,0.1448403106534898,0.27576350112352865,0.5,0.15456339912816408,0.1383385716984047,0.7820858354786842,0.6897500614428411,0.37058839653419906,0.22599206331823385,0.14519990520835724,0.19102410896418454,0.3602729879912161,0.13074767788490615,0.21324869588846918,0.11423378401395423,0.4338910083990045,0.24725765017057144,0.33297906244703435,0.16209302413506,0.31318919541202705,0.15365235665461408,0.2011385999465234,0.24758568051917174,0.1998519886811877,0.3284466608735862,0.23700565337989665,0.17503928346845377,0.29493443995492374,0.30458239755208805,0.16480403722324277,0.13314293455817394,0.18009435591534184,0.21231216218235682,0.28044111168508,0.18374646784880966,0.2158449566034807,0.2875411925832444,0.2772789564641517,0.3000347205034998,0.12298166964143142,0.19176227105728927,0.13526798824137565,0.12173491871832764,0.18694587735424817,0.30941118569561155,0.19584853202589658,0.23438975639013304,0.19264798798611749,0.2624800448430543,0.36105272598578053,0.35668620686133357,0.20527673771630706,0.19091282553205002,0.2676047402598195,0.18659196130546485,0.3012123332878627,0.22579799135095602,0.17315024107282373,0.39003001575348883,0.15557373669311636,0.31910842068984613,0.14274851176950076,0.17361059250358257,0.38082685270499583,0.21537621910287785,0.2787893309973599,0.5363124173228742,0.47230280959497606,0.4160643137389739,0.43571363591735923,0.41046642560348,0.5599121860493442,0.5616922727403469,0.4653079325907914,0.45800629303445417,0.2881331688393304,0.6416757075699985,0.41170761286773727,0.6516071720736727,0.7458365307308488,0.6681334585059729,0.41728853768749974,0.35847276607044976,0.4845981788525112,0.6157921348072509,0.5237793597387198,0.47226390897797954,0.5581121992848548,0.39563315408629585,0.2833127684581328,0.3547275073279734,0.3461954945397905,0.3272618656381284,0.5491430765955858,0.32974513428077357,0.721581576452923,0.2700848420102432,0.791466709210328,0.46925529681664313,0.5473054440631664,0.6179674451461246,0.526228004767736,0.29684335878939017,0.3492105938528025,0.7803035725914622,0.4182022252083307,0.8792995452137198,0.5956537971348639,0.31342724938044497,0.3429551874746045,0.3011239145783976,0.5000718781162157,0.6063976193378596,0.3598262679936729,0.2629321526573345,0.3526520452191084
20,0.23510845965828986,0.22513493033219567,0.44937465069117366,0.28840072960135943,0.17383070364581477,0.6995307364265818,0.1792787464930068,0.20293913405685882,0.4223575772834518,0.24516983434041495,0.7537805030627938,0.2402056717015687,0.3979992988382681,0.23663605447546465,0.2542281447022825,0.35496874403392376,0.3325855461823993,0.2365536430344498,0.3176330825771211,0.42673711903866596,0.5132542083607905,0.10468792531184146,0.18441127502423083,0.23049821033287166,0.3180158885338442,0.8116964463738329,0.22660146078251497,0.15231603911138358,0.3298016563672014,0.15878132154880797,0.8030978490594216,0.41359629980124535,0.21961451468022475,0.22466970794991592,0.38813960225025623,0.48495476725713316,0.45717372971936243,0.45515032324592064,0.1439513885262289,0.3118472655637945,0.4606078849919638,0.1170835814658755,0.5038264914957402,0.41433864352226435,0.8578498336020982,0.38914439694174674,0.3110641135702893,0.47646721910661494,0.4197798956771144,0.40069381848510466,0.19785259281106016,0.21446454040187835,0.10996178777079113,0.11397810611315906,0.10101887470585635,0.12772341801557752,0.18259105863266678,0.3754807725691124,0.1585722886916957,0.16924860237368877,0.1629277093565097,0.1670958731941592,0.1361633885379243,0.14324657886147973,0.0842788729283781,0.18969730926344563,0.09775565989047108,0.1255818319568034,0.1367247613722855,0.10671744912004832,0.11888355059717759,0.2136597195187474,0.18214243162694355,0.08333392801737183,0.1502169855631602,0.14175673900204655,0.09106528564720295,0.10805141355226378,0.09445314515856751,0.12385435853317162,0.12903077455280498,0.07660493379164146,0.12735635531533707,0.10895045438245266,0.184353092169955,0.11036862554888449,0.19073854984201588,0.13474120162694125,0.13982590526504857,0.19141231619985233,0.06815180235172136,0.10833085621488969,0.10895686632936552,0.1548979435311647,0.2752515838720374,0.08042639155717368,0.15820010376960347,0.172704135073393,0.13031432850012337,0.2600327800756228,0.4032462171131156,0.4070588468082491,0.20087529822882333,0.4157046759689952,0.30559363025667297,0.45193594172268425,0.5476676558845435,0.6551209297643632,0.31507037953897543,0.416080684243484,0.4033026770600544,0.3944393845059173,0.4207463620117555,0.31590603801191963,0.2943800963049281,0.41099170827940046,0.3202431606491021,0.45904412757465207,0.4878654107311865,0.3288766266751536,0.5,0.3528218650431866,0.2124756512254029,0.8597032885144259,0.588705428575202,0.645243459491958,0.47713592192774024,0.32594780207637286,0.34672009780105073,0.3251791639134737,0.48762655062485927,0.31499847612378284,0.6742564526462678,0.4512403734619549,0.3981974523921543,0.5100111951614075,0.5281288770976598,0.39077244767813757,0.33137149089310336,0.3851375013106081,0.3862340057247041,0.29969272879392217,0.24724597673358972,0.465678461822444,0.5393980168856923,0.36729362870287974,0.2832500910836332,0.4332176039209865,0.29627527779491925,0.44811510840945945,0.1374855215137516,0.11986657876436924,0.13929563474064943,0.14166204162777318,0.17818840580141815,0.07930622477802574,0.14673117193949847,0.09442345708478739,0.07459412732795612,0.10156284684319428,0.13240413310123278,0.08742953782385443,0.1384240106916712,0.12105460453051542,0.10597558972784027,0.13533183854717545,0.13118303421415978,0.14651676206345243,0.13754379806989858,0.09253345403642421,0.21728360696369076,0.14220259741903485,0.24479530254728843,0.20055100221374544,0.15267452297392092,0.10114239087115173,0.16527519313467876,0.20326113407805912,0.2150515248662872,0.097762231249643,0.11004038636345814,0.13810577096083387,0.22664368937184098,0.28955507274086356,0.1196019773875866,0.10126550343905216,0.1307922949215654,0.15580693761257436,0.0943625894410739,0.4119812471725329,0.5471462517983063,0.7634895816333549,0.2541940268596009,0.39495888080004915,0.524192060573793,0.43456979094456827,0.8578498336020982,0.37345265624164004,0.6180531707188872,0.5837141956390166,0.09208287262310555,0.22431245637400432,0.18235807050345287,0.10231201188693995,0.13670886608148491,0.13053464593779973,0.12260507045944147,0.16046212737654852,0.20353175208309282,0.1973696262683472,0.08863631221194523,0.1115979118530056,0.11249141052030742,0.15868105477904793,0.1267491696717401,0.1523045358284465,0.15165539149504592,0.18988956302505855,0.12044884838482017,0.23660787139625683,0.18555314438046566,0.16722565025511282,0.10838637974472964,0.13364307443786305,0.20314427996426165,0.1457438433153745,0.1468222875159383,0.20577152691457534,0.19610961351649514,0.09365699828707796,0.1306242987585009,0.1476413145522254,0.10236545035293942,0.1782822334913644,0.1585798999438034,0.1287100959644526,0.1415902114123797,0.14013259710707093,0.23701524243144878,0.16256834065999937,0.1615072109452771,0.1803576889774411,0.1169349827990277,0.14412291529147603,0.14762846739302116,0.09782832629621119,0.19786595405591645,0.16232237600109767,0.10628994097118294,0.18703559548764426,0.1368479853026061,0.1611798630294755,0.20079141115612253,0.12242062082628236,0.10701587235312027,0.1394621498287969,0.15253986139246956,0.1202576701239444,0.13629243255391932,0.19595581956699948,0.06794720936618848,0.09808236550210869,0.08654186953281517,0.30837675612490456,0.09598407513028273,0.11774294745235248,0.19662973558601893,0.08558096152394212,0.1356368032854477,0.2556790141731269,0.12424952899712605,0.07766756711880363,0.08422321593836013,0.12944251090125813,0.22699622000148678,0.14490911953818608,0.3571167937739401,0.07308211673563358,0.13215884038863424,0.08497006816922048,0.17865386697729946,0.13206007378761153,0.20568438698344804,0.24012515285541836,0.3059952427856446,0.09440437129548951,0.10076235282938173,0.10074166812054353,0.09114132675192732,0.15341559055631093,0.14892970071108003,0.17986779504151662,0.17686221503869526,0.09384579683575733,0.13238926387026995,0.14664509872782583,0.15217805254205108,0.2799216549868039,0.13074187425004236,0.08332907415378144,0.21463842841877645,0.30586956245664176,0.19895609350031362,0.24584511359401096,0.11695773031649603,0.14854485911965287,0.18902548316239998,0.3061112310274715,0.14161544980009555,0.2303862256842899,0.17721108843673494,0.2693993308351289,0.2164627617884869,0.2034435735979475,0.10164480314638924,0.15454645943501022,0.24582170419996574,0.15950455980926925,0.2675437018401394,0.32098025263679486,0.2792443117543082,0.1562374902814324,0.14255002499326197,0.12884909604582429,0.18668095702325638,0.13996185174852938,0.1539996029357792,0.524192060573793,0.3262787446568459,0.4469991976577612,0.24411840744626645,0.39495888080004915,0.354828819820303,0.19737100859895695,0.5119385799164252,0.5712396567026559,0.27153868865274455,0.3631359461101378,0.3362358540529329,0.2718562329200733,0.3873123652130962,0.5385811833650079,0.18748612129465614,0.6180531707188872,0.7236069488319612,0.21473274877783644,0.32346433762879534,0.35985085232652214,0.2541940268596009,0.43456979094456827,0.1556293569862165,0.11280168758915299,0.23549674998081505,0.25651257359567814,0.23943003799728502,0.1421098317751598,0.17401272135435808,0.16995996932420354,0.23244479439541688,0.46215368365420806,0.20248582189986053,0.16055904562597234,0.18372503026329634,0.17615733970803282,0.24754122982351345,0.1598292119030219,0.28190501504561705,0.19974913885251555,0.34872628500637604,0.09117908196413238,0.43706703632086674,0.138746086053687,0.1876787833369331,0.08539460979040714,0.17053846515822824,0.36431525258289743,0.49644379454878895,0.2383231536258209,0.2844033558868513,0.36112294128766886,0.15764688825110063,0.18564369881443987,0.1682776949261513,0.34715430756297505,0.1677482932559894,0.3159146727422615,0.5569340570315073,0.17468576823441917,0.16042653872759993,0.8363674310272566,0.7460223644453011,0.4219562796813905,0.25818834052547246,0.16717550335663567,0.20870915773632392,0.40386551460744957,0.1492227619189902,0.24512993732495703,0.12993277314619922,0.48719668829464113,0.23904442746581944,0.32687293996465305,0.17189721189958185,0.3007167320972719,0.15936438702077727,0.20827494865214446,0.2715100114688249,0.20594835382734866,0.3225722628335346,0.23586238387108405,0.18135198390491758,0.28806771927872643,0.2942336319030193,0.16967223739788395,0.14207948300581197,0.1835791464681248,0.21604774070905375,0.2652222642979324,0.18636672172088686,0.22078588124627885,0.2758008374436143,0.2811187976683335,0.2896390198939073,0.12601332844079394,0.19512617407224497,0.1395000032917849,0.1260595082603978,0.1887584144517953,0.305968457651708,0.18975230904468898,0.23236576107092,0.19890206452679715,0.25941577200940835,0.34230323387364336,0.34640931274644915,0.21209173042842733,0.1969982525684163,0.26176713815364194,0.18854231941928778,0.30596697638883097,0.23985392766660996,0.18664290238225179,0.37334920737920385,0.16667661823316393,0.331325768179931,0.14786705680977363,0.1791394903065162,0.35140936334712436,0.2185462662649018,0.2856257075710462,0.5137470506630357,0.45253229027341757,0.4056596992810406,0.4348413937640453,0.3553914396845831,0.5034710999131067,0.5025211546001858,0.45416005665307846,0.4204168923602757,0.27773070408018485,0.5908070343993272,0.37143940178616086,0.6080748720036189,0.6925494728985302,0.6192181120718501,0.4084223545153116,0.3393934397488302,0.4576008288940998,0.5669605295301365,0.4940929252069318,0.4115202700157252,0.5107882161587181,0.36317077162080325,0.278020430353787,0.3270041188907239,0.31444124865209044,0.304448098090345,0.5069929102620201,0.32247074946734433,0.6601007810274504,0.25773424708913206,0.7658195257629341,0.427475146591884,0.5324642916040585,0.544413123841302,0.5174683578036862,0.3268492608767878,0.37345265624164004,0.7236069488319612,0.39562387139580546,0.8578498336020982,0.6033650556013055,0.3170658933624656,0.3523795040569164,0.3262787446568459,0.4700602948252407,0.5633086426671743,0.36760169928154474,0.2840892273136706,0.3631359461101378
21,0.20052105711553925,0.1965154021255865,0.37019554429962154,0.2523148268644301,0.15036684663830624,0.618164851021573,0.1372359065165275,0.18174698316327298,0.35267033930446845,0.2156590890448573,0.6789862862733117,0.21139485887747012,0.3429880088977718,0.22437475079148084,0.21305274942850683,0.2907641605306799,0.28569877415960565,0.19998727312761544,0.28417946708460773,0.3862116953560588,0.4319503706876553,0.09838701057251187,0.13999762167618535,0.19225601604285292,0.2876758835773736,0.7294313456126813,0.21380011010172206,0.13486475116613938,0.19436378264741105,0.14054292244276545,0.744121475625158,0.3701047926029336,0.20530271490702434,0.1890216376666063,0.31332841243375686,0.42650230031315717,0.40053015226914535,0.3748544657977507,0.12205948520842846,0.2804514872617603,0.38691223736235936,0.10444959542333554,0.47204398936570446,0.35874532098111434,0.875659842805959,0.4092232095132474,0.32006124960423366,0.5,0.42137581552935355,0.4130141213271319,0.20677139035536563,0.22646050739179835,0.11562858720036073,0.1207414093220236,0.10583913802914446,0.13485264984705092,0.1885215783864833,0.39496345483770434,0.1673999062296304,0.1784751043905728,0.1724260258425564,0.17372607618505997,0.14328174791793413,0.14826888197485133,0.08815781464796946,0.19802660253587645,0.10144398758589057,0.13298472748457646,0.14295127710681654,0.11025503435736583,0.1213214763121283,0.22287218724844282,0.19344823103896913,0.08789193947179519,0.15295992541743186,0.1476593057485852,0.09609287370296715,0.11228853005332284,0.09623575817115315,0.12940216696552898,0.13477559541603779,0.07950463935503405,0.13273781930898243,0.11314105288566634,0.19412755263463133,0.11686699531383082,0.1962176239393909,0.14056101209913274,0.1443891149189621,0.20152135557590078,0.07183599283696362,0.11431578919473229,0.11471243472277293,0.16330558329853706,0.2870323689317995,0.08467044722370165,0.16637227139107058,0.18236603764481674,0.1321670142853011,0.27352130658294904,0.424434557134986,0.42848653309438645,0.21274522197852974,0.4350222705102208,0.323662221953967,0.47466332846938175,0.5717690130462527,0.6796204491735687,0.3326265931431964,0.4371473715489943,0.4239233370382014,0.41430774181282504,0.441993262452948,0.3337420245772247,0.31024088350697054,0.43309419738085053,0.3380756007750715,0.48184266930260966,0.5118460612663923,0.3475993060086964,0.5241502059593696,0.37216752009106413,0.2252711325414768,0.8777257537068685,0.612938831972937,0.6707962636092815,0.5006550482195535,0.34476808324628316,0.3657079475428091,0.34362226735292856,0.5103342343930342,0.3318667662542655,0.6993541324956197,0.4738297999708566,0.41968446754143574,0.5343367623551213,0.5510666720875018,0.41141448550618154,0.349998035334912,0.4058750373726798,0.4066207674037551,0.3171001380915027,0.2614627625789041,0.4882392840597589,0.5639235369285938,0.3874925570186122,0.3001396736864991,0.45240726473657833,0.3137763695138577,0.4712381424451193,0.1410503652829016,0.11955875392817317,0.1402499294326658,0.1412268019999786,0.18154929438895195,0.08186782989962649,0.14837160709786024,0.08619552346463877,0.07468590400099373,0.09979412134222865,0.13365112296545223,0.0893274312625989,0.13727124550741332,0.1197646150397117,0.10881084919359563,0.14099408573770045,0.13468617064416288,0.14123283715567925,0.14027407408662396,0.09522303247118447,0.22483637193294692,0.13592637352330605,0.24716102562877829,0.18743923012228914,0.14998376857364193,0.10176257118322452,0.161769545871442,0.21058713167454457,0.2200235557703325,0.10025227208425991,0.11238863289504974,0.14542854130294913,0.22113290300799948,0.2935864034715494,0.11852348237344135,0.10165521948734402,0.13526997089451265,0.14908873848343385,0.09385023185697683,0.42980812099912347,0.5638512941716747,0.6932702878716194,0.24178606399734015,0.34827696040455425,0.46084309932153233,0.45015484703983377,0.875659842805959,0.3416698044214934,0.6309363459474537,0.6045709420314039,0.08841373451340862,0.2177763323698333,0.18294887732233045,0.1050793427979505,0.13994803529974387,0.11685829618207544,0.11600553044251027,0.15456251688237954,0.18960072935801053,0.20400118639446319,0.09118549517574481,0.10783987373988879,0.10807944045672802,0.1479440564380894,0.12747349802328722,0.15630818282702863,0.13517323373786405,0.17651645745751876,0.11381084937896468,0.23664550589255207,0.17852435523996446,0.16033203311726862,0.0964149272532876,0.12725358517397378,0.1964699461476066,0.1448516128467059,0.13904157648070814,0.20080220663928983,0.20244349941713868,0.09265312799578318,0.13114559061448083,0.1433182919391739,0.10300708219140042,0.17196193359030376,0.15896289598582714,0.1282575068066083,0.13074945977427532,0.1368423463516023,0.23468108709743873,0.16447149015745421,0.14559833006134648,0.1679268705212943,0.11608257445017045,0.14098934454535006,0.150063009636225,0.09443236100577268,0.19333118950460926,0.16316737564730666,0.09541565364426319,0.18473632930531148,0.1437394948653351,0.1672947798689024,0.21075140820887306,0.1283417261071268,0.1126919379897221,0.14684854848015516,0.16113600533297923,0.12703618300087594,0.14246537806995552,0.20498280116647882,0.07164887425037814,0.10108540456551063,0.08968308268957148,0.324456615365157,0.10061524016010093,0.12436981368915156,0.20542127053780945,0.09038199149681492,0.14234616074913153,0.2614918639875814,0.13139197888174803,0.08145342663688937,0.08916063949352304,0.1358291026820586,0.23217500935400692,0.15154999884104603,0.37563531159392294,0.07659425847253853,0.139824693234599,0.08799696258655376,0.18753814378469003,0.13642798020465452,0.2148682036540709,0.2532795855782545,0.3212944504371945,0.0987468512225087,0.10513054616202455,0.10572059552843327,0.0939573381296217,0.16175325463837176,0.15728039221734746,0.18994619517137745,0.18644066596554765,0.0941953205423589,0.1394829226275941,0.14921941664573413,0.15657138456375663,0.2960305029736553,0.13604803604788662,0.08762358781748025,0.2272110407963105,0.32257233226246285,0.21057221545927718,0.2592555908463614,0.12316221838409824,0.15759861942000764,0.19989776424771422,0.32256715026414085,0.1501435131753166,0.24420761581020467,0.18576594908395427,0.2803208097637159,0.22891293062396645,0.21278373310175103,0.10759719840132542,0.16406651833975017,0.2605250941420586,0.1687619094966134,0.28266253803072106,0.3362892296913218,0.29324546232606696,0.1652996886962922,0.1515148276970355,0.13491965033159503,0.19751699261247535,0.14741186824218455,0.16250567781018854,0.46084309932153233,0.27765808530685976,0.4158618783354484,0.20570860069114383,0.34827696040455425,0.3353105528320742,0.17706021822392692,0.5351959406877742,0.5730682019887949,0.2731933488829089,0.3628164765096147,0.3503604666988194,0.28835903748895597,0.3394159632305521,0.5537149955819355,0.1708461573770338,0.6309363459474537,0.7478702442765142,0.226264674637761,0.325683355879544,0.3205790720961278,0.24178606399734015,0.45015484703983377,0.13909054288351386,0.10992507703860765,0.21840976263893552,0.2023396926989388,0.20229900415682256,0.1319059518868484,0.1631086769009199,0.14438654465458012,0.20608147177756875,0.4417289311946063,0.1827095202292125,0.15589125064310594,0.1629069819547706,0.16779397938660057,0.22125938716301008,0.1510574908957063,0.258960726426558,0.18713000509148003,0.3348913175444811,0.08844184272238553,0.3613005204730392,0.123872179102819,0.17184284879685563,0.07944666639834796,0.15669871083124276,0.33062027341733813,0.4878298953695587,0.2306366926955552,0.25242135818007905,0.31369566156971895,0.14183306985842759,0.17283469042042787,0.1568678390938124,0.293040212587928,0.15332971553401686,0.2938491736701119,0.4980037056819271,0.1594754691239586,0.1535586619576811,0.7494001086059736,0.6155903433953156,0.37725606600279826,0.21691772985411484,0.14880874162744273,0.2055368311002287,0.35414813917025956,0.12800145597259227,0.2086836187374701,0.11882098737016733,0.4417843258559184,0.2520454573098597,0.34481291763814215,0.18008809395516967,0.3175786970799379,0.16787453285725518,0.2189969884376921,0.2856082091796931,0.2181566738141587,0.33957067630097004,0.24645240367189514,0.1910961144223654,0.30461814096426565,0.3102689489675514,0.1771696775832049,0.15024564257448325,0.19440222136724905,0.22668147437207053,0.27983452772688244,0.19715950259618098,0.23364392363198616,0.28993416726126375,0.29708472443182987,0.30618156371374117,0.13268698275614743,0.2061609416992327,0.14770716817531293,0.1316474221834839,0.19886937019462103,0.32297537388623265,0.20005426571677531,0.2448175723374837,0.20812963550898078,0.27323741305569393,0.358313985372553,0.36355661276412454,0.22337050227241861,0.20823836885840963,0.27565697742686157,0.20006572889410246,0.32337101473658336,0.2525741401112134,0.19452179284382487,0.39227669036855206,0.17524983998905597,0.34979278022825455,0.15545891813397306,0.1874018120805343,0.3706003341074182,0.229997840544246,0.30159311107848297,0.5386639737879373,0.47570980747409763,0.4270552611703511,0.4573932063160059,0.3732175799255141,0.5277536594876302,0.5270452679781441,0.47753754396872694,0.44185091583752734,0.29394340705698674,0.6158317156245106,0.39128243533580676,0.63360069679067,0.7174572433598998,0.6445211037883234,0.42575753712291753,0.3577837795257236,0.4798165865072309,0.5918046308717213,0.5183734561221787,0.43259208452783715,0.5353202232821658,0.38352979623025807,0.2931649728465552,0.34549814905862974,0.3318819965531038,0.3218054759942396,0.5311670191779574,0.3404411377578457,0.6855477607521404,0.27295473579304275,0.7888822528309861,0.44879520356301805,0.5572426529156745,0.5676164220132518,0.5415218247451867,0.2973462070808659,0.3416698044214934,0.7478702442765142,0.41585080041462563,0.875659842805959,0.6125396332085139,0.30828970986229953,0.35052069784833195,0.27765808530685976,0.4926273736341188,0.5821760577640714,0.37530513886044714,0.28116479643808956,0.3628164765096147
22,0.20061324912855039,0.19611712309470397,0.3714219132423485,0.2511932449763107,0.14809542988648705,0.6235980369454397,0.1374894160116955,0.18092164611292627,0.35713109514662966,0.21240465618607607,0.6843992837176969,0.20705621576026523,0.3428429767202267,0.21751219100861252,0.21428405562648944,0.2916636166031056,0.28732480190264786,0.1990182306753685,0.2851478638768541,0.38875906304954644,0.4352864028631911,0.09310949100753074,0.13832772176096986,0.1947561734403579,0.2811046190852907,0.7369881490957513,0.20864670409370933,0.13440547608879017,0.19657393983381755,0.13839422319016248,0.7515601481142387,0.373014967702305,0.20159131621203796,0.18991512028717306,0.31734930135827133,0.43236249815619465,0.4056152078253368,0.37674982799876344,0.11960042742388932,0.27442851434732973,0.3929586764113263,0.10208253997807004,0.4762211241087736,0.361663839644374,0.8758467943821777,0.402367724669214,0.3104259677147747,0.5008969565471086,0.4146363882279306,0.4066802921623448,0.1798943599497601,0.19438854200750433,0.08986752305822843,0.10323838042709643,0.08930651586529914,0.12101029084272463,0.15574684474598421,0.3251793226612496,0.14195718011904745,0.14948647261197245,0.1452733464305237,0.14641115790081072,0.11622429741576412,0.13668844446195771,0.07763861017997342,0.1648776362329969,0.0910671362683726,0.1155808771438499,0.12110981129972664,0.09754702901188239,0.10115270235192364,0.17356496285195655,0.17037710664209083,0.0746725354174621,0.13464326305489704,0.13233472337258356,0.08227504928452745,0.10037306431401494,0.08294288158903229,0.11265585561306901,0.11823607401612479,0.06730561289618708,0.12314080032246999,0.10023852655892407,0.17475520205127915,0.09796781263668064,0.1770084141679007,0.12251439247877804,0.132125900112808,0.17421259542155543,0.05356399710498705,0.10011140515824235,0.08036455730444203,0.13983869296267926,0.2592276435366482,0.07379286935141527,0.13563634542332903,0.16386406429285438,0.12142427526123578,0.22481462453470025,0.41923968463810113,0.4298235232688955,0.20765084979374904,0.43219345285727084,0.3162864548390054,0.4665466795642459,0.5722162831831072,0.6745306278090937,0.3164744275504131,0.43482826920071616,0.4195286299008989,0.40882093274335785,0.4404725603412293,0.3298545224280346,0.30421113063250904,0.42606273935240035,0.32869592695530336,0.47432945223726086,0.5086256845804249,0.3336707904929348,0.5220480071127727,0.3695529787056856,0.21108323273800755,0.8819639552747027,0.6132517174049317,0.6730001029793424,0.4969203161176675,0.33854678519834025,0.3512669735231513,0.33620406637512135,0.5,0.3230488680619137,0.6973918007517768,0.4703761294830252,0.41438257027948844,0.5234678385965021,0.5511071806837856,0.39721878758920515,0.3484409005464857,0.39761923720680425,0.39575305591070664,0.30940805171841157,0.25569613376604805,0.4892022642139613,0.5586069127181086,0.3821321997589423,0.28764332425876404,0.4362009123208739,0.30662337194741374,0.4688507539368528,0.12937614226332284,0.1091196287738524,0.13072104874229573,0.1340778178616594,0.16639830870017125,0.06886534454091553,0.13941072437682922,0.08391930860577057,0.06708934333675975,0.09384818864235689,0.11848219687882988,0.07884328896215065,0.12291533898032703,0.11676318541695363,0.099285788960363,0.12792960235766682,0.11539678289834687,0.13426165405338797,0.12720500959410908,0.08547572911766055,0.20516446956260026,0.13148561969554196,0.22958789968904358,0.18038752466617158,0.14350059980145125,0.0954460003190778,0.15473062544539307,0.1911753681094448,0.20558484376272257,0.08859475056687827,0.10029039442247312,0.12815480164423732,0.20827414504974806,0.27470943585774465,0.11055182877852687,0.09027272999716451,0.11762075763499946,0.138637284323052,0.08845866170048666,0.4236267624856669,0.5307841672606998,0.697707298217094,0.23633236016031167,0.3477615261084205,0.4614261421799509,0.44720323902397074,0.8758467943821777,0.3423534462761474,0.6209735012643529,0.6091261147366381,0.08311171944782447,0.21068397287621599,0.168305925979213,0.09458119840080792,0.12232903170271081,0.11182705027000406,0.10997093649116951,0.14534535307636787,0.1791801345966525,0.1950170439383193,0.07549662460751017,0.1046946647313548,0.10319199012976643,0.14288838682006566,0.1118037805548373,0.1395747176966583,0.1300108987706372,0.17046044564792084,0.1068263851922383,0.22330782050385845,0.16139067978378108,0.15370485770499964,0.09459945446335993,0.12264363535008183,0.18734726934713353,0.13564350267404157,0.13218003660346567,0.19134329356753332,0.17626349141587028,0.08655128335207696,0.12269501256557691,0.1354247697903681,0.09004905059481272,0.1678948569007862,0.14478736269730352,0.11165514915177965,0.12693115174702463,0.13249444751658435,0.22804600147510057,0.15171512901967055,0.13862502175317015,0.16370235278337253,0.10549996851164445,0.13563259253813054,0.1391207662922903,0.08943897866900674,0.18830216887093398,0.1504093629836315,0.09490303346094453,0.17263980572073545,0.1317174413872303,0.15726609376970857,0.19607698286177655,0.11178528649630715,0.09529213030302919,0.12336970846482864,0.1424735921929262,0.10712686115547787,0.12590521747282513,0.1669416474693569,0.05916957923748478,0.08956174251309057,0.07927420635763205,0.3021651243344624,0.08844968442338219,0.11056049711919369,0.18715864030287754,0.07687707647961128,0.12291502769854834,0.2449250326167004,0.11291886713464461,0.07289830439210165,0.07384033130870304,0.12096200951140312,0.20454865320813997,0.1293866330711152,0.3191476476287448,0.06218616104284691,0.11829396446389273,0.08187690818234405,0.14567592706598242,0.12061416514181722,0.18851548459893475,0.2262666008767914,0.30696153064413734,0.0863592803827189,0.09141383076928467,0.09504278044822978,0.07997352473963437,0.12803699043376127,0.1201771870143068,0.1717003999213772,0.16461079112295574,0.08734339260277701,0.12150015677793202,0.13911164089792616,0.1354865951894103,0.26144858723183406,0.11887492927043342,0.07505600095468745,0.21607660834766595,0.31418362660842214,0.19489344030008526,0.24496954808526417,0.10993151393319289,0.13285725494106515,0.19193513706192233,0.2996874368854966,0.13818676274252673,0.23191582111937425,0.1698135095001735,0.2547899052609762,0.21649747551193532,0.19180274004654618,0.09563806122071417,0.15315318089066843,0.23723734498996984,0.1459241998084977,0.26184358298353994,0.3141278286190762,0.2718065884732256,0.14382576133418845,0.13817675219194314,0.12056050216823766,0.18398637281103758,0.13459339422258598,0.14467581803803187,0.4614261421799509,0.27799199865106095,0.42053220522514845,0.20450266296411934,0.3477615261084205,0.33451778573697444,0.17668875897259795,0.5321131327978831,0.5666053183142474,0.2560281168801516,0.3579172196055832,0.3372579510009476,0.2866824108530309,0.3389395591878642,0.5527368571310188,0.1695704332692659,0.6209735012643529,0.7526549779046728,0.21932883325875485,0.3227588914718482,0.3198877819839444,0.23633236016031167,0.44720323902397074,0.13683138972826403,0.10244242458188146,0.2053085702765013,0.20310709666134807,0.1981052647311159,0.12821205444797956,0.15550077831808318,0.1442592404805868,0.2035300413472959,0.4383721447403186,0.18170831761540995,0.15006953131104295,0.16067036708078797,0.16727342468511675,0.21932678640815517,0.14773465551093956,0.25449659457248264,0.1835237007310565,0.3286694544384462,0.08628786798929688,0.36521679676761964,0.12309188245331015,0.1617246229846403,0.07706639503212909,0.1505748461976466,0.3259343627792497,0.4820265740488995,0.2249489643517638,0.25358436150913666,0.31728854273623064,0.13805811505410637,0.1691828364429162,0.15387833515005866,0.29615430689618905,0.15058089687899323,0.29192356729973523,0.5026572108682791,0.15867654994600666,0.14938937169924127,0.7540885778804249,0.6224598135132786,0.38141873462989695,0.21313100665198903,0.14511202948983737,0.19752210776596668,0.3500083332164611,0.12531919182131512,0.20938104724476791,0.11670505832901146,0.4444747687644681,0.2444825747676751,0.33588617617236616,0.16783503387779264,0.3070981000600519,0.15847678729377657,0.20989954345598483,0.2658009167874359,0.2030124092774832,0.3267300146935176,0.232804922953033,0.17711312288389158,0.2959087263517103,0.30219438363350004,0.1628278216468112,0.13674793937606378,0.1824533071468225,0.2134595382554565,0.2691130353479303,0.18011912669330965,0.22282854589371293,0.2785723131005827,0.2890781796549009,0.28483408328376947,0.12192397768292318,0.19324323913734032,0.13565151560428002,0.1202603275471209,0.18535151274051365,0.3071740053961306,0.1830314326419865,0.23478200227605694,0.197197459312072,0.2631993248071878,0.35109646342315415,0.35979870492401234,0.2143675092354692,0.19525907943550946,0.25559040905416874,0.1854090565588079,0.30736428094473056,0.23305745204211037,0.1823382384394161,0.3859557992733411,0.15905603467596297,0.340080904877027,0.14392282571865245,0.17506710303639528,0.36171575654148747,0.21647533668843066,0.28465229553443383,0.5416490544054486,0.47780988858624407,0.4196153436346963,0.45006536253273355,0.36666344181385324,0.5301450123703497,0.5317549451704405,0.4754018451349895,0.43007789556723375,0.2948206661628635,0.6155101627861189,0.3887364932797559,0.637583833273493,0.7253902890752109,0.6421392480804391,0.41911865760742983,0.355492220766202,0.4785879144570657,0.5941475836955574,0.5234394703269509,0.4316095678863515,0.5342081030488626,0.38414756398720773,0.28370609382692036,0.33818770743653415,0.3333698352080565,0.3169437410627828,0.5318805335467216,0.3360514381516524,0.6898559348891835,0.27032056304758945,0.79229546962256,0.44977973794051407,0.5588352671569583,0.5712341732729542,0.5435477390348389,0.2974463083599136,0.3423534462761474,0.7526549779046728,0.41461408809694045,0.8758467943821777,0.6111222644812622,0.3026740746522941,0.33873184325445393,0.27799199865106095,0.4925561519945951,0.5828368297266766,0.3699301887665626,0.27594150056004807,0.3579172196055832
23,0.22160197594288245,0.21790546152037094,0.4070322474552468,0.2767482730732779,0.16414620116131062,0.6671449312429268,0.15318339457742647,0.20057102949383454,0.39207297815889,0.23495669650566975,0.725668838063066,0.22984937305211983,0.37499556456890626,0.23892739816105957,0.23664124804994424,0.3210914648061004,0.3158898088002955,0.2207733925139732,0.3135854403875168,0.4246416341974124,0.4743321905585206,0.10321308284476438,0.15401180439457662,0.2163755046189032,0.31004077655960394,0.777732363389856,0.23012882404862878,0.14910856050573207,0.21855645459196527,0.15398191579115128,0.7920301982514778,0.40818614171426215,0.2228109926891918,0.21027711934465387,0.3486425475896894,0.47089615684100705,0.4426368852455631,0.41240101509615834,0.13325799246486192,0.3018166171950736,0.42931569728511887,0.11354154409395723,0.5160813415611635,0.39608313280974616,0.8882622998426772,0.395328131800485,0.32846317146425075,0.4587659327746201,0.44089911996965625,0.42042222217448555,0.19257741395052852,0.20160433753835927,0.09800512161147157,0.10922409669163158,0.09688861767009604,0.12639159372115838,0.17268536332974538,0.34481265969723074,0.14850243065722402,0.1621954948543779,0.15647587635152937,0.160628569928704,0.12548519426200444,0.1498926886316857,0.08219694419115697,0.17947232913045996,0.09798472617277065,0.1228895577321567,0.131567539797093,0.10664289787627845,0.1106793281203966,0.19034107734382255,0.1728221492003773,0.07971586983309431,0.14699391684711638,0.14162488183395294,0.08895316516108909,0.10663527311224219,0.09048766543187237,0.12108482999351589,0.12801400750564318,0.07388838495560124,0.13202759483180238,0.10894516684909905,0.18096309170163016,0.10659463234562017,0.18754284451025827,0.13078862154601956,0.14252163419097108,0.18476338116616842,0.058458026948562725,0.10682895049881058,0.08652540903640693,0.14729968261019588,0.274335854293806,0.07873294637211325,0.14391878822185156,0.18045122431539629,0.13407995831408115,0.24031850312190806,0.4082342392559182,0.42014489974080604,0.20304950914659303,0.43165151204700913,0.3006806656461385,0.43317712511386897,0.5463129963444486,0.6704034908506376,0.30749544884747393,0.41887213336370355,0.3877448734779756,0.3946194564289579,0.41721447101580167,0.30509622057830976,0.296881445782179,0.40443908602674916,0.3110471735365947,0.4366479347675224,0.4543981441996533,0.3187835797950004,0.5185681850317678,0.3556159348373058,0.1997405316153803,0.8802260011802907,0.6099889375412959,0.6537767552083411,0.4803296973350254,0.2660522706933106,0.34282309861506044,0.31785502314055003,0.5011032550242671,0.3251966488947384,0.6849487655098674,0.4445375017324362,0.4065273856338515,0.5285594772887527,0.5435866907454197,0.3961317956250151,0.3156943158692498,0.40268681275976537,0.38671164516540113,0.29965952687224784,0.24544880271336322,0.48914160558527053,0.5512822962050492,0.3699875701570561,0.2520317580134309,0.45320373173634154,0.2935279794593315,0.45939318158431763,0.13949359686580443,0.12036049251423231,0.1422395385832499,0.14691961814538645,0.18145088621380234,0.07495337365036314,0.15295785420884156,0.09363928241892105,0.07411905003679609,0.10363187287286169,0.12952374935769528,0.08672766930924425,0.13544294189590578,0.12884890056425724,0.1080241621632394,0.13646683344138633,0.1250331267608159,0.14830802354963057,0.13845988287002442,0.09339384960443875,0.22314879592771397,0.14636050110990417,0.24856644861678467,0.19960552425269273,0.15754034723668875,0.1048762384726537,0.16979534953352604,0.19868087561175463,0.22174643185021037,0.09743616804610133,0.10923739522533082,0.13779450422871475,0.2271874725652504,0.3013625230476684,0.12264910811255125,0.10036172143763211,0.12732517175821922,0.15264046184580415,0.09772197344788158,0.44335461488573524,0.5543064388048591,0.7385706373502259,0.2568545615561324,0.3789123978994411,0.5,0.45997907035900876,0.8882622998426772,0.3691909960360009,0.6289009367991605,0.6097369879008863,0.09184563254781153,0.2294518216959479,0.18243720744224357,0.10225250158558785,0.13320506503400242,0.1240076355493841,0.12128698493489531,0.15877187500825807,0.19737540802280895,0.2106457314835154,0.08307370891863308,0.11542486529485352,0.11456539874505489,0.15746894161756086,0.12321418869433898,0.15081775784085172,0.14429397210085448,0.18798741628483118,0.11775434454749312,0.24070700219826202,0.1764750658751736,0.16727390540317488,0.10459476049719862,0.1356151103992479,0.20620676919102177,0.1482536248465448,0.14520299666144476,0.21030284652028508,0.19030392265504226,0.09538586108939795,0.1349712497238985,0.1468021616255737,0.09912639013331104,0.18540262837982824,0.1578363626717939,0.12233406819461767,0.1404511245026301,0.14634752320206057,0.24589188893803593,0.16315321192834598,0.15331619620113168,0.18122226111993178,0.11673091674922631,0.14980781798858933,0.15177667681368356,0.09894248567172836,0.20509022703500446,0.16254444202819252,0.10493681629581197,0.18974980046113277,0.13630018727768412,0.16703192036692815,0.2073373912791333,0.1176556144690808,0.10094425106959037,0.13153881916659627,0.1506839556403542,0.11514386435308344,0.133831694221329,0.18185472347649778,0.06363700839465558,0.09805931800311751,0.08612779085016364,0.32001685655628676,0.09497008452062894,0.11400684676656236,0.20223220666111996,0.08295392399575152,0.13290092080514782,0.2632659988605275,0.11731033044067507,0.07655851290386795,0.08002962379030154,0.12771058621658637,0.22122176351518874,0.13921699481015726,0.34244259489734596,0.06687623805745246,0.12698333883055202,0.08761790478681608,0.1576002649981496,0.1304012723521487,0.20244826951796657,0.2387993391176113,0.3130305297800965,0.09265061489838389,0.09820600187137396,0.10375114314335432,0.08659932275035609,0.13825899732000013,0.1308141408705864,0.1794829775861646,0.17623410025119002,0.09583729868773849,0.12891362216279734,0.15118481865715483,0.14731236690608351,0.2714161497408287,0.12713811219248083,0.08014679283991866,0.22086185148306692,0.3137800642665025,0.20241516518623281,0.25529816197986466,0.11414072886755933,0.13427325830545522,0.19689624171815912,0.3082857757571874,0.13959363306089267,0.21100091798250942,0.17727514818013523,0.2697437247085813,0.21791541551767202,0.20410746634040544,0.09746334686135072,0.1516953103595069,0.2338110251015768,0.1523747529563343,0.2655421598022516,0.33675948091935104,0.2792185283348456,0.14788973810319883,0.14124270723126964,0.1279208719782975,0.18762881285777122,0.13832454805145689,0.14897447447933287,0.5,0.30402298125125415,0.4574246656048655,0.2260315433356137,0.3789123978994411,0.36233273563152046,0.1954935939724075,0.5119972956847076,0.5907840920921701,0.27490783506732785,0.3803287846913994,0.34722002674898034,0.2666897619402311,0.37161839926379336,0.5559769283455012,0.1875818200259295,0.6289009367991605,0.7532475529069558,0.21922689351438662,0.3425315017573658,0.3516527032358082,0.2568545615561324,0.45997907035900876,0.1522152039437551,0.11327666019013083,0.22658247385563646,0.22506201195799946,0.21872620560243006,0.14103301621335496,0.17185960119428068,0.16044182344934033,0.2246094314316438,0.4754646494180944,0.20154756101683646,0.16506687770228423,0.1778055588028672,0.1857192632735819,0.24316399604538286,0.16125617655713598,0.2805710727770788,0.2015692509415311,0.35735097024127105,0.09607588777721154,0.4006694410306676,0.13695839087484551,0.17833370174841823,0.08571443438293547,0.1662933526149738,0.35707432852634624,0.5212633934633315,0.24534796514187074,0.2803561893268498,0.3486091430479503,0.15374184813807135,0.18750570395403066,0.16872106470199832,0.3261866315560742,0.16756311677141078,0.320800177225084,0.5436197770158857,0.17501497522182452,0.16581659378051805,0.7941606009445825,0.6664079227955433,0.4174751200964042,0.23600004400952657,0.16108394525191094,0.21453200015114304,0.382184461311867,0.13937196334393198,0.23195998400026185,0.12941046581993365,0.48375794793808147,0.24725439471318045,0.31488363693442445,0.17331424799181883,0.3053323684675916,0.15838024457134425,0.2204398846385064,0.27004107984823233,0.19681176955303914,0.3274902766101293,0.24536537911021994,0.18417271213093311,0.3019313560600101,0.2974264854854515,0.17005639618622514,0.13579738773289718,0.18572687232553575,0.21560432348980285,0.2681343395220295,0.18204038969616643,0.21737836196934035,0.28096538577344876,0.27967975504008125,0.2709062635096071,0.12567512648496226,0.19433546157132064,0.14101939334570535,0.1257587743191162,0.19039976699742345,0.3141128686338408,0.18167816023867267,0.23845051117496785,0.20321849662627112,0.2667226939607814,0.35648996476099104,0.3462432173486807,0.21884440487637302,0.19307685625823034,0.26610497442803505,0.18024423126036704,0.2930421447488284,0.2314974829300025,0.191348133974803,0.38186420037400115,0.16812388544937817,0.3295795255557825,0.15107119914266154,0.17786930084335006,0.35662083930243194,0.22391692772706295,0.28092688621022366,0.4922449613971247,0.47730523642651856,0.41655077496167614,0.42468718972733077,0.3677375406311937,0.5135887385635372,0.5224948705943498,0.4639338208299857,0.40164284090926994,0.2774471089346663,0.615266436514949,0.39107469376726733,0.613663727553021,0.7146224740807897,0.6335827077911013,0.4331793065786589,0.3611882176195098,0.44292801125718195,0.5936820587053612,0.5043438036316016,0.4224187509700096,0.5226416627407497,0.3758783876698307,0.2922890591713567,0.3236703250898365,0.3191311008037584,0.30892674609306325,0.5243670174337144,0.3270931552226072,0.6800978306383474,0.25311001568301617,0.7587117725547893,0.4304122445965609,0.5280698290613847,0.5866655744725074,0.5150637209741004,0.32517426589518084,0.3691909960360009,0.7532475529069558,0.40864779340235935,0.8882622998426772,0.6248362526054421,0.323469177713261,0.3638699188679275,0.30402298125125415,0.49295737203194057,0.601131712512168,0.38531770855576086,0.2958121918451836,0.3803287846913994
24,0.20502148440749302,0.19946766041766684,0.35167815263985647,0.259544450670927,0.15222495013351522,0.6443930088970728,0.13952046676445207,0.1835557654850355,0.33915976319107266,0.18672590037297465,0.7190788776333453,0.1764940892616783,0.3432946689999933,0.2211717954689315,0.21362924742638056,0.2847274212630455,0.2714409866495886,0.19566851227001758,0.28617277241396,0.3642879290767208,0.4390149652616666,0.09144357138677972,0.1330253156157496,0.18843376381942667,0.2823713973616139,0.7517736427508439,0.20745783951210894,0.13585792977949918,0.195394243396942,0.1357077014361856,0.7787654266541052,0.37596704493221966,0.19726049992436712,0.1818000547278651,0.3277742370541856,0.4394975520955672,0.4200361305239718,0.3751299810537968,0.11639415726548541,0.2750007187894068,0.3904070276304622,0.10017001859659014,0.47730180323747395,0.36862675267044387,0.8927783597523636,0.39990791347660826,0.3235256148216863,0.46746870813281005,0.4275143726463535,0.4169158541374016,0.18966377407784552,0.20160747314388872,0.09442459780184875,0.10757452495104203,0.09450898540311747,0.12592764204934637,0.1642190826748039,0.3398889211373991,0.14719605222757637,0.16007620794366328,0.15220471178079964,0.1558344693670607,0.12447127428617866,0.14137721531639036,0.08005551931261179,0.17068631465126782,0.09232573723783544,0.12079634565361363,0.12340925932533875,0.09770333464983127,0.10279967983862559,0.1817833370941061,0.1760941465974506,0.07568233761935528,0.1403531191756744,0.13907671596523408,0.0862680733364396,0.1020243639935079,0.08500522669632904,0.11816126980752117,0.12358595851953913,0.07013031901133426,0.1269785906445462,0.10396212347500611,0.18157074249280314,0.10108377753777142,0.17913019258479124,0.1277972901543084,0.13351440182597596,0.17953127402497393,0.05616306646241509,0.10571029188179992,0.08575835774650886,0.14727885598204682,0.26924369210973886,0.07656115267650587,0.14288095634880915,0.1785903317570563,0.12386607478623235,0.23638706870504178,0.41534253887938144,0.42778746145094393,0.20645063447527323,0.4364088487821678,0.3073885574430991,0.4411186542194985,0.5540054642482974,0.6781756524065016,0.3125178168178083,0.4258063073156446,0.39459810117255545,0.4003380418936844,0.42440030553853836,0.31047621096168676,0.3013656678030645,0.4116050238780047,0.3161942341627917,0.4446800304079862,0.46324979654399356,0.3246933565128586,0.5271185461242116,0.3618332144193154,0.20335896916890928,0.8863559108682657,0.6189136537824382,0.6640337229477035,0.4890843277777792,0.2719284406649254,0.3479022247463829,0.3236860239627034,0.5079252623617101,0.3296950507789168,0.6941156232454284,0.4526108737905775,0.41417193165683275,0.5357793081617395,0.54988990776542,0.40133256796180616,0.3216089918131233,0.408447353291732,0.39161628148432015,0.3052157529410773,0.24973221778572652,0.49501129759593987,0.558924249930644,0.37751600457997136,0.2578346747780721,0.45497856276512316,0.2997584255949757,0.46808145726464345,0.1275232127695899,0.10787497225137943,0.12279756994737201,0.13590186776408608,0.1641934821807628,0.06923006053738545,0.14122360794609023,0.060558890360217665,0.06762319048870702,0.09118648984712285,0.12054574083349845,0.08049178376904442,0.12298959898039796,0.11896143900212142,0.10198895530821872,0.1273678802611521,0.11643056702513022,0.12317901066312131,0.13099043774782893,0.08790274648319296,0.2006508942327554,0.13011619870195035,0.2168709853533879,0.17637489994234623,0.13865643836338593,0.09733673449494995,0.15578750249832107,0.19409393722800128,0.20511337719259293,0.0906996769011783,0.10074441630893827,0.12824027798315907,0.2069254558207697,0.25090496966994746,0.11104608996143683,0.08705410539022052,0.12118105877723129,0.13504224024831246,0.08833916863268299,0.4403184229711843,0.5495811514413772,0.6993699099489052,0.24774591859165673,0.358232263971325,0.47552296843377284,0.4599252080497308,0.8927783597523636,0.3402062407854787,0.6255611433350854,0.6173461020618665,0.0838042276170684,0.2088034116441081,0.17517067318579393,0.09906530355065934,0.12434644574552667,0.11006098167610845,0.11217233854162478,0.14522487552276575,0.18672427355773202,0.20363662415257733,0.07993141113860658,0.1028060050649483,0.10539078180546768,0.1378376875087941,0.11395906090296093,0.140742156676805,0.12935103695754413,0.17489980518840853,0.10699533358708502,0.23567163185627293,0.16064666955726892,0.15468296689852223,0.09525303040888355,0.124850698710257,0.1852090150249549,0.14107589855720803,0.1346260821017633,0.19021223037766766,0.18577521714714218,0.08291376080361634,0.12850024903269852,0.1396483991098193,0.09242853316635324,0.1664271776120796,0.14698017851858236,0.11422858247237211,0.12306227260450198,0.14141941088392274,0.2389425032612108,0.15324269739389973,0.14390583429295567,0.16613619912061484,0.10452489504056661,0.13020272823387646,0.14191153578250393,0.0858838411831675,0.19462784309595527,0.14705296400117407,0.092332250639243,0.17472592399766285,0.13125541140251695,0.157738976701554,0.1995185810796315,0.10967945571351712,0.0978552542535448,0.12739662132762397,0.1449586874761285,0.10954044408773667,0.13087984334004876,0.17440935982938555,0.060477126396316416,0.08670927857917776,0.07993008476714825,0.3136619300037071,0.09096191691725064,0.11222505508963476,0.18429761127895772,0.0801628786027706,0.12435359025887327,0.23955267054374618,0.11567370685561751,0.07340870622590834,0.0770186534630779,0.12302404409352663,0.20566998790138458,0.13019295403887166,0.33653389821885216,0.06432304578800885,0.12314166225675582,0.0837136826000966,0.15165332960669742,0.12074902196865356,0.1920995355336259,0.23792330230854497,0.30947638077439643,0.08731972510704922,0.09541172126396436,0.09631048768313144,0.08222008527611246,0.13296348635424415,0.12722485604680822,0.17832529272339726,0.16742858784132164,0.08830200800087029,0.1260273994092661,0.13592317028202994,0.13567500419192102,0.26645127593229445,0.11939682533939489,0.07510489917128582,0.22181881394479475,0.3169156386117633,0.1992154474248894,0.25533310888334826,0.11320409452691993,0.13520520280221704,0.19759219990361443,0.309710139345614,0.14015636206540483,0.21448429820997172,0.1712570177393723,0.2695385919375529,0.2178963960154291,0.1992538768604506,0.0978087538726996,0.1533891167149105,0.23498323578555746,0.1511276486933577,0.265990447251205,0.33135916755661365,0.2793239620529845,0.14608300967115884,0.1434645858237179,0.1251119952391856,0.18478449340292413,0.13666503150676357,0.14845067393404288,0.47552296843377284,0.284416231123774,0.4255322430022822,0.21238517959141545,0.358232263971325,0.34055690279607653,0.17865769613327265,0.5196420529770791,0.5906037790169091,0.2633774737461375,0.3692754677045459,0.34434517093785433,0.2724072947742213,0.3433433464227159,0.5587231846305518,0.17207269523803181,0.6255611433350854,0.7622694796245668,0.2195582917073392,0.3287152688087357,0.33116262150499,0.24774591859165673,0.4599252080497308,0.1323952096876041,0.10260632744757003,0.20075766669341055,0.20912765375865472,0.18886782824447734,0.12755859918494517,0.157475664647023,0.1414540200469172,0.1992160278987244,0.4410655407058792,0.1790688943811739,0.15039339713636102,0.16508828852428392,0.17418014074152544,0.21428195954487061,0.14850246373907683,0.2692393231463659,0.1900195885615561,0.3397649327338077,0.08610707690333075,0.37734696790067135,0.11858430971669554,0.1614483816604374,0.07321092560166464,0.1497349270222369,0.2932973575408151,0.5050058403583466,0.22931281726854824,0.25290008613061543,0.32499841221212156,0.13252108997606293,0.17154497487889686,0.1468259684619979,0.29364341039748243,0.14683271484426597,0.29580051934579177,0.5143797125199934,0.15617138988607582,0.14847930392037445,0.7574405657687283,0.6304600803378233,0.38493552023844757,0.21303489009422139,0.14288632554925373,0.20321915810114421,0.35373278507888073,0.12412924321391794,0.21172071262191816,0.11583306366936597,0.44680202167249305,0.2483332901864025,0.31661913219853477,0.17204522659752397,0.3087852589108373,0.15802927162438118,0.21808310138991338,0.2731875729961941,0.19831071409097512,0.3302524701369597,0.24341063687124986,0.18366076687246846,0.3064286260668897,0.2998114863162058,0.1660587273852796,0.13569971060834685,0.1868060301558253,0.214766468429318,0.26893850165492494,0.18158419733837972,0.21696216090125608,0.2788206760990266,0.28267743476491214,0.27475827034831635,0.12310938557513951,0.19532920616448424,0.1387695867331138,0.12097816177784926,0.18856899388212145,0.3177045616801417,0.18210784391807788,0.24060065377363937,0.2018246007708545,0.2681811186030385,0.3539609804015518,0.34920513858433144,0.2156324079068922,0.1949251245833331,0.26667851359429207,0.1824938932797393,0.29592126856516854,0.23313404781773794,0.18689215971561635,0.382690786880189,0.16503584247154302,0.3340793238198413,0.1490100560585581,0.17743203715546685,0.35992276089423625,0.2219311947701783,0.28550274963453515,0.5020415406726999,0.48518595553642185,0.421713672579795,0.4319349896679928,0.3716044034464031,0.5222863841561474,0.5322659460059542,0.47240842612626266,0.4070386753138785,0.28320959717583805,0.6244670484661354,0.3974919170459925,0.6234890943097704,0.7224068590637505,0.643519262101949,0.43246275272714707,0.3667278184002223,0.44881081184089233,0.6012484526286589,0.5135589291822398,0.4296493080199537,0.5320252853877756,0.3829336856757163,0.29162052206975986,0.32943828874622827,0.32457236685961943,0.31382864665491406,0.5335834501609373,0.3311454189124192,0.6896669207351667,0.2578477195702017,0.7675812212451287,0.437100454665594,0.5378047642651562,0.5938243022856031,0.5242185303673719,0.2913013109891701,0.3402062407854787,0.7622694796245668,0.41434205772193256,0.8927783597523636,0.6242608009843348,0.30880156191893793,0.34545181049994156,0.284416231123774,0.5,0.5939901602465447,0.3809518816158056,0.27588502594268927,0.3692754677045459
25,0.19880811999540615,0.1905945240583815,0.326738566833373,0.24935900890197416,0.147394701702804,0.6140861809040001,0.12861000958517022,0.18524636684457607,0.33148971759511114,0.18108515331133768,0.6688884032089584,0.17521844619494742,0.3214557673042484,0.2215739551376119,0.21350969042081902,0.2684075859333859,0.2448133105273429,0.1813780672334785,0.2764520436160349,0.365669925476647,0.38372388784605593,0.08647739700987289,0.13309979296483143,0.1844912177950454,0.28429249333482187,0.7387565141296791,0.20524780650659102,0.1297628654137153,0.19302756209759375,0.13196562851397264,0.7691231048918805,0.3512372676022498,0.19414110129697948,0.1738645827323937,0.32422706899051823,0.433444612169827,0.41737672961602923,0.3653971661802745,0.10674599262660778,0.26605450804372943,0.38105388546964125,0.09873745556156899,0.4700280418898073,0.36599866280685067,0.9010523406643992,0.40459382596256666,0.3212313271917885,0.47765973688009666,0.43199203486561055,0.3982157926282507,0.1938662313825038,0.20395407087657114,0.0932114536045181,0.108041744535605,0.09361708953951065,0.12432645001773412,0.1666114095834027,0.346748394895672,0.15162786128532768,0.15811253204034437,0.15622426818817914,0.159040436268565,0.12481347388758823,0.13943270134150298,0.07755897455581873,0.17578203414218485,0.09081012039597003,0.12160132449262173,0.12451634595654404,0.09699301195517052,0.10287241899632749,0.184843689777207,0.1741700865179373,0.07604730738954557,0.13873297003123097,0.13550334900476013,0.08430760011791971,0.09744692974528524,0.08526522127640501,0.12117264578043829,0.12271044823631938,0.07006839056435377,0.1250361103655233,0.10290815940271714,0.17965635148222625,0.10337811541057795,0.17052392321215448,0.12790339309786858,0.13240802152076792,0.1806324897762741,0.057449475006958295,0.10745426578338502,0.08698251106394506,0.14367453671103714,0.27057101145105766,0.0770428947790649,0.14527177567988125,0.1785559678059816,0.1225395165236769,0.24290524873952501,0.42457515782925326,0.4393585078324662,0.2040835296289767,0.4434944192951106,0.3137847275844782,0.44861689781693137,0.5633772228350001,0.691799196159949,0.31825398322367826,0.4327713867841525,0.39784934630149926,0.4064015332902331,0.4315965950158759,0.3167856483969239,0.29708655373465453,0.4197789535481694,0.3214765361009191,0.44208680421216273,0.47630792175696535,0.3325912556339937,0.5400994919162263,0.3717351493655743,0.20847769128852167,0.8949527374467879,0.62477274770777,0.6786548484780157,0.5,0.2790399185307342,0.3515549840051889,0.331908261586212,0.512070993064569,0.3290011100691842,0.7061736604638348,0.46269982311608626,0.42211254752890215,0.5486273517479623,0.5574741038063442,0.410225092271429,0.3219980332402196,0.4146673499821274,0.40198916691075626,0.3117138001875003,0.2510803253264112,0.5051231911865385,0.5725254175476326,0.3813395785118816,0.26153753593331797,0.4621024036837018,0.306247899960437,0.48096732792769425,0.12370605078936014,0.10475985792509312,0.11903692476116812,0.1308160210288113,0.16206538232056988,0.06809282581646514,0.14236290723416267,0.06097845983474015,0.06480343296539581,0.08956455832295762,0.11634507197284838,0.08027234443629139,0.12187689458899542,0.11811500941860709,0.09814773486348982,0.12779512071832744,0.11526675594699853,0.11736032914417682,0.1296498026274091,0.08830193679758802,0.20331183203704506,0.12731990092490997,0.21043266185375042,0.1575567934079083,0.13199943752343968,0.09351566164034253,0.15143531741132887,0.18488715951369372,0.20044028575706785,0.09095087479842612,0.10130387902515525,0.1312693784022546,0.20713196051788496,0.2364692868955527,0.11333512689075764,0.08226537816469892,0.11924118478370127,0.13452131047576388,0.08192231134613859,0.44390562127977884,0.5381529333244428,0.6656117285551161,0.22487293060236946,0.315632675735827,0.4354512030773795,0.4530522274643828,0.9010523406643992,0.31611739064745237,0.6164409002924264,0.6221482855064433,0.08071361617683903,0.20177448380366836,0.16480529766013097,0.09170060274872704,0.1242257077575305,0.10304852599259484,0.10690081132333062,0.14295199994180197,0.17572761556171446,0.18499458930225332,0.07616111909920908,0.1011049057170118,0.10510192617075564,0.13208428036882647,0.11051604860612774,0.13462164536339183,0.12153987205783434,0.1712137411048542,0.10190275304189711,0.22700636373989447,0.15654968460744956,0.14841988780905835,0.09470730338664635,0.12182642339471039,0.16573185010279112,0.1384532337146307,0.13262149882978147,0.1890423684310918,0.16751467297212175,0.07902474965318884,0.12055291215409947,0.12781278981201205,0.08904133798827607,0.15998007603732511,0.13647248952894653,0.107405002150197,0.12284849444468782,0.13398125656246573,0.15611563876864432,0.1423783960607342,0.13599166322938894,0.16580383893771822,0.10157271712035332,0.1292659006067518,0.14168798801228744,0.07700579908919292,0.1667999482412651,0.13251452963991928,0.08426928552820823,0.16523776598739726,0.1274402567223939,0.15963285567405805,0.1986359850022481,0.11078564210322994,0.0977797820717412,0.12685957668291514,0.14878560122159146,0.1120599464777906,0.1325551717875615,0.17360251879149213,0.06143331805680219,0.08730692523582595,0.08061849771746077,0.3096306111496565,0.08759420130631279,0.11220005329379135,0.18975672820862233,0.08032912979037421,0.12680969984415025,0.22830827081357974,0.11616236813522418,0.07255279874184317,0.07865354364155785,0.12035352343132855,0.20555812680293462,0.13012370550097796,0.3431644975664099,0.06518691251961306,0.12495004551769995,0.08034229766609235,0.15525712274833992,0.11891477959385466,0.19269998802176935,0.24469186049296565,0.30562028684969655,0.08811569792924634,0.09340977589855515,0.09760309769748665,0.08321104925125289,0.13571101965825771,0.12920166800801325,0.17867218157937703,0.1667968140572702,0.08879914104473252,0.12250081537696889,0.13642775706918375,0.13452360028460741,0.27106201299837474,0.12005521817294307,0.07606205840422187,0.2187264455387078,0.3226569608474936,0.2031475191911516,0.2574450568750831,0.11164465717582173,0.13672242419409786,0.18873617065114368,0.3125899682651224,0.14108234353625904,0.21696511680675679,0.17308914518694762,0.27075892912979327,0.21888107313483418,0.20386835768045863,0.09703314360348803,0.15674311989705336,0.24240636426463724,0.1538831882268935,0.27085632903703394,0.33991019480719853,0.2807949340724305,0.1486966337245439,0.14490400740662446,0.12102949855810696,0.18890661973639922,0.1400746425231001,0.14801858232365728,0.4354512030773795,0.25795809900120104,0.40416562509595666,0.2086589887667064,0.315632675735827,0.31989906541531676,0.17652316196746565,0.532247475771378,0.556659888571672,0.24679835267909733,0.3725319302032729,0.34237909371883146,0.28152226329783636,0.3319350317436398,0.5450819891893278,0.168839831571445,0.6164409002924264,0.7734588030125528,0.21482113063031538,0.3081741767250461,0.3202700261561977,0.22487293060236946,0.4530522274643828,0.13333430487386222,0.09884371122741065,0.195460749203754,0.19881400072175603,0.178634721901606,0.11842529061657481,0.15524681490516656,0.1365442720709107,0.19486375626324448,0.40961854370185435,0.17198510793397537,0.14686512410397579,0.1470805364280996,0.17236696151513753,0.20751415545574203,0.14130054190095198,0.2444000365383563,0.18015660813067214,0.33438594549348066,0.08671499007865469,0.3660744823911958,0.11047670026784673,0.1552740898357684,0.07297473104369068,0.1413756428718963,0.26874489156692916,0.4871654670694304,0.2185075302591063,0.2538149580485193,0.31658023578364525,0.12532674882158634,0.15824621037170228,0.14342041999214683,0.27246961653048907,0.14179550865140478,0.28834601260876935,0.4980078300852979,0.1483335919422747,0.13649968718431305,0.7316616936872062,0.5967476321120557,0.3852473158596492,0.19645169144507868,0.13973834180082478,0.2007931986203374,0.31945377819869625,0.11396955872371917,0.18956410492779485,0.10387349989792571,0.4473563348870139,0.2483477172101396,0.32546242314628326,0.1737835184020321,0.3152954645086995,0.15714887460178217,0.21932461320368868,0.2683761095762168,0.2009891171464293,0.33679601192194764,0.24768894079993398,0.17614712371630803,0.31068034683528556,0.3069600757187849,0.16572014187028672,0.13546475269196756,0.18752382933320066,0.21960898217874159,0.27511980061269803,0.18347657741934598,0.21916215869528954,0.2858821845419971,0.28579260935953643,0.28057542603349594,0.12224485636320592,0.19852766542153222,0.14148055667681259,0.12153300815637091,0.19212335257088853,0.32006280266249054,0.18435253189038647,0.24219415655740628,0.19611993216752144,0.2676116301930952,0.3554005718417601,0.34924694399238776,0.20627662118654877,0.19394105897284564,0.2709162283051,0.18547030432295608,0.30375219263266906,0.232903603035019,0.18871293761042462,0.3922575084823229,0.1656600704861454,0.339901665018558,0.1502053902919912,0.1779151964083896,0.3708704196451119,0.2249385971177872,0.2917888897420403,0.5158054021913339,0.49525294379872375,0.4149358604095321,0.4425066135167457,0.3787091449209804,0.5357198683011561,0.5473008744392316,0.4839986985683751,0.4173467346386792,0.28866696743956144,0.6360620340830658,0.4035683504467048,0.6354000593660363,0.735013163507672,0.6572895612384146,0.4387729226134416,0.3715147032100411,0.45951892066896693,0.614220676171747,0.529183349157527,0.44034126864775447,0.5422069395933131,0.39222960894823544,0.2942912761821609,0.3369224241367961,0.32678603445241683,0.32126868264104613,0.5419761199270408,0.3341970410723565,0.7055885637505479,0.26217199130754165,0.7785439553330713,0.44643075317983594,0.551049050971842,0.605636864649196,0.5244930512142639,0.2808383950053762,0.31611739064745237,0.7734588030125528,0.42334742164088,0.9010523406643992,0.6017003875166282,0.2949782444567006,0.3325494195518566,0.25795809900120104,0.5007302924473332,0.6009911289093042,0.373206697566308,0.25324165559576384,0.3725319302032729
26,0.1969574019675372,0.18924280382426528,0.3143598416942577,0.24203707463705404,0.1440894992409275,0.6092109799414296,0.12606023058449145,0.1785936346325453,0.3266992298227245,0.1676112319329347,0.6644737370492692,0.16709030712416229,0.31699447815694193,0.21288039293362349,0.2060011511844655,0.259062157583856,0.23823161838919393,0.17439945020609515,0.27416186979995705,0.35982638861797356,0.3776558413971729,0.08193666113158837,0.12908167281184524,0.18311871260174295,0.27387578123614775,0.7325040023834483,0.2018161576455879,0.12719102517451664,0.1907573939744328,0.12963832386117569,0.7737594421803806,0.3481275697581947,0.1878542151410718,0.1697012116911647,0.3211090914706327,0.4326155950692081,0.41506872025293384,0.36091554323382546,0.10144294348781124,0.2556482272309346,0.3766888940273234,0.09571876513368882,0.4696860795911588,0.35961594962716203,0.9007764426954814,0.4037227009265716,0.3146668149433216,0.4774214932084302,0.4221484663943881,0.3869866005424032,0.18096455313121618,0.19744459724897956,0.08413231902432394,0.10057653063137562,0.08801293404296673,0.11944108931748121,0.15626608551181487,0.3230828530225406,0.14156499138767165,0.14049582661704607,0.14960323802105957,0.15274482798266453,0.11794808753431285,0.13021822139121764,0.07145139179919469,0.16632562440166654,0.08436547589301624,0.11051806773595862,0.11519531105119296,0.090000959047155,0.09206087632355464,0.1673869957049341,0.16954048278260903,0.07019490570243292,0.1340277709818879,0.13215487398605397,0.07620027066801582,0.09071395283437866,0.07910087849026959,0.11596938760292153,0.11710945075372226,0.06529390786448719,0.12097618557845435,0.09567046655387812,0.1700143670157519,0.0922878730405885,0.15772224031616933,0.11797045259865091,0.1219510078552637,0.16302448780973733,0.05193017009331491,0.10259642637510336,0.07998016405527775,0.13463411454492358,0.26481441152472507,0.07287317489198841,0.1376037699910847,0.1731329731313782,0.11464433381727779,0.22966786231760994,0.42478920652532437,0.4383619295747231,0.2021557755195077,0.43893140025568844,0.3149960112212641,0.44894695896285863,0.5651213918493001,0.6917940002456359,0.3148394834949163,0.43173731985117125,0.3968155978153888,0.40088377766728245,0.43237818015935825,0.3150346727325215,0.2956840241961455,0.4193735320411798,0.31879043687737907,0.43881811897802003,0.4743055901379516,0.32943544256871626,0.5409483718293036,0.3714586681779547,0.20442670728042056,0.8972621602111459,0.6229226694727477,0.6837643217938556,0.5029815285423687,0.27727659576675845,0.3461031565293975,0.3286528633704243,0.5067498616957657,0.3259399565647122,0.7048835200069525,0.45960356722747886,0.4242777508917236,0.5425029021637799,0.5563913336922428,0.41062681038788984,0.3160167162584221,0.4132735593575042,0.3999445845019681,0.31057410487884496,0.24456360366207264,0.5059219376667192,0.5672553748768171,0.38097775472795126,0.26144776683791504,0.4575501321107627,0.30432784108932387,0.4823808883507683,0.1125140716336499,0.097227824331937,0.1018609442830396,0.12072356777814175,0.14340937293208655,0.060931490526303644,0.13491847812867663,0.056602486760391146,0.05887318458485791,0.08384407530798266,0.10563447709439933,0.07416405253089864,0.11682631583049075,0.11506351274110793,0.09325387122544504,0.11700039519557603,0.10204930092290243,0.11031986035386632,0.1204108043662322,0.08536200436785468,0.19262564982928843,0.12448705068300059,0.1885405615296769,0.14851959458995445,0.12223140193860693,0.08810084940871254,0.14401466540601027,0.1710608480103376,0.1853615245836031,0.08554248869942815,0.09523649647485977,0.12144423175200147,0.18907844593193512,0.2174326267249891,0.11168460026877103,0.07495909707868498,0.10825588125805474,0.12842090747184165,0.0781548656028378,0.4323877024671874,0.5270163905122717,0.6518747675578325,0.22157944059502688,0.3103736389320163,0.4314526940366161,0.44809032166333307,0.9007764426954814,0.2994849957293425,0.6048883604076963,0.6208105482952031,0.07679421785819274,0.1911556296952146,0.15874799770585601,0.08060851912155131,0.10865341328873579,0.09669680293563698,0.10182531687490237,0.12865686704940327,0.16611301572994708,0.18112225428840256,0.06821742570321743,0.09712234680817255,0.09933477420816539,0.12756282324189305,0.1056887922100963,0.12406508543694095,0.11415042853017043,0.16648215984983228,0.09662254732356668,0.22068166907860343,0.13820526345901052,0.1361269479415892,0.09100861933004045,0.11796731649074821,0.1529985080504087,0.13341930465733165,0.125266362065379,0.1800363279986703,0.15632255268143624,0.07082913019502024,0.11739883606507939,0.11793313110968517,0.08199436727210496,0.15100113416614536,0.12288109718610907,0.10071656598770384,0.11460966858274657,0.13017311938068077,0.14950350045337046,0.13233616931978054,0.1306211152650154,0.15939921210104302,0.09816312400177318,0.12246528458210781,0.13407743775894132,0.07243376770866405,0.16392370505983456,0.1194977161159465,0.08032584785368524,0.15460502975213453,0.11118400830687358,0.13988648282309923,0.18347125743257797,0.09884255591193614,0.08570669986498336,0.11520567148441574,0.1355285556975131,0.10437326027621263,0.1236054547621166,0.152611253776882,0.05589583463515402,0.07802959617231486,0.0669662514970858,0.28904828924500703,0.07734357466164965,0.10402962695603901,0.15900069653164817,0.07227629378975553,0.11712863652710193,0.1964566858891128,0.107277257666331,0.06420560019421484,0.07250612216356334,0.1083738657847898,0.1727998662263842,0.11422839818176433,0.3049602987941783,0.05835323719786378,0.10734042759044338,0.07304806008140807,0.13427176041343403,0.08283119424040819,0.1641383769900827,0.22406511023389608,0.28803823978952936,0.08127767972636812,0.08469368306818004,0.088500029774087,0.0711229781397743,0.12462879951067363,0.11813808945077908,0.15289373868871714,0.1554981942544975,0.07858015047674649,0.1113830228767424,0.12338933494164595,0.11932453725637793,0.24573573848769792,0.1020180735584274,0.06807472076525722,0.213096454316273,0.31536863790718717,0.18919552630595082,0.2542278907770781,0.10117456676665249,0.12871822440980218,0.1842620460590304,0.30472231017564655,0.13745898954790792,0.2087709443263699,0.16201472770362968,0.2631396378141396,0.20998641995541667,0.19497219087627915,0.08619033868765458,0.15181825852789255,0.23094082613895695,0.1444461574270377,0.267145438449094,0.32272961881324835,0.2730908133858626,0.14035347443256851,0.14022710387335824,0.10651416465381813,0.175399395633411,0.13191383995602102,0.13784723165883528,0.4314526940366161,0.2538545079165909,0.4053531677300831,0.20582771316771786,0.3103736389320163,0.3176294182239746,0.17391035280538225,0.5302281835927074,0.5509502321628894,0.23399571617558412,0.3565976621895012,0.3382294154884776,0.27705920551028906,0.3295923375026393,0.5414117372353708,0.16666202943330644,0.6048883604076963,0.774674117925465,0.20340621560859884,0.30201893543269154,0.3173787423145831,0.22157944059502688,0.44809032166333307,0.1304173570159528,0.0933670290373193,0.1853608164079361,0.1959974575550495,0.16758992783237192,0.1132447088799986,0.15129127074067994,0.13462081538442805,0.19073561084580348,0.4009178422395052,0.17132397868307725,0.1400870190430944,0.14576477840273283,0.17263273649921673,0.20447169492448136,0.13792011860167486,0.23924027013657279,0.17681483667220865,0.32941785293858084,0.08545476695737664,0.3648530204757199,0.10822308474256093,0.1496424427479962,0.06993335929242095,0.13343979852181886,0.2574917836747357,0.48321081286731193,0.21042148030426866,0.249284566084793,0.31711830724943424,0.12145571222264884,0.15623400988216107,0.13410891247070345,0.2716028011552496,0.13854913387514423,0.28606831912798325,0.5,0.14260352525132347,0.13386729144588894,0.7317571074799087,0.5963962119574293,0.3828862131617712,0.18984543692339284,0.1357393495621977,0.19604307279648558,0.30987378529428555,0.11190264389437554,0.18838603072653537,0.10094789686633865,0.44721903282281195,0.2366449460793142,0.3171440980738143,0.1652411620217633,0.3072700502870994,0.14893347544167934,0.20378256017223373,0.2567229096545489,0.18465094558764616,0.32764427818959274,0.2394543620309394,0.159469550283579,0.29747349995178807,0.2998916566005946,0.1497653263952584,0.12436367088649447,0.17660826581344258,0.20957109836359533,0.2691587504345855,0.17240783559033657,0.20824715279264672,0.27806054344731224,0.27254103710502686,0.26944774836205165,0.11067757099684583,0.1872993463582231,0.12877917875051914,0.10838913218265478,0.17966853997461707,0.3060458908012089,0.17448056954575997,0.2323059259568886,0.18008741577017107,0.2566440280601967,0.33787629500882943,0.33834902125891797,0.1978357656171822,0.18073498739391414,0.26077063755135876,0.1781016761878118,0.2981858974442362,0.22362292100397374,0.1812540152175094,0.3692440849914802,0.15538981459367107,0.3325722949503419,0.13985121751754448,0.17270534776480162,0.36129490824614596,0.2086842103364972,0.27917403747356473,0.5193696007844667,0.491568065386797,0.4082652779833963,0.43016900966443206,0.3727703058672841,0.5382048485288997,0.5500851256944654,0.4809003318697649,0.4139539705369274,0.28590610706623654,0.6355185144381581,0.40050509667901646,0.638195137533925,0.7375339957301186,0.6580793337984048,0.42923141588234504,0.3655481168855309,0.45566005794405307,0.6121558456129944,0.5314990562147883,0.4388849343067184,0.5422963058075678,0.3904779611038579,0.2874957113088893,0.3279964428457516,0.32552049336664335,0.3180946141817863,0.5392843431425971,0.32737996752358545,0.7074025438495517,0.25538276957885886,0.7813464345061227,0.4441585148883661,0.5519466664187362,0.601382986813527,0.5239425385386747,0.27107095425099237,0.2994849957293425,0.774674117925465,0.42002628158127153,0.9007764426954814,0.5993958989976941,0.287842733604305,0.32639517936211215,0.2538545079165909,0.4987143667775955,0.5970721654271322,0.3526283889268844,0.24474344012999005,0.3565976621895012
27,0.2123575503088747,0.2052308054809211,0.33826448527238717,0.2602069079983773,0.15529303959050456,0.6420584561621505,0.1368193699292115,0.19302080516044973,0.3516100299924514,0.18084132190454372,0.6961478749305463,0.1807895638557271,0.33971168254526196,0.22772585323823502,0.22074954091247323,0.27829286292137256,0.25629727753798737,0.1886261829376047,0.29493842028663564,0.3855767386231542,0.40470809115049633,0.08813818686669483,0.13969518281294369,0.19848410994167565,0.29503605541056466,0.7640957766613947,0.21634232115522067,0.1374810019532572,0.20677725957901172,0.14031299229806182,0.8042862136364087,0.3732085831160399,0.20224040093136486,0.18296365427615124,0.3452603407147746,0.46150932684974666,0.4428748144249758,0.3870054640574583,0.10988586844360626,0.2741084313615807,0.4032157167214523,0.10335806407425907,0.4994204768514413,0.3849085645848166,0.903405408592275,0.3912339906105715,0.31977869858120767,0.44760935186066964,0.4418278911868523,0.3849044461809895,0.18843624621367983,0.18825681104992953,0.08612662190090958,0.09832491170328295,0.08884537002504045,0.11764708394780443,0.1668718197597826,0.3258996998192062,0.1399898004653587,0.14308487478803988,0.15103785421313498,0.15979989141459683,0.11851060453808537,0.13489229041370965,0.07124476911891275,0.17235271134507546,0.08363683017105605,0.10726381263934959,0.11806902228625005,0.09352353694237037,0.0962081503607507,0.1717536059681669,0.1608286122594338,0.07028973504402591,0.13949098658804449,0.136912290424146,0.07592529300743589,0.09192421081029678,0.08078810286727744,0.1187696241892241,0.1202518368602511,0.06759194737884533,0.12396076288291835,0.09807433311506975,0.16578237377436478,0.09424093305947456,0.1563129075161368,0.12071900368607213,0.12432877937317621,0.15867953938683454,0.053607592903877066,0.10234924026552816,0.08166913853812863,0.13076800562193824,0.26678587475749704,0.07440538559976995,0.13720550370075923,0.18278112436824412,0.11913137387243544,0.23184068951636128,0.42485617668688735,0.4323446927882114,0.19337048682582147,0.4285038266060801,0.30607761575796855,0.42058099299039264,0.5590668869482497,0.6828432985708811,0.3036822730393257,0.4335153053663636,0.36196327685543794,0.3840111431030673,0.4101181191060248,0.3003626059760771,0.28572144405329036,0.3965389458552967,0.30159468950973223,0.4056467302204301,0.4652208682223896,0.3142463873424496,0.542736015459145,0.36561644493242285,0.1913076216620183,0.8940710745948591,0.6166002128712744,0.6807950581629495,0.5,0.2517211062616683,0.32600221548568675,0.30924747283490783,0.49239916182728805,0.3252152211697502,0.6863814001679606,0.4400157522732473,0.41608971363465763,0.5290767714931535,0.5505564673950827,0.4000743329688129,0.2976285605110457,0.40119535514625126,0.384952685244067,0.2985899294683291,0.23644637560988113,0.5091253694259135,0.5473598370929822,0.3569833703222882,0.23997027908607982,0.4670602587716909,0.2973228524242618,0.4808205079690304,0.11668010212017632,0.1032398416531104,0.10702750039733944,0.12788538008398576,0.1515082000167438,0.06235242917548711,0.14279917884403825,0.06129847813412492,0.06248240918434955,0.08874997190924094,0.111049255191496,0.07849900488909245,0.123742881244157,0.1226113047509606,0.09765610625016186,0.11643501477690121,0.10471984918058486,0.11783826132096253,0.12329695315888023,0.08837510503842394,0.2002539904449222,0.1347442776523332,0.19562848764418672,0.15908238379113782,0.12931825284239096,0.09339643428668132,0.15269790571723663,0.17252336808877167,0.19308318366238864,0.09035533924550421,0.09885034849873042,0.1241670723835614,0.19955278227123274,0.233325072169551,0.11950715676611534,0.07917093797488417,0.11197433857544459,0.13648930931334546,0.08294916787998252,0.43832249731550177,0.537841671897385,0.6843052776890752,0.23376874837179362,0.33116190082857655,0.4590463113327359,0.447992575486716,0.903405408592275,0.31421906329000737,0.608444589648811,0.6241286726242765,0.0808934293549417,0.2011706548989729,0.1656260904934277,0.08269846874514608,0.11185436041951569,0.10370036040601183,0.10878890498433536,0.1347454802211504,0.1775473751123564,0.18955346220963665,0.07135251416738986,0.10315007371662388,0.10610203394079643,0.13590224746325774,0.11146626670090187,0.12663959093211608,0.12257235489312568,0.1783747304356592,0.10312855301550472,0.22705773568706955,0.1434767984441052,0.14315099427241995,0.09717809507540287,0.12577940038486002,0.16201697615572952,0.1406879195277133,0.13220236650665718,0.19021458912274158,0.16056870547591173,0.07487583926781194,0.12402435173031856,0.12359369561605149,0.08576515023005671,0.16214895761443293,0.1271168206960427,0.10532227117618376,0.1226188546158774,0.13864908900555029,0.15615537403241841,0.13734173587472198,0.1386912108400088,0.17165266859354056,0.10432353990532406,0.13097681150038887,0.1402110412656732,0.07708743842091514,0.17119309542719385,0.12342497133152752,0.08624098114578493,0.1637669994940314,0.11174152716943608,0.14211160673054635,0.18592371717181555,0.09833728744723702,0.0839982390493691,0.11588300412841646,0.13721055206922828,0.10665385087033408,0.12716281598949686,0.1576474847191266,0.05640814369796732,0.08171241108431704,0.06859971017686495,0.2852413780712897,0.07910825664026444,0.10183081447950726,0.1627705357439606,0.07383570856492527,0.11770553809453221,0.20321787394667135,0.10511579161878337,0.06291452624356608,0.07361711315245767,0.10945990181264353,0.17697421607989305,0.11588642177948327,0.31427287749650046,0.059588253510233447,0.10985353358357719,0.07431506055012915,0.13602124585414932,0.08508786895754128,0.16727487481491687,0.22685264550325457,0.2844195552387473,0.08222875643827232,0.08685917021477751,0.09261845509939204,0.07229632843088363,0.12681110742945856,0.12155912197726304,0.14887903364055421,0.15970078048529324,0.08229140710446792,0.1107518317065389,0.12496395360902623,0.12261506765043428,0.2296282530969449,0.10378660254439065,0.06946507863985263,0.19990509885454089,0.29256725313535203,0.17989179492395457,0.2511788547202337,0.09755898837517751,0.12221313044680893,0.1776443254041573,0.299838501301225,0.12801981250872718,0.1719493015720539,0.15511612106427475,0.25831130535602065,0.19946264949997694,0.19606719995978317,0.08063315678208494,0.1480574236831581,0.21640522483635993,0.14272562372206388,0.2562959354562564,0.3248426951032234,0.2640684516206382,0.13744424349988238,0.13556762311242354,0.10492630182557283,0.16726937293335542,0.12754227768528525,0.131045559025586,0.4590463113327359,0.27102269054115224,0.4320905687698061,0.22167521153974334,0.33116190082857655,0.33684793677609914,0.18684554701189016,0.5159204049098818,0.56758985016215,0.24325688388557887,0.36571908368016326,0.3487652402471567,0.2759092767180418,0.35204311579927217,0.5404034156007532,0.17899425864929652,0.608444589648811,0.7699763271871923,0.19822062185237532,0.31338183017646337,0.34120881374659995,0.23376874837179362,0.447992575486716,0.14101173349415352,0.09943311662909127,0.19828206769319867,0.21125510083916166,0.17952628666557158,0.12029924505608636,0.16177183610278756,0.14534443148671183,0.20527593936841715,0.4258991152190761,0.18497343824878354,0.1460606250637202,0.15555905842332174,0.18657288362030655,0.2209327690559686,0.1459208124630501,0.2570576869515748,0.18859588465546362,0.3479086091151625,0.09214570424199087,0.3913343003012114,0.11712740223134299,0.15960999710429158,0.07516215939206128,0.1427979319494359,0.27597150088434474,0.5095875101832276,0.22272943758629937,0.26886874674145633,0.34005380681682884,0.1314723629072867,0.16821000211774917,0.14226444161519303,0.29230380428297376,0.15009409036429322,0.3046431954462929,0.5303121678662147,0.1522703687553354,0.14452947673087146,0.7633108976382429,0.6295323368439416,0.41033299404310264,0.2047540453116069,0.14635056870616237,0.20621237592925512,0.3294517801589514,0.12070556563399848,0.2033234450370951,0.10783674533616816,0.47678557846651537,0.23796101025642213,0.3021428570976704,0.16247252644227606,0.2981113215079768,0.14730438903397736,0.19823778336396325,0.25476243786847375,0.17691762777292386,0.3152423311961601,0.23965794831084786,0.16017241270485671,0.2948220693875706,0.28207554610935914,0.14753074651910503,0.11772185841699434,0.1771563942059401,0.20532164570159783,0.26243765524711216,0.17108076573845798,0.20332206212777904,0.28022022481354103,0.25078834874573386,0.2532801069126226,0.10984716746210188,0.18262137959632396,0.12728583376321023,0.10992648484702983,0.18245865267081784,0.30217125903546793,0.16984009675816458,0.2235359594589218,0.17714796460482163,0.24620688898894838,0.3310435275720762,0.33077658422432943,0.19701324009251187,0.1713286175435863,0.2566811140361063,0.17106967597942713,0.28796618913527794,0.2219181289272607,0.1826721996004308,0.3611154893874985,0.15466651499931716,0.31812076002169565,0.1430901929228665,0.17335588131550894,0.35666355415667184,0.2064649609585515,0.272984658233959,0.4876473821070022,0.49559944693151237,0.3854688023845607,0.413784279427027,0.37022699420056826,0.526757891559748,0.541246201393174,0.4728532149230076,0.3910472877163076,0.27866063178978184,0.6285520934764723,0.3975056378492795,0.6174708428521745,0.7429908832947376,0.6491844701379468,0.43124097667333183,0.3717647187349379,0.437288316534337,0.620466513325755,0.526472723917733,0.43392474839997075,0.5202831797758952,0.3831948100376745,0.2841904552801958,0.309250572000214,0.3165751159131537,0.3080874765631929,0.5261547922852907,0.311594785080615,0.7016333827373271,0.2435200552189115,0.7676416493746729,0.4339344428190728,0.5458781896513494,0.6100748153085797,0.5017068702216667,0.28772595584358995,0.31421906329000737,0.7699763271871923,0.41667304782250547,0.903405408592275,0.6101401086719526,0.299443390673922,0.33762861811076916,0.27102269054115224,0.5047141330413362,0.6052088576572399,0.3566048685928508,0.2550131446888011,0.36571908368016326
28,0.1974193143148658,0.18738033543761512,0.2907825136917116,0.24128387891837622,0.13705046282479905,0.5997465367225443,0.1255121543185329,0.1840766881871172,0.31895809506093575,0.15901460191825822,0.665625826851288,0.16142852025994503,0.3246506663242521,0.21155757553954435,0.20809572346968175,0.25109471250649484,0.2323520556213977,0.16774439697578591,0.2797225306382354,0.3559634410697682,0.37189901877749953,0.07873361950570501,0.12957125737753894,0.17737772664722762,0.2700578038338035,0.7459563071120292,0.2026459156332845,0.12299336714159825,0.1924379817393831,0.1258281210484672,0.7653895745009593,0.3530989429730387,0.18218429117229917,0.1645803278813337,0.3250449374446741,0.43371621289589213,0.42385788798134216,0.3478719733451784,0.09868196039169164,0.2517209678917999,0.38244995024855144,0.09285927998436339,0.4726725444969807,0.3722022341423895,0.9080913915777384,0.39466044590712257,0.30239833507167757,0.45758525898933455,0.41947210447236283,0.36997972365018417,0.18744736535108852,0.18487223737401692,0.07901979960980032,0.09502068946555131,0.08032540890977347,0.11635672697830468,0.1606232631772373,0.31258162735012085,0.13964015818320707,0.14007273015270738,0.1478691356884002,0.15144809213851196,0.11508395758082834,0.12793322236094817,0.06916147268100148,0.16707004457153596,0.0801316855188764,0.10183486411995601,0.10718211708464886,0.0858079268885571,0.09053801783667337,0.15943673809946124,0.16191652170273996,0.06793573994900082,0.12694763070500814,0.13158919342127495,0.0719915102038935,0.08822382676560381,0.07244114607376007,0.11603947932765257,0.11429760792868604,0.06474344233944229,0.11641060776599099,0.0922357080707219,0.16396715158583552,0.08992434907403757,0.15055528631597415,0.11173151926159408,0.11646662576195854,0.1532538992830922,0.05068491049706203,0.09958136501694059,0.07800782307723075,0.12698750222614874,0.25708339867747476,0.0720290136525259,0.13579681979986868,0.17522906871302912,0.10684845420951383,0.22835802545839767,0.43312136263732237,0.44029834249212496,0.19358185130410266,0.4253186622548236,0.31319034526756295,0.4286317053427774,0.5682279811052479,0.691510516946702,0.3069809880957425,0.4413822485427962,0.3667847803858483,0.3896881817793455,0.4147993275832267,0.3051479325075356,0.28810286381378647,0.4039640876610048,0.3063613012197396,0.415084603941856,0.4756346928450468,0.32086733819712043,0.5532974758926446,0.37234926059027973,0.19374642391962416,0.900282315100222,0.6262445513733395,0.6925270902701464,0.5087054610579491,0.2579439273364601,0.33007135942479093,0.31628975352960864,0.5,0.32541324212298983,0.6964449482074165,0.4500199323259588,0.42328271762444825,0.5369856608789227,0.5603502389522896,0.4024730029796951,0.30459800636971646,0.40456554416425183,0.3892460572864125,0.30440041713833466,0.2393191591000292,0.5159062112246557,0.5558748578444423,0.36295603557345457,0.24511886904027325,0.4685886618157613,0.30353407703876645,0.49103331140266304,0.11038975530054496,0.08921666212129942,0.10156918868047082,0.11282544060353017,0.1362603279406358,0.05574685408010904,0.13611592782111914,0.055305334944583784,0.05799593011382376,0.07936845069642562,0.10354690604562689,0.07347439787593746,0.11355573555345078,0.11147014844680792,0.08985882829561553,0.10907498324337017,0.0970503891345289,0.10653317807114826,0.11119542583101105,0.07994596406703669,0.1883892616525974,0.11477163190398787,0.1822057146302335,0.14714735551685854,0.11272198473270234,0.0836857932730174,0.138204414689043,0.16661375609163975,0.18262802143380774,0.08434334767567064,0.09074277318553059,0.11818255110414988,0.1813014084469936,0.21862431141348537,0.10607075966047264,0.06766096364046914,0.1058515479743698,0.12375669752513818,0.07260933199638253,0.43705547806356415,0.5242810140090501,0.664310011882715,0.21377668038273323,0.2965452042234159,0.41759721040127196,0.44267316897933073,0.9080913915777384,0.2957766302090289,0.6009234020067007,0.6324413871023227,0.07005886642731463,0.18797840260650422,0.14767880596335414,0.07887008270068518,0.10417519484268511,0.09124651655997584,0.09901658527322454,0.12554442796081366,0.15420785222319022,0.17670999689762834,0.06272580908851133,0.09441015736457714,0.09368288356248988,0.12326753224935616,0.09851720964775934,0.1144510144837505,0.11166897943899867,0.16796505760514857,0.09356828243725013,0.21095814905571886,0.13211813819203932,0.13330091562589186,0.09146889442025374,0.11392007913155267,0.14573525992206315,0.12955153619458426,0.11683420348818507,0.1645441657293929,0.14097684211550876,0.06753336975300539,0.11171945783396453,0.11289854258626975,0.07724600512874791,0.1477850363674319,0.11763375683652,0.09617602011278448,0.1138196211235889,0.12718138595266493,0.1458379889605418,0.119977919736317,0.1198821339668591,0.1574042706983647,0.0928869288282883,0.11754773356740233,0.13461458381881541,0.06771798379682359,0.1497770353468142,0.1110765715853893,0.08052973113901707,0.15510229709453593,0.10970787045634112,0.13781513123802425,0.18528622659363891,0.09464619507274807,0.08069596786462452,0.11375404755628449,0.13389304331124274,0.10363717272063167,0.12509629797324506,0.15275716863454925,0.05418750235125025,0.07823849197830934,0.06705675356705132,0.2841800737829915,0.07676107572641166,0.10055112566198277,0.16161166368412416,0.07014550777339712,0.11182282720540715,0.1973732015085261,0.10515031797862684,0.06167554941034359,0.0697976876569576,0.10786594531134597,0.16398820556652793,0.11315672234680374,0.31542838987153987,0.056807425164317804,0.10987049892750267,0.06872350828156615,0.13027967776277638,0.08143280799258323,0.16712224579991486,0.22820511660019782,0.28325313584431355,0.07997364090234671,0.08479003781012806,0.09076058355198147,0.06854997261459428,0.12255677683688748,0.1174817101108091,0.14758801664132248,0.15401612472928417,0.07834788513670077,0.10768231007377504,0.11362587908388044,0.1168798633903626,0.22696053504442226,0.09935732435291811,0.06732915949885254,0.1960432056772159,0.2919447534741393,0.1771871056549722,0.24837077823490417,0.09617716604194104,0.12048080643588899,0.17516002624728255,0.29749969860247283,0.12597461146532907,0.17428309129945097,0.15143497689377872,0.2510699872730142,0.1983545586481651,0.1891058557244506,0.08080110526558504,0.14681281550458658,0.21837386348124532,0.14058658465086038,0.2567267885058623,0.317584021491469,0.26112696580714134,0.13306303460629887,0.1346559066157612,0.10183592534638175,0.16675232630198333,0.12249442650671272,0.12766131422759153,0.41759721040127196,0.2569808084631443,0.38690766075554817,0.20160809815799519,0.2965452042234159,0.30193304608489,0.15791052677832984,0.5223845646240292,0.5563118574699297,0.21977906116153412,0.343474171888009,0.3428662807369637,0.2831168088960725,0.3096455647138209,0.5314484459607386,0.16305174218318552,0.6009234020067007,0.7800554669672737,0.1947970270069942,0.2933750550159808,0.30339789148887364,0.21377668038273323,0.44267316897933073,0.12462156917650702,0.07883932503047575,0.17080382038026842,0.1894955962095335,0.1524046742533952,0.10408636378586356,0.14120303579971327,0.12690744985863667,0.17785413614374235,0.358541491074424,0.16331754459342462,0.1229093036594825,0.13389533187000102,0.16696680481606263,0.18430907839721822,0.12992142869066692,0.22684510977770322,0.16770016729106318,0.31313755204748406,0.07738975897216971,0.3482340295354105,0.1011045886593257,0.1442254789126588,0.06114548378121043,0.12106989461772322,0.24726675733285208,0.44657769369406297,0.20113460831507513,0.23431849374923486,0.3088198491305243,0.10879044170366958,0.14145713917822933,0.12769565152885298,0.26408588227647434,0.12882944958673836,0.25514757354840645,0.49758071151023775,0.13416531065325865,0.11683236870510738,0.7077267395222403,0.5640911001522162,0.35825595545461886,0.18258297169311566,0.1283117122263694,0.18143026590317357,0.3016017833872249,0.10250985498942577,0.17453780117888973,0.0871715419552167,0.40716482742363347,0.2349711339242626,0.3076038989565062,0.15769446058847592,0.3013163597750447,0.14550104582828582,0.192599926643375,0.25648747845071396,0.17931522778846243,0.3180025310691844,0.23493689457598388,0.15978039006142286,0.30051177591918865,0.28539207212424544,0.14663979412091177,0.11845153532358843,0.17773017972429916,0.20454238466118768,0.2640950189707363,0.16935792659648097,0.20502227455625754,0.27996246733098107,0.2551039258507265,0.25811922791828656,0.106331221440229,0.18216842379096254,0.12653718211940934,0.10848590140213399,0.1815843509807159,0.305973039400004,0.17031227207337818,0.22353653946016516,0.1771756196861004,0.2485623583864386,0.3309834822730393,0.33350200778085415,0.1946436564334717,0.170932057851933,0.25664891584363114,0.17355236610106783,0.2919841445880771,0.22075253160172292,0.17787221964861255,0.3659922677178814,0.15274569336398958,0.3230118142113515,0.14225611324768694,0.17046433451414322,0.3631155655817463,0.20522235062785377,0.2784328347348385,0.49948313991377935,0.5049887885646325,0.390137532737599,0.4214261869270066,0.3723578983461985,0.5354633803295229,0.553753641057583,0.4832792327278359,0.3973868982489478,0.2848400601271256,0.6391803355805851,0.40173092107789155,0.6286484907726115,0.7535327494049385,0.658949564118297,0.42493668921194894,0.3773023836455329,0.4441368251653154,0.6306972648339177,0.5389071100036948,0.4420685037932528,0.530406348852389,0.39161520503464675,0.28152776269370305,0.31544257845882295,0.3220271525705978,0.3120175189406096,0.5357530236803448,0.31780214385557115,0.7140461651065977,0.24894751276822413,0.7772516836749386,0.4414490147664313,0.5570695509839861,0.6174524395623155,0.5106528045481764,0.25930653645808077,0.2957766302090289,0.7800554669672737,0.42259541439839654,0.9080913915777384,0.6015173606277049,0.2764408322674289,0.3192176350933519,0.2569808084631443,0.5130208883348268,0.6037678891437638,0.34542605945792926,0.2387598050080748,0.343474171888009
29,0.21977643949842018,0.20963965184712474,0.32245399887212156,0.2682331689410534,0.15292763687311417,0.6463336852244277,0.1409441952319197,0.2042069205518554,0.3541885380531511,0.1773759095003833,0.7122116564688822,0.18056118952346822,0.3571889510088698,0.23239268085912423,0.23076163539300565,0.279002186419648,0.25781750305602436,0.18774642205452163,0.3092190874027364,0.39202141851840977,0.4102651682639942,0.08777037153586864,0.14466921516169817,0.1990428156590882,0.30077166004559386,0.789931421173137,0.22337055455705668,0.13722666575762954,0.21543165420311894,0.14070533712326505,0.8085175491626487,0.3898080083365024,0.2012148380397285,0.18236996374657288,0.3592794860755115,0.47586687841670283,0.46445946658335546,0.38431307084745814,0.11048471746612265,0.279414043237574,0.42097716296235344,0.10308928754974478,0.5152904165030046,0.407672863359694,0.8975348964030886,0.394588348540739,0.3102966546070254,0.46027394852600845,0.43329191994918737,0.3823579276352508,0.2014855777413489,0.1953083552608329,0.08668050349228307,0.09935055367027734,0.0884246828707812,0.12292069766856673,0.1769319635650255,0.33237876577804215,0.1432957404436469,0.1536425294047682,0.15319470141492153,0.16622956877788497,0.12334830877241543,0.13755268327652082,0.07400472836515992,0.17988932426331594,0.0861038143216275,0.10934373882008708,0.11575908415473057,0.09390306704560614,0.09794094349492666,0.17513205443697855,0.16738903716098474,0.07223817099276575,0.13815361352862598,0.1399617846754152,0.07827923570603768,0.09401375704037329,0.07940680074990547,0.12458098059489575,0.12292247510073506,0.07009067134706148,0.12433854192289318,0.10092033605674444,0.17174059106412431,0.09749035033405384,0.16465100741515415,0.11940558627975795,0.12592914754531015,0.16202394190018488,0.05589909352365097,0.10605551975939043,0.08335930822045878,0.1371198071642088,0.2799027879043059,0.07727694162818044,0.14192469506111194,0.1909501778965912,0.11789580426607482,0.24469961105688331,0.4108864974216485,0.42113121809386367,0.1907202282986331,0.4331227144382366,0.31128303720561,0.4223366078050286,0.5702018737237615,0.6800138635796784,0.3035000281249254,0.4183040171776492,0.36989066608688836,0.38468979090162425,0.4110317291918194,0.29858568237457217,0.29335009442608884,0.3982492177209085,0.3041190692482979,0.4204192913974586,0.472125502273681,0.31473551330507477,0.5431513832608514,0.36170048453270076,0.19034137346980806,0.8960318887859021,0.6236466391433084,0.691879275703073,0.5014613179234153,0.26026055641292833,0.3304947434849309,0.3121388943775174,0.4921061593592797,0.32235214481454844,0.6703881658290767,0.44996605922604627,0.4235325954004914,0.5319318479013293,0.5544788055111856,0.41435595831099337,0.3049650220974989,0.39408796166388305,0.3715299899722053,0.29895349840965735,0.23722525746910839,0.5,0.5461032898244648,0.3752215892365359,0.25002833192339136,0.45805344118206015,0.30208136567134336,0.48705675282867844,0.11895084457350547,0.0990502608957643,0.10966688028457017,0.12331172636239984,0.1482822403508678,0.06052745597437781,0.14706358100482209,0.06178987678086778,0.06327939917612557,0.08761143728115672,0.1125913059688376,0.07962855462536078,0.12461380216538076,0.1232133755854764,0.09873369602939985,0.1161283205053697,0.10609591500386428,0.11663484739225283,0.12168844414653224,0.08655140107990933,0.20397840803784673,0.12863429304780571,0.19488218396786605,0.16211988343603934,0.12239759573266329,0.09166662270809689,0.15119124436028053,0.17748152100112835,0.19783558317296368,0.09252954233115529,0.10003217498650874,0.12686711072280799,0.19909305443489023,0.23995762733867532,0.1181455070626628,0.07468793893067749,0.11386709043116328,0.13579050906310308,0.08064531542183373,0.4318222060497958,0.5433963584272159,0.7089060881734085,0.2331919937359852,0.326013788277726,0.4588943848655197,0.44991461129032584,0.8975348964030886,0.31995648641613905,0.6235682946578506,0.637696515213788,0.07738866453913762,0.20813036520871087,0.1617426270491359,0.08617966988535286,0.11566432601646404,0.1014830454435488,0.1102298118369397,0.13617757749035497,0.17156130523669688,0.19534640750204468,0.06878763904170504,0.10313843955272839,0.1049104511090645,0.13702697626600668,0.10878651471955869,0.12575055672484958,0.12465542522946282,0.18564702733911131,0.10343169931294649,0.23148898501360082,0.14631347463874977,0.14671330271129457,0.10173356562933877,0.12654818536845025,0.161524741361721,0.14274315280357563,0.12866973735527154,0.1821526082857885,0.15514691502875633,0.07488213493134699,0.12377009279910012,0.1241016972259722,0.08556481803633675,0.16348797380550695,0.12940823068782115,0.10631019086342874,0.12536863242743146,0.14085299753110148,0.15986717467692557,0.13117516040513033,0.13329826149801016,0.17574096592463517,0.10281082596952518,0.13013288665073142,0.14657367999698157,0.07479876425795196,0.16444362144960945,0.12194633355889695,0.08904445870199695,0.17034056166756406,0.11438944227210102,0.14185410712046698,0.18945644317719157,0.10044784933844209,0.0855192561521938,0.11791280108995117,0.1354728796684802,0.10747438742258364,0.13162425005181766,0.16355835300574117,0.05639410708288317,0.0849579322607622,0.07271157079665791,0.293721208469251,0.08080000603151904,0.10561126412612087,0.1672177019530694,0.07409219522381161,0.1176011896210789,0.21503035230434786,0.11051222573525876,0.06454934369408927,0.07419658182984401,0.11234268182769735,0.17973435588525954,0.12171274971523993,0.3324693319051044,0.06108498383412797,0.11570007192436838,0.07376104228640468,0.1394551132168883,0.08768185475402135,0.17545915544291846,0.22944420085163786,0.29301781248407055,0.08642751306913121,0.08995086422455434,0.09638921346314577,0.07292009406045274,0.13159255626094246,0.12705936711231214,0.15594511569998493,0.16242628650358482,0.08425655251728503,0.11616186116103111,0.12356195682891136,0.12352888166064635,0.23659344305425334,0.10861648912057131,0.0690396161987864,0.20314295966525497,0.29093121423943735,0.17543647165916632,0.2525188735716679,0.0978943595937739,0.12615796854218086,0.17663903087484845,0.2890998422762372,0.12868633552346442,0.17581417888444262,0.15699356684097998,0.26110759536176464,0.20268800808682197,0.193955477251741,0.08403328641050156,0.15014026365520627,0.21748669534435228,0.1459721981486658,0.25998131373809474,0.32297475954489885,0.25698545923156646,0.142571912442494,0.14002696654831692,0.10979848999379238,0.16882913406142563,0.12505260946500663,0.13464215725094442,0.4588943848655197,0.28050668025407033,0.4256053435649616,0.2238086252473861,0.326013788277726,0.33125971639274776,0.1757285623338859,0.5187953305931658,0.586089272883507,0.23596636889008438,0.3650795784825879,0.3502857069601558,0.2834428406539209,0.343409960810956,0.5509347832872936,0.18098376214330603,0.6235682946578506,0.7779093304888343,0.19665958580806642,0.30928629683354636,0.3370223163194581,0.2331919937359852,0.44991461129032584,0.13868210326477126,0.08729492962728613,0.1906092590384567,0.2123406977376746,0.16972020277220312,0.11551062037591298,0.1564270986551186,0.14182859332576792,0.1978577422028477,0.39465010705672077,0.18254909622653037,0.1348548770904372,0.14919538041329194,0.1871705944153308,0.20661815779465553,0.1443978693761624,0.2530837653792316,0.18664856562144805,0.3440704583694969,0.08665066516158704,0.3857207274216713,0.1134707529853477,0.15864198197668833,0.06805826287478356,0.13301445350304453,0.27379941150528364,0.48924499414548894,0.22178116468706466,0.26201050630409994,0.3422159222103408,0.12179841319658802,0.15848911672269816,0.13935272502104623,0.29398495413267334,0.1445718950336179,0.28365424880598555,0.5420732422333947,0.148618232829545,0.13099250762497539,0.7539362321916909,0.6107318441180727,0.3961246666662356,0.2042145996096003,0.14358051908282432,0.19906282011805698,0.33365825709783326,0.11497152422720958,0.1952309213696709,0.09764234472724564,0.44754061651890287,0.23803596408934258,0.3025116361402522,0.1627395548038878,0.27052397693015295,0.14984597311931547,0.19692519122064978,0.2702734010966169,0.18013461190085467,0.3116797809702364,0.23468663122376687,0.16083228565604424,0.29575148025421083,0.2774226628453672,0.14835203607844494,0.11962722440687112,0.17962997025944094,0.199702849047937,0.2547999346641696,0.17021274610160464,0.20005315465542695,0.2784509429610331,0.24922430175168986,0.2538477971826576,0.1078334341275593,0.17817249780190314,0.1281977942611413,0.11131003578248777,0.1790422271345038,0.302991585083661,0.16627599854421393,0.22636478549264283,0.1803710199922628,0.25038023459194414,0.32237788996387784,0.3311198648264496,0.1964027364144243,0.17712566438288968,0.2579058603001386,0.16660189249592305,0.28371643621802534,0.22991782447960096,0.1867789154367726,0.3620346175788105,0.15558407616666947,0.3189009465647422,0.14396600717744712,0.1757148041433606,0.33704348471242296,0.2081268784315744,0.27420342161086086,0.4887687009350964,0.49580574668696287,0.38347801667674775,0.42179345083373954,0.36435999680656417,0.5288830336892694,0.5354659483112809,0.4753120270543665,0.40074970290868017,0.280696472960802,0.631806592943041,0.3869022053163015,0.6138394285031684,0.7353948632381971,0.6480996747320565,0.4260752968384215,0.3582407605619675,0.4371972653597842,0.6027543431867217,0.5153464392690723,0.4223093417956907,0.5087664656489731,0.3859764568657946,0.2767714550263035,0.31126211847324825,0.316469531085082,0.30200652022158536,0.5222792651070253,0.30856670039189127,0.6882550427131927,0.2354908847429188,0.7762020403518669,0.429501656043896,0.5574571800842757,0.6108277282627642,0.5105630262623171,0.28539248358166613,0.31995648641613905,0.7779093304888343,0.42446667774503555,0.8975348964030886,0.6209984136236759,0.2935258046387378,0.33826730737166033,0.28050668025407033,0.5005017767921309,0.5969692986592579,0.3580868557702891,0.2563544405703302,0.3650795784825879
30,0.24018039994370544,0.22994846490681853,0.35040393355448585,0.29283916969463564,0.16745739658608838,0.6832705094950469,0.15491190291371393,0.2233376977480107,0.3845923293994028,0.19464486334115638,0.748954245985906,0.19831280617080826,0.38683807743285015,0.253532014298536,0.25215221584533376,0.3042918917697144,0.28147165441309885,0.20600063180303196,0.3363404794300857,0.42392168559230015,0.4436222310481638,0.09667144542793216,0.15870441687263726,0.21836669524727936,0.32764410818951717,0.8231147602045964,0.24438552910747569,0.1507938030341307,0.23560098716514255,0.15485157277347528,0.8407237891720921,0.4223557507824982,0.2201701458162082,0.1991438612837424,0.3887244238499705,0.5120720966966504,0.5,0.41605391671488745,0.12145208308909083,0.3047475907582259,0.45468159338841396,0.1132995435703894,0.5523460354402587,0.4397284318745466,0.9006995815215234,0.4094702816957395,0.31876108541676684,0.45864497271839133,0.4489020374142917,0.39860134505163947,0.22033552934492773,0.21331343288690563,0.09529424104983186,0.10820954670573002,0.09734155582379211,0.13431443148271782,0.19425013290984827,0.35973313031408094,0.1561164249415129,0.1686124555345655,0.1673860280103292,0.18241126284464226,0.1344032946310404,0.15028347440405632,0.08111099167429492,0.19661143945145676,0.0944353302598765,0.11912300624472782,0.1272356292482515,0.10324745921396927,0.10751985331362801,0.19177914417299613,0.18229363505598828,0.0793294463621026,0.15142651427459075,0.1530017803989605,0.08610029887235404,0.10296305459388722,0.08697112575796229,0.1360544264608755,0.13522432236458093,0.07700634793170602,0.1361511673281358,0.11096434452942716,0.18595618997672592,0.10742850649753932,0.17964120426696029,0.13009297626693783,0.13809476993053704,0.17703374799714378,0.061554682021225715,0.11609504283717964,0.09141629852870814,0.15025221625646867,0.3050216214060061,0.08518303504532254,0.15536881695827132,0.20833568111368805,0.12891350384949907,0.26715997417391335,0.42569895163139715,0.40338124260061536,0.1939997159225273,0.42671950423463767,0.3303511188718137,0.43940685423888437,0.583138307386011,0.6841194714211494,0.322497299846373,0.4171311553591015,0.3817995466565042,0.3936367902496267,0.4207633458177372,0.3109552960835501,0.29634601796446236,0.4187223535867791,0.3139931776675513,0.44377788425878173,0.47523596888670705,0.32776994119152925,0.5353584457910479,0.36808366096880174,0.19806272637611744,0.8910387366888965,0.6273852365842354,0.6851033721646737,0.49989934278873815,0.2766458959480995,0.34908646366306617,0.30826185800978556,0.5104746422402036,0.3387677609991455,0.6748136301344574,0.43368738055716827,0.4383703145823594,0.5374009144678211,0.5622546291350573,0.4393548673162915,0.319857873893178,0.4088176606953283,0.3822575505732201,0.305909886561769,0.2305259574862104,0.5171448181290879,0.5422988548027403,0.3793496048967351,0.26852363206002605,0.47040246793129814,0.30289238836335974,0.49366165452240396,0.13017966758474264,0.1092333136596354,0.12020778522468234,0.13523558662086943,0.16253009270519103,0.06655705224348885,0.1611707640990896,0.06810528830532014,0.06955076458409204,0.0962609740245125,0.12345949999132633,0.08741640543083196,0.13686122483962737,0.13565867131659703,0.10857297860206194,0.12738079338900132,0.11673165162179933,0.12788374649990264,0.13279888133347761,0.09495421534587634,0.22301840518878746,0.14176281691184012,0.2115349660878878,0.17748974202278245,0.13375295279039023,0.10068086616435157,0.16524092344939612,0.19319678427290887,0.21605138568055626,0.10216938468194658,0.10975217987030317,0.1394036432880904,0.2171443536271418,0.26235262189727615,0.1301128050107725,0.08222992305633692,0.12416271212042762,0.1491357043661662,0.08869491039281086,0.4411643410557782,0.5776518785074232,0.7440439969896604,0.2521418622352566,0.3528782069985288,0.49388540957430405,0.45501752289559594,0.9006995815215234,0.342670371678541,0.6540295871459743,0.6273047002055557,0.08462486608762954,0.22775909852929987,0.17595509718376512,0.09447565272383318,0.12691320354257662,0.11094946499431557,0.12129247229861106,0.14730421010626327,0.1878865988057823,0.21395854476998277,0.07552651535358523,0.11304144991358567,0.11547825583082316,0.15045041880973586,0.11941844382900446,0.13710136002007145,0.13708652842465052,0.20310946863058066,0.11365127141029441,0.2502072494794725,0.1601670766625738,0.15994409051538327,0.11127829420216595,0.1391983584842077,0.17709872744075472,0.15672410262131165,0.14001253243869083,0.19909901638448368,0.17014879826048324,0.08229715406104932,0.136276842877456,0.13586752538766322,0.09420515179261912,0.17880477038600406,0.14205641530478186,0.1169631497055098,0.1372361745824099,0.15470130116750302,0.17432719885134007,0.14366793836459124,0.1455859697810964,0.1922630832003741,0.11305777196161049,0.1431117594078123,0.160908811650199,0.08223570318010154,0.17918655566708708,0.1333680663967406,0.09731999067837915,0.18628630514754552,0.12349418547864377,0.15214516560382252,0.20409948848235726,0.10973607912574679,0.09302457244986295,0.12925624950683723,0.14727878002298844,0.11700110113285778,0.1425399342594168,0.17792532375782844,0.06184928263102685,0.09364077323275632,0.07982820879611241,0.3179169508923657,0.0880554128116382,0.11368908282849766,0.18198767572339103,0.08134248039997893,0.1285302332718995,0.23363599627505494,0.11980409954406745,0.06980135036867807,0.0816306646643109,0.12263310111388193,0.19597316634415185,0.1338668802072388,0.361050159456741,0.06700717478705454,0.12620116805290105,0.08035885359377515,0.1519551165771652,0.09557035161492111,0.1908144880714424,0.24742890161679398,0.3169753291742562,0.09499476354370118,0.09820482276395337,0.1060476985160852,0.07961864151329046,0.14420850438350763,0.13935867154623038,0.16854437796975263,0.17812289612557053,0.09072505454574165,0.12749697967745266,0.13440332375727226,0.1334955349517083,0.25779765638486407,0.11939853096654085,0.07543393871007742,0.21472000009692227,0.3008800143740269,0.181413626701182,0.2719834469023178,0.10521466404750501,0.13743337897795016,0.18571981542503557,0.309061813572721,0.13650231081747388,0.18844402403451932,0.16975993377577125,0.277696189983743,0.21726179718166183,0.20642533711630318,0.09006830976040436,0.15481390360971337,0.22848173742568667,0.157729416851474,0.28156354167282516,0.33550549315833667,0.274276467626948,0.1544438004290587,0.14872624622769137,0.11806599520584615,0.18020960323089608,0.13305410588684086,0.14605370314730148,0.49388540957430405,0.3028269513690802,0.4586283998460592,0.24288310062705665,0.3528782069985288,0.3562885221232016,0.19200765376362472,0.5283565493612645,0.6162842062337559,0.2531230491801726,0.3747799167102457,0.3676082999219378,0.28815393321671356,0.3730350890148708,0.5778122937485611,0.19773909801595613,0.6540295871459743,0.7394651195178714,0.19885226487258112,0.32318867777509186,0.3657338192002435,0.2521418622352566,0.45501752289559594,0.15159542210433707,0.09577932737945982,0.2087761040652245,0.23227897496837502,0.18526131132304702,0.12656834182780585,0.17153178424205917,0.15568473167654862,0.21634339425939897,0.4262857082781297,0.20044766902427213,0.14730109942633185,0.16352938101385173,0.20557022408243053,0.22649703005446564,0.1579052071913033,0.2764294283936276,0.20436563219246118,0.37267318683497996,0.0954835656776909,0.4178559225507643,0.12498050190664056,0.1732954635583337,0.07480377162125396,0.14403180449877873,0.2973718241447134,0.525874217836564,0.2412979042545642,0.28631242248636346,0.37158656991682937,0.13402927959762323,0.17402508421925966,0.1505821319801519,0.32040079597240856,0.15898022610065732,0.3094417144638444,0.5798086887658935,0.16256096691914745,0.14413873959722157,0.7893608902940394,0.6484715638602255,0.4286240788220801,0.22347038742859604,0.15788530407983548,0.21658490682993736,0.3614784358734674,0.12642105183992047,0.21403687417902273,0.10712726023547658,0.48206223385637414,0.24739123489703363,0.3190565844155171,0.17446841463305118,0.2811537395897272,0.159063190923745,0.2061936336253899,0.2903088822625768,0.19306230023135762,0.32055675326271327,0.24198443739657005,0.16990737836439662,0.29022807731462297,0.2821743932036018,0.15725273467881606,0.1294180422951594,0.18944046063695952,0.21174504385059845,0.2578636090880603,0.18016910039551137,0.21076410448102623,0.28752218135312024,0.2604214106318079,0.26835899210184344,0.11583898298390116,0.189043613468325,0.13542773558876253,0.11911456209406934,0.1880329174089973,0.3104484057494078,0.17574240936773944,0.2334874636387233,0.19254751028322614,0.25933033838775066,0.32607381654856404,0.3312309939593746,0.20861967946929183,0.1840436818973269,0.2693395133508394,0.17575746705868267,0.3036096755421711,0.24573406645791618,0.2001506320818619,0.37044558809738104,0.16773699088695926,0.3383823525508094,0.15152620265976746,0.1863366595340522,0.34155330935454176,0.2189936602132887,0.2847063172969947,0.4980196481492194,0.4843670498151661,0.3891684591365935,0.4223611000862455,0.36066591633278766,0.5052488657023759,0.5043478835354395,0.4867480213246269,0.41916795989952316,0.27706561350013814,0.6091314926529414,0.37130355496268785,0.5868222939024321,0.7242931015691585,0.6065298100185954,0.43316314056967753,0.34810981414675024,0.4535026114479518,0.6063411922653286,0.5045593289523864,0.41357647814300125,0.48487223410360003,0.37211842511293747,0.2901005462810683,0.3143702790806575,0.2947027158082671,0.30852078449722364,0.4945057368897856,0.32163854863294183,0.6697944128567037,0.24082485155650768,0.7840272003258935,0.42804273204864973,0.5418738147149693,0.4681014561242022,0.5135980717061477,0.3090174675572418,0.342670371678541,0.7394651195178714,0.41787568843239054,0.9006995815215234,0.6460733409102561,0.30932908896005995,0.3555422748953335,0.3028269513690802,0.5091126788084388,0.5965549331993327,0.3713401845500256,0.274591546554953,0.3747799167102457
31,0.21842723543501397,0.20191230465466037,0.22739893223333418,0.2618909679369089,0.15243061645806322,0.5903115025752863,0.1336602987829698,0.2060993794177003,0.30558674733640756,0.15620699835184737,0.6727730702082446,0.17842091960235185,0.35585455627566054,0.24055491546850694,0.2326738713396418,0.2593710531879734,0.22726554576130953,0.16741040449324962,0.3095758645226847,0.3746344687896439,0.33964556142394187,0.08812337184360342,0.14585018836833596,0.18415899214059994,0.3093622183281567,0.7476098541680292,0.23130949241709475,0.1311657399636028,0.20614691290109377,0.13750896908559018,0.7967682761447423,0.3735390044850182,0.19762290857086107,0.17186797056320435,0.331880779137979,0.4759586827776837,0.47048638355586003,0.3391035017936942,0.10354827815876055,0.2768077617530891,0.3823327295322775,0.10588242515806168,0.5215441800085439,0.4123041682494112,0.9022300728997761,0.41126341325122373,0.31636363247370136,0.4613255452886469,0.43960950537190957,0.3908736027548909,0.22074246309224743,0.2143531945585636,0.09452635848958113,0.10856543594074775,0.09698807432245593,0.13477011831506613,0.19307385810878375,0.3608733963526548,0.15694952293548947,0.16869410462593692,0.16819658179708874,0.1828163657060643,0.13471475329834715,0.14982620058411955,0.08097128737418768,0.19723662840699785,0.09414711277393517,0.1191165628521682,0.126104078297945,0.10204952417419866,0.10618944534250185,0.19163982311389527,0.18339493360416492,0.0792713392662815,0.15018417809812,0.1519412255206063,0.08589808772660046,0.1021702283686029,0.08611356404757764,0.13639881185650504,0.1345632795662628,0.07682312450891982,0.13475684570037905,0.11060730772765826,0.18650601864640692,0.1075013153166573,0.1787716139545087,0.12938039627013376,0.13642631692708895,0.17689768830418484,0.06155283643738785,0.11649185713924881,0.09132494727726148,0.15069783098136302,0.3050429498108017,0.08505246243915943,0.15602705167210962,0.20793654201340728,0.1279327251503808,0.26833090082297917,0.42801865898360647,0.40578721590743627,0.19476692636763338,0.42809840090793827,0.3325253839337913,0.4420159477219118,0.5856876148187897,0.6868453183578596,0.3242660006250697,0.4192615054071621,0.3839277596985473,0.39569999757480856,0.4228106498823688,0.3126416265786446,0.29745185451216927,0.42112218921107014,0.3159130803639394,0.44616027653788703,0.4779819174984268,0.32980159652289986,0.5382366348538336,0.37022175111696465,0.19933922658083447,0.892886358229688,0.6300326709443689,0.6881671325944922,0.5026664405424379,0.27851887738421854,0.3509758824305135,0.31027163129029267,0.5127190556720962,0.33957129694027277,0.6777498789281772,0.43636445078816344,0.4408730907287961,0.5401582194297757,0.5647078861131918,0.44173444175079957,0.32163673902615897,0.410812965393643,0.38433733344094057,0.30774748111672245,0.23167600044850267,0.5193930482384201,0.5450953315298209,0.38150710541568045,0.2703511265302737,0.47183201463174895,0.3047694369849163,0.49646702699256917,0.12761316992394078,0.10259717343793007,0.11552892990064967,0.12703803202723463,0.15315676454932126,0.06481105142716348,0.15920223846102333,0.06250833891856489,0.06757068295965618,0.09175067149082439,0.11965063791061203,0.08619751584792046,0.13392709483265397,0.12963013981761728,0.10556931653899193,0.12598247436981058,0.11448033302851135,0.11871445096680555,0.13036913329398725,0.09397615042011764,0.22163133558707437,0.130645826463909,0.2003257286642618,0.16546293594291528,0.11814232270570157,0.0970391445906228,0.15542480273285197,0.1907514149258016,0.21049482905380068,0.10028450612438367,0.10791995875708194,0.1387791668348366,0.20573850198816301,0.24352987749683574,0.12828479085097588,0.07837353208220588,0.12255778387807459,0.14192583832393213,0.08362161141568536,0.44099406788102924,0.5726268230320216,0.6532887242820656,0.23748029392736347,0.29247567950773434,0.43249623025142325,0.45363081968251384,0.9022300728997761,0.3068149938672212,0.6505049989933576,0.6288128452906304,0.08120896424105617,0.2188159852339192,0.1727387432323947,0.09294146452373309,0.12517181454646498,0.1013845953289676,0.11585858384673398,0.14139761225277592,0.17336789914345363,0.2097845570795953,0.07346749076658088,0.10871056742988172,0.11161897081400896,0.14364790904631553,0.11648583983978766,0.13420202652466506,0.12624292288914363,0.19560094045027132,0.10746065283614448,0.2482443971613626,0.15484193593789253,0.15396596675903862,0.10707363533358705,0.13313304193563835,0.1654907806180851,0.15326979977304733,0.13305259904103794,0.1885209614651555,0.1651245785503076,0.07807762564708842,0.13338311018996818,0.12672118870873528,0.0908957992114594,0.16969315263932394,0.1377403616354479,0.11440726743216467,0.1293349794542693,0.14986562277851667,0.16377633180833007,0.13647087016619774,0.13854793796188536,0.18081124788060132,0.10965275676662112,0.13422013398891808,0.15898600850316968,0.0763508197375834,0.17034692920250782,0.12697508398180424,0.0878130505876189,0.1793397860166308,0.12244705847444937,0.15075890939537262,0.20370130941295428,0.10910555185216653,0.09282408281372756,0.12914237743703072,0.14727014362757118,0.11727288400004643,0.14266288962331275,0.1775896563266839,0.06184895086627096,0.09215219887376114,0.07946353811744178,0.3183896621525395,0.08737828021374372,0.11401527633512076,0.18133103567175424,0.08100169692041548,0.12855019327836636,0.22883627268981688,0.12024086300332093,0.0696593370466918,0.08161110763522028,0.12230854828972226,0.1926251869515232,0.1335289078438665,0.36180156170145084,0.06679799928231855,0.12634944913119828,0.07893939172959075,0.15197564615031423,0.09352421562941693,0.19072102160769755,0.24877428143598157,0.3167139899471938,0.09487717605649981,0.09782646811765638,0.10525618624734445,0.07901107477797842,0.14444552300114955,0.13945992094645088,0.16877838760928443,0.17747071807206172,0.08910018055174718,0.12696802882328528,0.13304151051669755,0.1314396439640645,0.25876803743625854,0.11817853884611274,0.07522817635373591,0.21531310493735167,0.3023966788345268,0.181898490043631,0.27256939554334414,0.10532708947478708,0.1380547381206607,0.18567653921208216,0.3100360383850149,0.13718591669321567,0.1896314090862945,0.16995923431367999,0.2785598308288425,0.21819019317593513,0.2068552242189048,0.09037215337214088,0.1553817114145185,0.229784427442295,0.15812884749549805,0.28289243842374934,0.3362976194986571,0.27471776500260514,0.15478197495558077,0.1493909440002793,0.11768594749321526,0.1807667821209289,0.13313770956369808,0.14636311239859656,0.43249623025142325,0.27101299257473466,0.4099672244378778,0.22772658045977856,0.29247567950773434,0.3249253134643322,0.1751573125784346,0.5307000787547153,0.610905835307726,0.24174139611025713,0.3669226310129049,0.3648972740340868,0.29000142435537823,0.3423593833432941,0.5727603694389055,0.18548828512044957,0.6505049989933576,0.7421006147634328,0.19755494043621236,0.31357215258108484,0.31962881572782154,0.23748029392736347,0.45363081968251384,0.14103559767288099,0.08864486306431196,0.19194664784782722,0.20616230679324898,0.15872495361124528,0.11696444245858528,0.16415750098675652,0.13730137196008751,0.1878446781393106,0.3508469007447822,0.17884002964289847,0.14008647172132493,0.1522896750325331,0.19323112953251353,0.2002032387426732,0.14783319196187683,0.24921949097615848,0.19007349774872806,0.3555310954953065,0.0903052851280598,0.3657601729747202,0.10768595669082726,0.16056588400309424,0.0680525966602119,0.1275317680080158,0.2519650392127609,0.5,0.22843016780923975,0.25356278217613604,0.34155220896544947,0.11852203320429466,0.15624025766943417,0.13477820731209755,0.2746364626207676,0.13911622476216756,0.28788289444687953,0.5329994694203966,0.14581793511401486,0.12824314181589735,0.7135157092556661,0.540694153903025,0.36748039658685316,0.19497203476273406,0.1384121263580529,0.20712267559700648,0.32622383907148256,0.11150651986837878,0.1798323158306706,0.09558248524610258,0.4255762679343108,0.2466583613245229,0.32083015715827623,0.17415407449644105,0.28249580713417954,0.1589468004601713,0.2054979457433661,0.2910495630101563,0.193966640061066,0.32200688947228573,0.24230470049517006,0.16902924529595043,0.29164325683418013,0.28370889419024403,0.15705558501244699,0.1299559409199258,0.18963191525546041,0.21229097760093174,0.25912967152177724,0.18050007036124782,0.2114193029867374,0.28866338715571693,0.2617538082433497,0.2698836634531412,0.11499490716479188,0.18955492286788533,0.13559998217434732,0.11844354338172358,0.18824089239838881,0.3117051075332393,0.17621982864417385,0.23454665434843924,0.1919600293315774,0.2603468087427948,0.3256901892280789,0.33227895460280876,0.20796007667263228,0.18437710472777402,0.27037882658114987,0.17677483939521776,0.30533811984758163,0.2459363654085619,0.19986744054632255,0.37137507799827973,0.16773458005062902,0.3402107681806348,0.151335402897407,0.18599033384522634,0.343379178733599,0.219306752361083,0.28643341467396677,0.5010349765128801,0.4865949554393997,0.39091268720897454,0.42432383835770837,0.36184080180142375,0.5079771347575508,0.5073449879437117,0.48943344437686953,0.4213537632519927,0.2786643684086013,0.6119175011319469,0.37303692396974053,0.5898387087974266,0.7267168124492018,0.6095299380328615,0.4322837459569596,0.3491396941764229,0.455514899953709,0.6086845867483168,0.5075455211045842,0.415784522791524,0.48767805819476895,0.37427068425300025,0.2902511056577953,0.3161429073280737,0.2961870789434603,0.310179019836876,0.49683690852769824,0.3232858190682478,0.6728666792987527,0.24226568309607244,0.7865385665395674,0.43014455745354374,0.5447281503257946,0.470239223099557,0.5158895426504486,0.2757021119177031,0.3068149938672212,0.7421006147634328,0.41945956841792453,0.9022300728997761,0.6393423679540678,0.29225385978159024,0.3459198589004777,0.27101299257473466,0.510824409292373,0.595185493722211,0.36445276431417106,0.2624942534910265,0.3669226310129049
32,0.21935702862694373,0.20220849354381687,0.23013234623393097,0.26375987765658415,0.1529180183136124,0.5955246210336634,0.13464554080547164,0.20665540727669218,0.3088010034732164,0.15715294448850525,0.6784879961217158,0.17592627405971373,0.3569378816942984,0.23802767787806156,0.2337379380407426,0.26134220104203365,0.2290499543987513,0.16866490174850357,0.309531940312627,0.37664601375621065,0.34322636798416506,0.08710534460827657,0.14590801471022985,0.1858416431415879,0.30926476582744933,0.7529640420913108,0.22729681505795207,0.1317481632451628,0.20820789489399882,0.1371823047667473,0.8007923089576781,0.3757366065658927,0.19647624509786843,0.1729084168930829,0.3355314812972444,0.47899084102238143,0.47315111063911486,0.34252268565601274,0.1038823347636243,0.2770473985529407,0.3863379666522363,0.10405928949975429,0.5217164355675626,0.41388068131590616,0.8990971955351301,0.40397308571047574,0.3093975447796331,0.4616995744460207,0.43573231582080485,0.3913584424104305,0.20143700957668853,0.1860609167319891,0.08744995313286896,0.0950805955324815,0.08818798058797961,0.12089898086472095,0.17152474056969935,0.3065762932300762,0.13437411736062121,0.1547120202769603,0.12119391056786544,0.15207900323913615,0.12291722198227273,0.12953239401138295,0.07361927506202659,0.16116949428413174,0.08486289798493374,0.11041353575025281,0.11194018191590116,0.09303165907570543,0.09754253318488748,0.16776675462189305,0.17205806190294726,0.06962026456502879,0.13601706367052158,0.14221061163240956,0.07700057268858895,0.09580222180720932,0.08034376563483059,0.11994472906777343,0.1215819311646521,0.06821753694362409,0.12502391147160863,0.09860119348483687,0.1742869241948456,0.0866624840542356,0.1685358764917444,0.11944857835874823,0.12746026082692297,0.16175634357050395,0.05471029660790805,0.10152340672902538,0.08321577341896791,0.13601176504698764,0.2791458803674267,0.07586363239291538,0.1322949001590733,0.1917232722997756,0.1163681272211382,0.22992448812553368,0.4223662322203455,0.40284074293866756,0.19238513059753182,0.4248361747176638,0.32644070345102183,0.43619868964375796,0.5839694151161274,0.6838022561909876,0.31440645653676813,0.41702727342151313,0.38010499778697826,0.3909788759683993,0.4222344475541615,0.31054182885085,0.2961041305573592,0.4132628104623606,0.30487101110532344,0.4451272785630166,0.47815192790823,0.3238899923129068,0.5341980761379589,0.36659247544435436,0.19258814872281171,0.8932526052864458,0.6279519300582637,0.6893190577809782,0.4979497182437632,0.27711196575822905,0.34017645309943934,0.3063157058880035,0.5049511882636539,0.3338210903976909,0.6712466258824307,0.4327059656334725,0.434837556434965,0.5285148709492574,0.558914520470661,0.41996486250052567,0.3203403272729337,0.3977186362526203,0.375341387140413,0.3020142782058256,0.230815878140463,0.5120445651295669,0.537016353063751,0.38207375836783275,0.26585604938872964,0.4579644588860363,0.30353880924017895,0.49395615710222995,0.1198997046831961,0.100216079153707,0.111865233150094,0.1247602781050483,0.1489716505713784,0.06189189238983661,0.1476107689488262,0.061072335249344856,0.06433653361786273,0.08852686232981644,0.11533995081139481,0.07867394289778151,0.12495490876109272,0.1271651840680823,0.1011171221944327,0.11770638503277486,0.10831191083246972,0.11488926709933223,0.1251058142631314,0.08512270484434414,0.19157018935279946,0.12825292109624375,0.1962108680000645,0.16261835230971922,0.1174926397425542,0.09271432693367554,0.15266255928698758,0.18501076155987684,0.2015918024139034,0.09295904955260204,0.10223050770501918,0.12132319687552373,0.20305691339480147,0.23546273080669422,0.11849634607923354,0.07373701397565025,0.11588213371894751,0.13753268126232998,0.08155894942293318,0.4323746576705261,0.5567868239727745,0.6581269659892444,0.23715718286302812,0.2952560212161238,0.4366943586899239,0.4507745066176313,0.8990971955351301,0.30913645607028994,0.6464397043613002,0.6315762024008243,0.07913228251355742,0.2153818601689157,0.16616608017504952,0.08930054506553775,0.12135077840226605,0.10079967707512805,0.11368556298139354,0.14018977506763053,0.17321955115687282,0.20292569323921916,0.06968138714344163,0.10522627751541358,0.10886727453137002,0.1404315134362878,0.1096927332510661,0.1290192252745771,0.12558511698982533,0.19267259796222347,0.10541376061757046,0.2410004305307264,0.15167501996442745,0.1523588578209386,0.10654278397870265,0.1308474744507624,0.1629404202391198,0.14840439947477568,0.13159317920577007,0.18594722989003099,0.16088443215446901,0.07599868932163711,0.1265095676095791,0.126272816075938,0.08750573812025741,0.16596636597235093,0.13256691205146987,0.10805762989358891,0.12768457203157724,0.14614534920939193,0.1637546072589302,0.13438094030910674,0.13744009666516244,0.1804373582653741,0.102958589166529,0.13155522230867622,0.14818275341537546,0.07431265453376257,0.1689441900136357,0.1244211498797474,0.0878814450988602,0.17521933693709468,0.11834664054987576,0.14538816351024642,0.1933978745149938,0.1022797310388378,0.08542025157861777,0.11407089117778213,0.13150346719646788,0.09814616054515579,0.1311626847409545,0.16055163046624632,0.053049512117115616,0.08481070531126744,0.07389349809093726,0.2872688222687816,0.08108426189796913,0.10654862930898679,0.1697515282534413,0.07266719013092482,0.10899103932010445,0.22370944508930868,0.10868105650948601,0.06533699364507384,0.07027805079578409,0.11370514897371409,0.18645692037770933,0.11693627480403923,0.3254708164432798,0.06041853627938609,0.11754325125025544,0.07627092882631548,0.13838173020492006,0.09111857511812349,0.17428689608454317,0.2174082915801403,0.29968339457748017,0.08565907905285663,0.0906912896697254,0.09705239894155304,0.07410551557703848,0.11706286523219611,0.12313818975579649,0.16077228833253543,0.1587617446476305,0.08593911028626278,0.11929661782783307,0.1257678525191972,0.12511676110849212,0.22759244315884863,0.1115699314821943,0.06744248056235758,0.20566250194908486,0.29203686328098355,0.16989242942992866,0.2579235985303263,0.09991555231451399,0.12751504387908608,0.1813406728664202,0.2919430750418879,0.12818180987354433,0.18449781100035922,0.156581566056878,0.2621756110388087,0.20097540103866673,0.18652437016838075,0.08686493509089321,0.15221175575309742,0.21801109198943014,0.14528071941188458,0.2600756819777227,0.3128753484156309,0.26197644613322413,0.14243452358260222,0.14402721908163285,0.11248875562276484,0.16804942854130767,0.12702443083744286,0.1355325680390117,0.4366943586899239,0.2730375891668657,0.41266459021139457,0.22792825195353827,0.2952560212161238,0.326990036444745,0.17562593349835265,0.5281206875141128,0.6074250733492017,0.23954837243559113,0.36640366772601607,0.35881824857546585,0.28996869133317327,0.34413645246478664,0.5747235800565174,0.1841820172145333,0.6464397043613002,0.7459201450778242,0.19708081402733746,0.31131338050561075,0.3222631549286079,0.23715718286302812,0.4507745066176313,0.1393667657366271,0.08708962154469724,0.19103414555205556,0.20808673104445807,0.15970229249393164,0.11622839133460472,0.16023985498297233,0.13766450411829623,0.18872765081469745,0.3538779345861429,0.178941961850126,0.13722145112184436,0.15169909485852962,0.19266322316085438,0.20037599147307938,0.14794905670677982,0.2506334156298645,0.18998943128606727,0.354500219993364,0.08853946217792885,0.36917168908255404,0.10798911725072524,0.15896374885874398,0.06743803738335896,0.12728797609672726,0.25256593623159895,0.5006593579682549,0.2264815277237796,0.25557479077359235,0.3435426596788711,0.11735013870152611,0.15594063132173264,0.13511910139556094,0.27701933025106096,0.1387080646421892,0.28792372808346545,0.5367409098909836,0.14603259266950386,0.1273739938051539,0.7184295195548969,0.5457451239617088,0.3708696153391686,0.1960992046521034,0.13860605181308705,0.20550235158649466,0.32847737872329774,0.1118584095068641,0.18113611337512447,0.09572022369325106,0.42860818146592183,0.24465408990377702,0.3095122993212649,0.1673432890129376,0.27427519730743066,0.15542707722326,0.2008294157556696,0.2844357440357149,0.18748371805487685,0.3150107304540888,0.23235823305496217,0.16600331014209047,0.28940607482514713,0.2758409230007459,0.15070697129695187,0.12158025926484795,0.18659060371972713,0.2021962360305134,0.24920056572028704,0.17165417242521486,0.20342701976762068,0.27411478558401536,0.25709280074722773,0.26377374481054117,0.11108547111078115,0.18158884907715134,0.12908947292591677,0.11372943793695967,0.17970009198489878,0.30605269843208915,0.1699717145492322,0.2270845945242198,0.18789636195337356,0.2546367517202418,0.3223308471092732,0.33017091033990664,0.19922155691704813,0.18113443277566854,0.25737146170921843,0.16911491744129292,0.28755534891534695,0.24073517342756645,0.18904838216487263,0.36976219718237724,0.1584572450552474,0.32913132488705976,0.14464400954430268,0.18174242254317285,0.3363255385870345,0.20968728526906666,0.27912087574871536,0.5009496828201525,0.48868150849142034,0.3856175724959422,0.4255520785428669,0.35998150825452735,0.5080949653025406,0.508900592566792,0.48711980552998424,0.41783322750272234,0.2796054430411923,0.6132164193490516,0.37206406423217653,0.5912500084814043,0.7292198968917589,0.6108625021612262,0.4282358897675612,0.34877774692284547,0.45441944525412215,0.6086814524163222,0.5072020829720577,0.41575042542539786,0.486975330027263,0.37517721054923936,0.28294860809754485,0.315570427463866,0.296852680123844,0.3069229261200672,0.5,0.3187125888917357,0.6745685501074493,0.24055219218326862,0.7878229473231415,0.4298208636118447,0.5473437382671604,0.472756186015448,0.5189425460230179,0.2772463780720612,0.30913645607028994,0.7459201450778242,0.41890192279396254,0.8990971955351301,0.6400981894818358,0.29264394960671436,0.3412832849303251,0.2730375891668657,0.5105947390820661,0.5926837330064345,0.3637850784083684,0.2599215827903114,0.36640366772601607
33,0.2378808525451327,0.22079671466994188,0.2516203472901587,0.2858404660533469,0.16674994840033608,0.6334103580561118,0.14757498758714338,0.22500216583524468,0.33621679312035657,0.17182443933456315,0.715001239361617,0.1926326465096473,0.3831464302586044,0.2576610315253105,0.2531306726106475,0.28451654973468754,0.24922835752527828,0.18468033747670065,0.332577686205193,0.40673257705410637,0.372197386650162,0.09467608981093067,0.1588962882984547,0.20353746390159244,0.3353353279478175,0.7882661429607705,0.2444292038033299,0.14380010429805834,0.22770645778512277,0.14988260627788197,0.8329902831882268,0.406086864896964,0.21327683550691978,0.1883222870572674,0.36363013899296104,0.5145497484288382,0.5067837480685529,0.370988129663384,0.11407250303594851,0.30004968235754104,0.4176921638410117,0.11306952599684406,0.5568534496265767,0.44540310039654896,0.8936089223312214,0.4017721420239826,0.31617163378783586,0.4530408740243279,0.4494670197327587,0.3942269702372092,0.2128808676880274,0.19017026375061918,0.09297674121207056,0.09862904375377834,0.09359844919635729,0.1224780529446049,0.1855341465433511,0.31731918468230735,0.1369625077738974,0.1661242684385258,0.12526282929458976,0.1602756902595014,0.1269637114953388,0.13757069759809826,0.07769675554988176,0.16915453838643968,0.08956093193124204,0.11656777662097773,0.11851041479303048,0.09998810284512949,0.10420265314701982,0.18000014534662356,0.17469266991641574,0.07333074106928605,0.14385056336795277,0.14457559092281125,0.08063010956852112,0.10071976169283658,0.0860793969049164,0.12431882321509324,0.12657592691021813,0.07252392259507678,0.1304879623058406,0.10420784999306987,0.18249287179114304,0.0923268039526286,0.1791873434010236,0.1251995186027437,0.1350320211132322,0.16682964041360426,0.057770287640741325,0.10567152589993067,0.08612251756810341,0.14027913466180542,0.28784027576975457,0.07885251537255678,0.13449921328999614,0.20485213765991894,0.1248491314655058,0.24116485585904768,0.40208648599479935,0.3979612586274266,0.19437424377105128,0.42320361472152646,0.30913994414194834,0.41177000788674056,0.5792147716045348,0.6718952516184606,0.2813490998984395,0.41236131649646834,0.3746588189174326,0.3785400867756833,0.4140716805609145,0.29952137995127326,0.2972349785805577,0.39723521096266656,0.30203122304482277,0.44844059105077705,0.4664981057184895,0.3161548761615107,0.5244558686244246,0.3531097250665478,0.19207224038840687,0.8872787331970329,0.6260213713152785,0.6833102046542635,0.487034665941783,0.27112072945986254,0.330450279394926,0.30671601514174474,0.4848101027940115,0.3246768836845767,0.6495294211101819,0.42743639583358084,0.416722703512889,0.5165310137588415,0.5558003691220357,0.3894277044545561,0.3130006439602272,0.3992537068654044,0.37184917724206334,0.2974692146343141,0.23103457360775115,0.5104859760273148,0.5358032493603831,0.3693814987132241,0.25584443703374216,0.4398379014089262,0.299323449528506,0.4768881273586312,0.12684923118125757,0.10934825327390274,0.11999523939608203,0.1343846684563138,0.16155832852488183,0.06560345692639169,0.15744940079291736,0.067011355426846,0.06904975434175487,0.0960284249833887,0.12298011197540759,0.08428104926377855,0.1335864958409856,0.136122100595935,0.10840744668734859,0.1236526475950307,0.11465893486002854,0.12402687909414423,0.1331618205683145,0.08941541002424302,0.20505759350113295,0.14025190720772873,0.2094611149006267,0.17626731849169486,0.12678023876967648,0.09979062285142049,0.16153818005045073,0.1936733577770432,0.21471660414225913,0.09971339361526566,0.10973768296636643,0.12728358904398107,0.2173794754380748,0.25543692799117645,0.12795607777069506,0.07981416081028758,0.12140799581174988,0.14880485102865382,0.08782959248005973,0.43155883089873737,0.5557424634622924,0.6939403566677662,0.24983233157723328,0.3184756342209346,0.4695100724189769,0.4532734909463523,0.8936089223312214,0.33061236493457835,0.6597392866343199,0.6368236044215851,0.08521207308699863,0.2330549418091341,0.17339512733085438,0.09571960515803002,0.13146403696442455,0.11016013385710188,0.1232013338813287,0.15200017909371033,0.186242224104048,0.21710703766504924,0.07470366800287342,0.11273781531414617,0.11800934501622484,0.15234781273380782,0.1185131292467263,0.13895669906607178,0.13642064220358696,0.20908709475311482,0.11397317238670235,0.2580772099995572,0.16306277429870586,0.16456471833989506,0.1156232287299952,0.14136114454903315,0.17555800479911066,0.15920877050670235,0.1418772387422721,0.20210566924304574,0.17021222336947084,0.08265335242658667,0.1357069052374723,0.13555812858083316,0.0949231777186127,0.1796743243660558,0.1415878430141796,0.11527650592749206,0.13897636669842006,0.15706528336612546,0.1749339049554316,0.14323526013117205,0.14867430958576133,0.19719781614263598,0.11053337838884314,0.14155247780384383,0.1582879467582955,0.08071221495740843,0.18107384601463783,0.13431704336382555,0.0951072929838207,0.18922467502089269,0.12477373972109707,0.15470884409346808,0.20173090930993265,0.1055789399418845,0.08994352604643752,0.11764351904773818,0.13409945142154067,0.10154255172597493,0.13760741363169127,0.16940037073435354,0.05551754266238995,0.09077699452658827,0.07936031567016533,0.29361849489615643,0.08567272366150824,0.11071844315889612,0.17984944299549277,0.07639168768588178,0.1155980886439063,0.2414103309317973,0.11243755376309406,0.06868197376474827,0.07398788610184592,0.12038761600406,0.20042322958056535,0.12351325737428176,0.3442076230985851,0.06413040385286484,0.12413503934208092,0.08019063153274564,0.14689009019534738,0.0977379172161662,0.1837366902618417,0.22180044039565194,0.3138624252791945,0.09072467839098264,0.09607588839202119,0.1042677817036507,0.07874300373761678,0.12480396394713344,0.13053007979011721,0.1692050080018178,0.1657537461942169,0.09207126607726945,0.12569922073325224,0.1353687813478105,0.1340405389056788,0.23824359506201964,0.11960923792222455,0.07058662947533234,0.20918926986033015,0.2889331719874474,0.17748136763496114,0.26085350755044623,0.1026485791247308,0.1273931945608705,0.18385963250085646,0.28744809658821313,0.13082527338747918,0.18319167725469376,0.1600274189419878,0.26548483902688547,0.20046386296423535,0.1894042995283297,0.08860701427556394,0.1527671593794595,0.22051470195204637,0.15023455974436928,0.25210264375976754,0.31646721389760835,0.25635869998510696,0.14856542752072244,0.14517484012387527,0.11657396283991817,0.17459899677114232,0.1303481093737322,0.1384236782653574,0.4695100724189769,0.2928690135589709,0.4429777931635608,0.2474927970413151,0.3184756342209346,0.34949844163581967,0.1903909958116181,0.5218507891878954,0.6170025163114756,0.25074792464571694,0.38541038240621783,0.3629065187304277,0.293027407041613,0.3717131093573869,0.5768700306651924,0.19875350556992644,0.6597392866343199,0.7552478417165035,0.20523789118421198,0.32005494911364973,0.3490466928746305,0.24983233157723328,0.4532734909463523,0.15157847005509106,0.09424385801482194,0.2072927766505538,0.2271668696092164,0.17373241171697196,0.12581296019001742,0.17201014736279963,0.15053802693487128,0.20600100288955814,0.3819467584002575,0.19459021875501703,0.14715685270269374,0.16396502219210884,0.2090339107793221,0.21881558811926693,0.15983826250969946,0.27217545595408876,0.20580200255787795,0.3809307787417515,0.09661450753704703,0.39996633489606137,0.11786436213466556,0.16987867750805397,0.07381803112119567,0.13803220070948008,0.274138348908356,0.5346971968461296,0.2426275628173461,0.27865638942520177,0.37146737736569435,0.12831381050503554,0.1697957120374527,0.14553012217376038,0.30118292315299844,0.15185208112988147,0.31199259586355255,0.5723138434496169,0.1587391245946117,0.13935022623835946,0.7551523900396813,0.5827407349819798,0.40137307655046484,0.21367518091252935,0.15134280929726251,0.2183759292578913,0.35450780237667934,0.12166723059656093,0.19761985887921707,0.10441844487665775,0.4610826338873699,0.24755670358929882,0.2984894356911938,0.17074263341876816,0.27140077586527434,0.15961150102483224,0.2086805277259165,0.290561108480089,0.18852708949658026,0.3160071624844242,0.23639796207597663,0.17229544300301003,0.2925283698971257,0.27466745170876106,0.15711147706397421,0.12349062991821513,0.1896334553368998,0.20211218342846804,0.24925816018636593,0.175356244349398,0.20580522449341576,0.2716580344978359,0.26085423529292695,0.2590026550922182,0.11522640059823086,0.18286897488353304,0.1347002476310435,0.11832090729939515,0.18358962608957474,0.3050731468284895,0.1678297093987421,0.22263752585888386,0.1917487213604664,0.2573664155425629,0.3298781841080981,0.3345315054105379,0.2045637288300376,0.18778803525524568,0.259147124862383,0.16475669690117956,0.2805666996544167,0.24238873230754643,0.19777300252437113,0.3744255546818346,0.16171761416289387,0.322094383198426,0.14828114947923754,0.18616609449326826,0.3368915442995498,0.2165096044581678,0.28538054598561924,0.48700073476846695,0.4985438871086991,0.38854147670693384,0.4393494647611915,0.3572957779558611,0.507664828398078,0.5093762615231919,0.4862425906551284,0.4099056723152963,0.28062748659792625,0.6163547242802099,0.3732510048846368,0.5978364199575259,0.7414361796250448,0.610904523679257,0.4333926482623627,0.35339013863525226,0.450318788856646,0.6064573667075478,0.5,0.40814968156942655,0.4885629488973484,0.37695821745402724,0.28017016826463337,0.31031801884036214,0.30234488079305855,0.3000541685596372,0.5033216846970961,0.31629967585155816,0.66895164843261,0.23671790723408237,0.7884577322611438,0.4234114822272317,0.5537870193521537,0.49067776099263216,0.5285860599297993,0.2994252343524697,0.33061236493457835,0.7552478417165035,0.41828212899766015,0.8936089223312214,0.6524738895415914,0.3059774674652316,0.3570955459129833,0.2928690135589709,0.5003151592705488,0.5982747136778945,0.3773586381341413,0.275615047272442,0.38541038240621783
34,0.21647433475433975,0.20142525109780907,0.23313706449614358,0.2612852254338318,0.16053257367245366,0.6188600828564481,0.13895354925005632,0.20452154565880887,0.31869625323247575,0.1521534829347302,0.7016551177691706,0.1778997020447428,0.35803272729428437,0.2455262638882818,0.22728557488401047,0.2693224260284408,0.229356714981504,0.17054975011143192,0.29358678002103,0.3830684269089042,0.3419055079425729,0.08520619195096402,0.14238015447631047,0.1847496767175535,0.317901288196636,0.776973289642052,0.22422299632963605,0.13142702568826647,0.21419824094010032,0.1353096928047497,0.8191020505757128,0.38758397153110913,0.19866189986364935,0.1708926090648989,0.33823115217788535,0.5029788340258201,0.46626980516472594,0.33700713457187326,0.10880415071893812,0.2758773193519146,0.3798450253864547,0.10247280558725858,0.5277767254018519,0.42724201679949503,0.8925866299231874,0.40137657373335645,0.3034377736011964,0.4557627882339891,0.42540696716963267,0.3744501686999353,0.21196193170114763,0.18832328601389015,0.08916803502995063,0.0974559138040183,0.09023878212684922,0.11987798587928178,0.18325901411429446,0.3113863269709056,0.13501979810782105,0.1656301027415028,0.1232171131774854,0.1578664462882311,0.1252644486294905,0.13358979086467282,0.0758302650057161,0.16496574010229614,0.08714361914810531,0.1147067992805888,0.11261490382004047,0.0964317207424733,0.10003864151143538,0.1759944420977808,0.1760237762942498,0.07137850014402913,0.13852782019301568,0.13845669558466456,0.07850456724751587,0.09822540047286621,0.08260784901251494,0.12123205699806106,0.1206644355230655,0.07110940987967196,0.12376628457013372,0.10095317852127594,0.18153205520417404,0.08965466845188474,0.17224269854972996,0.11885472390166218,0.12847000022867616,0.161393153251423,0.056334896972796034,0.10430944595371472,0.08379387523585258,0.1375508297695689,0.27534869192182254,0.0767413884678767,0.13127649510509953,0.20447199849735598,0.11924742590324833,0.24095764580143053,0.4027236252409878,0.40003510327756986,0.19434075224744185,0.4172574092806608,0.31170426590610334,0.414782576755112,0.5806522319982943,0.6743930140800249,0.2785917206258747,0.4154177228189019,0.37512566965440797,0.3785177975635686,0.41310154782055,0.2994494164671422,0.29735046405488175,0.3974861659222093,0.30277076669189396,0.45235611375166296,0.4695589186998871,0.31793343080903524,0.5275789595299297,0.3540621599545236,0.19269587318254844,0.8879030968638901,0.6278661395463847,0.6890579443337794,0.4894536839918845,0.2734037181960325,0.3303627866239236,0.30880023156108116,0.48233856510664663,0.3214686341027272,0.6491228950822603,0.43019508466626055,0.4186598168824246,0.5158428091386594,0.5544276817315419,0.38640640165651163,0.31453269628493497,0.400603834333377,0.37127275223461786,0.2975304765537857,0.23197784408609567,0.5126847716379288,0.538369648416336,0.370764591066018,0.25777829676659947,0.4350393179008345,0.3019136209119745,0.4810101288871189,0.11658418983353314,0.10521033871622654,0.1114889706617791,0.12574610023720612,0.15259875710940174,0.06133535569848969,0.15279342743590896,0.0618844014646851,0.06652709227539422,0.08801894936500743,0.11296584248120822,0.08048772022933104,0.12517328144519357,0.12067841251034139,0.10087464525644363,0.11317526159548608,0.10596292154662268,0.11286236073584954,0.12620071270845168,0.08298036188385549,0.19486697630219274,0.13123967003803627,0.18900628319698076,0.16760193406707702,0.11212481759941073,0.0939229887626547,0.1288999150938388,0.18577777702105946,0.19659491959666942,0.09460610274627124,0.10336575692694194,0.11877807059599077,0.19713790290897626,0.2435068041166939,0.11946391102198461,0.07454059576671457,0.11547911177535697,0.13795367227386568,0.08061121384028336,0.42185034646421515,0.5060843606716838,0.6639224916383276,0.22109193361438462,0.2903805399287701,0.4475712209203364,0.44276688556105415,0.8925866299231874,0.30127503704101466,0.6432853227765678,0.6319727829883542,0.07899877340379913,0.2163812629067896,0.16016864306902145,0.091639560463879,0.12853374538702023,0.10414105651376171,0.11564185514880243,0.1483189248919652,0.16891799254704498,0.205717892789403,0.07103908832724126,0.10341790205449142,0.1065226424951281,0.14017709256664568,0.11259771720206635,0.13440102648836316,0.12189702192765539,0.19894677766943725,0.10897459555917033,0.2521606253316623,0.15268278266687552,0.1570869144558269,0.10782136929695929,0.12857259867679616,0.1562578858951874,0.15103297813288818,0.1292096108973031,0.1898569764234228,0.15542382979191982,0.07720000378072212,0.12814623233454991,0.12381049322535298,0.09007135464039784,0.1653932269093783,0.12840566631040617,0.10848217030780039,0.13058676766762667,0.14724919605499542,0.1658174461028713,0.13428581168941034,0.13896238933645788,0.18868636431030616,0.09843854235913707,0.11938922034999389,0.1504788054855043,0.07426268524957302,0.17219804452564846,0.1277614533339544,0.08524254486282401,0.18249120234875682,0.12216840351936953,0.1525642772182898,0.19930406665131206,0.09932479201029853,0.0878878667378985,0.1134112307209394,0.1296927275185772,0.09936547035826393,0.13638283393240902,0.16587754743932137,0.05461224276099963,0.08747778343723855,0.07764523765378539,0.2830822353181478,0.08358002575862333,0.11039657078928966,0.1747683065989477,0.07410535379892547,0.11383141427746812,0.2385554264672085,0.11062497443633723,0.0667118811896591,0.07291451651674985,0.1183034708549191,0.1932589649574401,0.11722705357289498,0.3427450689188686,0.06264459066416839,0.12411159174063979,0.0767656581102848,0.14546233832966282,0.0940192496470913,0.17797628804322263,0.22074366406248724,0.30790562385103915,0.08918573224494197,0.09421115989873963,0.10286682967598093,0.07627270197688707,0.12127478589650698,0.12910813485993677,0.16771481573771174,0.1616171241149389,0.08878817634755076,0.12327229872815104,0.13290054028188136,0.13102743935179295,0.23563233303348285,0.11512038876639996,0.06903836859549017,0.206933643210776,0.285484241352596,0.17463523320335217,0.25825392471470887,0.10195816896289256,0.1256975963773721,0.1821090985614653,0.2825560518372765,0.13067699442754188,0.18339900749892424,0.15695215325227596,0.2640906122385286,0.19637663644029746,0.18428600010458474,0.087280633553805,0.15223871616601736,0.21866439929385917,0.14780230638436054,0.2488400199738523,0.3078801601044623,0.24953607577055592,0.14687285364809932,0.14465386994581952,0.11206523204941221,0.17259878281255858,0.12725669573096554,0.13512955335667343,0.4475712209203364,0.2637687241160772,0.4031910260010343,0.23554326648514357,0.2903805399287701,0.3155608976977812,0.17115688980586852,0.5185661730434689,0.5870147480276969,0.23062922277899034,0.36548046258429956,0.3502307404670971,0.29564336364792365,0.34578917774744655,0.5590395817472396,0.17378750193601944,0.6432853227765678,0.7601580932063626,0.20312047724420057,0.291049454294216,0.3163988924687148,0.22109193361438462,0.44276688556105415,0.13410932637455464,0.0870225130749962,0.18762925518174745,0.20941942125396662,0.1586097357660502,0.11590113542786817,0.15137024013075362,0.13597943185735983,0.1923763221702014,0.3451018830652096,0.1756490322083265,0.13461313380781803,0.15239760003816727,0.18550263293717661,0.20324709918326034,0.14903987723558432,0.2563215273974645,0.1914565122385964,0.3644910103877519,0.08724299500863075,0.3754397787131677,0.10302776607022124,0.14761485601156366,0.06855529571949148,0.12498444321676172,0.24473312574014305,0.5044896143009268,0.22364906816435248,0.25193246492901866,0.3422590083506558,0.11883386901217918,0.15313800234595187,0.13049622010594264,0.27924061476413475,0.13584763517962717,0.29353431114758854,0.5442000672633305,0.14252866562975675,0.13102008209197613,0.7484677386018834,0.5546089365487933,0.3756598642925617,0.19315902375812521,0.13448345845334342,0.18862273627660586,0.3233627539122753,0.11102902139483051,0.18143730730961016,0.09597434077212319,0.42741292049700874,0.24190228954548532,0.2953043184613532,0.16640840054586936,0.27104124271082086,0.15860342308207764,0.20666627768900936,0.2901339596297511,0.18813883883074223,0.3160917072940389,0.23309938152552312,0.17024387386121975,0.29428808718102795,0.2747287166719228,0.15480890925867863,0.1223284941840741,0.1890644928438998,0.19678384088973044,0.24840327482100788,0.17405427609875124,0.20479059553116685,0.26745417079256384,0.26252719789574797,0.25878803587758425,0.11243978305428981,0.17974263010406832,0.13347167378166136,0.11448240502176821,0.18127416142352393,0.3046128985445966,0.16404086939320472,0.22124077366632844,0.18860615958041627,0.2576416398278002,0.3233415122423037,0.3352000478907099,0.19832348142013634,0.18680125138231019,0.2557356441861822,0.1642880457170468,0.27915350495140545,0.24157758159303477,0.19364920378963768,0.37229280543265064,0.16029146568508856,0.3221375425643982,0.1449573552581923,0.18440777767525818,0.33622418715123525,0.21337084803974038,0.28857717685470485,0.49274385574781665,0.5030941028086904,0.38978814996393674,0.4431990747384501,0.354769022504444,0.5102699560760271,0.5153790652077372,0.4896195634617324,0.4104644374157238,0.28340135299874847,0.6206467480370508,0.3757943683070999,0.6039496254766221,0.7449051863583054,0.6172730338445899,0.4263262305353511,0.35276019290057825,0.45095043941700585,0.6079715259388457,0.5053175121266889,0.4092319666092754,0.4940326760037884,0.3805473491039788,0.27678276459909423,0.3109615871174263,0.30450009301161574,0.30099101717937016,0.507631191307174,0.31704297847494545,0.6737483757856526,0.23825697039635652,0.7896485479969673,0.4241882251029506,0.559742167771639,0.49423725464701607,0.5337811241779615,0.27675966801546725,0.30127503704101466,0.7601580932063626,0.4150231316362234,0.8925866299231874,0.637819519832673,0.2749579340959061,0.3355761112071516,0.2637687241160772,0.5,0.5872517267556057,0.35857451425524034,0.2586637491261977,0.36548046258429956
35,0.19695312560240075,0.19488910768640655,0.22078961818862441,0.24493233984867013,0.14685719880507975,0.5851039080256533,0.1271157520813433,0.1829944355186407,0.29708136180998734,0.13600349181282867,0.6869122994012995,0.16633024130764007,0.33988838379368913,0.21876489680562405,0.20236801381671843,0.24961604099413726,0.21539252730011804,0.15275359163433366,0.28308752017065475,0.37031281234086943,0.33387796699688177,0.07974268722734457,0.12429322400253429,0.1695488395159237,0.28745115198795934,0.7444216687442896,0.20440198698542889,0.12019126711313566,0.1961156894205366,0.12247985397209304,0.8150805436489148,0.3654379204025755,0.1756694657963771,0.15525088847403634,0.3114579170134443,0.4572414901204963,0.4359240989919395,0.3236065429380385,0.09247860709868883,0.2636942808102509,0.3547367970203945,0.09333641146088723,0.512242784160556,0.3745418120172521,0.8935072075120851,0.40453822755193825,0.30053074691376236,0.4618029936354048,0.41586358358210584,0.37351582476817746,0.20306869769386837,0.18813279677131256,0.08774734931434747,0.09799939561592952,0.08953873549829783,0.11900616604711944,0.1714297310225238,0.31338466524136965,0.13323266591120175,0.1633954838038678,0.12256009503337462,0.15467338625336957,0.12408321519717957,0.13018983183198563,0.07421026752279902,0.15781983653734455,0.08423308387106343,0.11357404790561088,0.11080175124338887,0.09428717809730658,0.09607109250258394,0.17415914549919365,0.17716629143261053,0.07033684143947394,0.13339414798232363,0.13637497758309303,0.07772622747830593,0.09444096109367695,0.0799248134072027,0.11783774125118407,0.11710295513893276,0.06722338874066658,0.12167947105427612,0.09840035991216489,0.17687341736895512,0.08793904827469357,0.16806739967971507,0.11662028361986065,0.12427697049251285,0.1606304234694006,0.055730974169432956,0.10259350773491038,0.08287591577267783,0.13792884143813933,0.2740260550032765,0.07526863529651984,0.13028103306650285,0.20613585129067913,0.11452441990016293,0.24010513441062908,0.4070864526276574,0.4049173777263375,0.196341825322343,0.41881029733723985,0.3163766759023917,0.41930884964991577,0.5864002119024616,0.6775070300132945,0.2815927250595832,0.4191092571981826,0.3780855894724021,0.38092345503322167,0.4182814478715833,0.3030021376308517,0.30003668276147133,0.4028728622163986,0.30345315342019585,0.45801524801724935,0.47503721239303875,0.3215642428119512,0.534109391349469,0.35789614348028365,0.19380912768557745,0.8909845165222067,0.6326446250087637,0.6962010467065163,0.4951172868754523,0.27702097097780654,0.33359303639743176,0.3119086922694867,0.48580353615109495,0.3229669811800623,0.6549163706826293,0.4347911591332274,0.42458278849502473,0.5206460910791936,0.5575266537085521,0.3903103159628638,0.31811078435305284,0.40347995350931853,0.37452125998986907,0.30143288885327446,0.23374119759365886,0.5170813547862995,0.5411154587851144,0.3762485843996507,0.2616377007297317,0.4353522562341837,0.3059939068077189,0.48753128474375995,0.11130148741205592,0.0968958477927011,0.10530984262953702,0.12005938883420397,0.14047084105569785,0.058793550950578144,0.14274061892797807,0.0564640230314114,0.063680343342016,0.0807121444608695,0.10299358070760645,0.07591863989037473,0.11526067230108383,0.11532540597613561,0.09187122849550555,0.10991450402992065,0.10266858672265855,0.10465231132532182,0.11892589326281966,0.08175609253430427,0.18791691551732959,0.1269020488618019,0.18305513172778098,0.15194051212844062,0.10388148876657888,0.08709834616110113,0.12388424675946152,0.18035305611969044,0.18350887957480988,0.0886351969770317,0.0975798765823711,0.11513740197716316,0.185775133501331,0.22985534146963393,0.11305830291937269,0.07153711860812473,0.11021222972938127,0.12554135836084324,0.07765216653925966,0.4215591444370017,0.5050734467415399,0.6278997010081282,0.21318469931590256,0.2831329790056143,0.42862447546674387,0.4363754584696311,0.8935072075120851,0.2849543553908145,0.6363734159534709,0.6339037641823577,0.0742270927471893,0.20096070972165947,0.1554192320977149,0.08711419879761562,0.12137665376506124,0.09621528563643278,0.10987940612288738,0.13064751143665465,0.16204739429208237,0.19642929614368654,0.06969437443361592,0.09538311386831444,0.09976717795519285,0.12870433426618022,0.10496678493650646,0.12919065182678124,0.11263541729578663,0.1700372473325965,0.09938317427694987,0.24550765402804797,0.13753482331300804,0.14340363456718253,0.09279991399104048,0.11471823564467976,0.1495111320509519,0.14167268029681257,0.12473204180673891,0.1809159561685465,0.15380535995497913,0.07337603249624469,0.12338659286936493,0.1178060719048557,0.08469080919059335,0.15025203818729926,0.12467094908197673,0.10504816192280486,0.09974300888665621,0.1367968238745223,0.16265142187754666,0.13008673822921968,0.13052758147059984,0.1754613893312973,0.09401554749337238,0.10832928486004023,0.13040820180157342,0.07066594928545733,0.16936354636032047,0.11825732357912844,0.07650279710513908,0.1743701513423599,0.11913678065367717,0.147164340416031,0.19306140971123753,0.09715790696026516,0.08609277514993385,0.1119355291010713,0.12764501248162996,0.09869445565326751,0.13199235268133058,0.16518910752405946,0.05344754266275409,0.08246284485826394,0.07216394263268822,0.2845795256652023,0.08152628813820373,0.1098568538055612,0.16671894807187015,0.07383359071546247,0.11154715213448863,0.22943363386013216,0.10803139284958352,0.0654182535879172,0.07180984431930149,0.11501951837852209,0.1868532742869896,0.11454031007351928,0.34231091860424423,0.06053328445867978,0.12354400176597247,0.0753857965840129,0.14293143751574755,0.09017771964457177,0.1684850813217873,0.21785014516146983,0.304576181188981,0.08594033923375688,0.09092925041898958,0.09704111719651753,0.07391617440909715,0.11939240362820402,0.12660981276116756,0.16727139999267326,0.1602286299511948,0.0815561721843523,0.12226189338758076,0.12585727781623146,0.12160871238078208,0.2354919011742772,0.10820761149417446,0.06809933459767725,0.2085098467270008,0.28823781860138653,0.17377814573789974,0.2595279888257709,0.10170570291383996,0.12538569671934507,0.18315506329467668,0.28243519030413766,0.13170306545150046,0.18489281579640304,0.15590104599428245,0.26229036932714156,0.1978850284583349,0.17758824908820403,0.08677747425940197,0.15305861409768773,0.22026947280367948,0.14679769960042965,0.2507360846649065,0.3066437879741317,0.24616308362285,0.14620082690405023,0.14562922492104002,0.10986311402940263,0.1721590247420931,0.12548950819940752,0.13484164541102206,0.42862447546674387,0.24872180302359392,0.3941499961673478,0.21105859882765332,0.2831329790056143,0.30048213154563086,0.158591461436694,0.5218342432022585,0.5791301730801968,0.22597271081171477,0.34451644501624934,0.34643822116131995,0.30028450571522314,0.33634636049336397,0.5588032931767518,0.16377072377421975,0.6363734159534709,0.766366188381604,0.20254034780281827,0.2874987446157464,0.305912528833426,0.21318469931590256,0.4363754584696311,0.12467041785559196,0.08318568595099962,0.1798075039399708,0.1964787683936089,0.14849054590393185,0.10763579792006317,0.14557989452606213,0.12624439051860858,0.17685710107780028,0.32843187353901304,0.17024215823953015,0.1284852219342144,0.1472145216549806,0.18029205897549816,0.19238810718151322,0.14235635371932953,0.24633318993747733,0.18176032231669204,0.34580374986245555,0.08350468581937498,0.35179856296410905,0.0984609875311585,0.14170806467500052,0.06299232959452672,0.11762552398754067,0.23399361522877282,0.48897978642741424,0.21090979943001997,0.2358160131223337,0.32591651480578987,0.11125519097807113,0.1449791861719375,0.12216089147127662,0.2674899110516019,0.12731213730393054,0.2789107716747371,0.5297376608754274,0.1290362636563771,0.1282133447642324,0.7310210945007558,0.5398884737014706,0.3615327871003584,0.18049975551119024,0.12118973068853434,0.18207935091100014,0.30352652042653705,0.10602413980384795,0.17575426363820468,0.0936552798449457,0.40788703328132736,0.24250721549270826,0.2956129941099954,0.16295919048398544,0.27227808355910477,0.15624566500030568,0.20383374413534838,0.28806278378458017,0.1886134684767572,0.31582293683905815,0.23224751094016516,0.1689006915551543,0.2963581063841677,0.27574090637700965,0.14915265726561355,0.12140683711631017,0.18992867758707976,0.19455717621575463,0.24844272701921,0.17262268062265373,0.20276629521066858,0.266050819288839,0.26479840879834804,0.260519429406583,0.1102583029669294,0.17830330898887137,0.1316657564843895,0.1111871890022148,0.18031308332371354,0.3067737588426038,0.16364542253075032,0.22195051228053486,0.1860191239900788,0.2577166903680763,0.32115324957321567,0.33591856977875423,0.1989858728721391,0.1867065647948455,0.2553169687964144,0.1655025460541435,0.2806612664070104,0.24215498129599866,0.18946736503668937,0.3717167457527868,0.15767634541611564,0.32596809005504535,0.14164162498472455,0.1794541836748843,0.3382223308267457,0.2107812661472963,0.290093268870104,0.5,0.5097164883803126,0.3939193151185377,0.4475228587195633,0.35640342252664226,0.516830480536596,0.5223878979346688,0.49622654241530906,0.41404648436085145,0.286909472086175,0.6269715593460342,0.37959321203543117,0.6104993545237902,0.7509688477072001,0.6231140994607998,0.4227583028660391,0.3557604568737417,0.45384172384181387,0.6132485775557097,0.5118228406426444,0.413852781949544,0.5001343536077771,0.38612202290442554,0.2784582134948538,0.31532017348026753,0.3082444666833276,0.30457589508636485,0.5134976071665742,0.3209569966108836,0.6801272694272813,0.24077805497419014,0.7952061146950058,0.4275907974415193,0.5659307057458547,0.49838379350968987,0.5399262019807912,0.26502100728876143,0.2849543553908145,0.766366188381604,0.41872735134455985,0.8935072075120851,0.6324577936219945,0.2668220979679966,0.32601915691280714,0.24872180302359392,0.5045447351545986,0.5846775893506271,0.34990756658990596,0.249190907949295,0.34451644501624934
36,0.19491283914110247,0.19332930989216224,0.21919575890137366,0.2442326837463008,0.14347877557028732,0.584859539547472,0.12632748217499967,0.18204164055644412,0.29660935122586507,0.13262958176178175,0.6800631358785112,0.16179231789670412,0.33544489270734634,0.21511154275920585,0.20047104331032295,0.24835511129302834,0.21341726107024905,0.15178489074871393,0.27953453927031335,0.36586282654207547,0.3320977324424008,0.07723643591803353,0.12385223089958386,0.16944309617592757,0.28373690057155243,0.7415371966303418,0.20081110417433912,0.11798767729002213,0.19592836802144786,0.12055754199827973,0.8179251760557011,0.3638119067936151,0.17465502629833551,0.15151372534011398,0.31028272594013295,0.45322720824119545,0.43198940046620105,0.32170256133071307,0.09015998479539955,0.2571008940499474,0.3552550664991707,0.0912199132706617,0.513086752797632,0.3736401447472901,0.8955368439066403,0.40397108591984654,0.2934822989813445,0.4648792832532379,0.4114019374049973,0.3634189964818828,0.19789292924127033,0.18256070156407045,0.08226938003952322,0.08919112943721763,0.08295693714051033,0.11165711788453225,0.16939892980015447,0.2905979840631251,0.1280520562970653,0.14843272226012827,0.11960999477943113,0.14617235830433772,0.1151691210842295,0.12130152068602518,0.06894357333965806,0.1505220645799895,0.07667907595316104,0.1055053909274214,0.10269632889483371,0.08658570937058974,0.09259503496195454,0.16557586734955054,0.1703318539627282,0.0673358778764035,0.12886481376532888,0.12717716089956832,0.06993451993944699,0.08923531997427026,0.07495715677252135,0.11362391933449667,0.11180845830654396,0.06415846040819351,0.11431217480187306,0.09239153786544774,0.17138189855025776,0.08280504705705616,0.15723921180890588,0.10889722880076991,0.11611053094352397,0.15539578458284775,0.05136029208923509,0.09777839703410729,0.08031127425712581,0.12966946252787115,0.2641748172775351,0.06826366063105471,0.1242055136649014,0.2008672217294416,0.10727451341857452,0.22957374666465535,0.40676263731111384,0.40662616133155816,0.19062831958015525,0.4143937561760809,0.317587818075708,0.42043638016778273,0.5907812328599366,0.6825400199334308,0.27878049079276834,0.4187709711263685,0.3712143127877149,0.3795231198150546,0.416572485237945,0.29913148316201654,0.29832068535211653,0.4018402095651459,0.29940710463370224,0.4542605567973991,0.47798871813915556,0.32246491504300256,0.5379606295487385,0.35702766197906277,0.19112950921895377,0.8925820062219203,0.6353266298326028,0.702312844838649,0.49795563500020124,0.2760114730339178,0.33217877652787364,0.31157834070509427,0.48588593254415535,0.32067149472736334,0.6593190665996673,0.4367661829067274,0.4263286926840357,0.5213313448604604,0.559823918368946,0.38698165871047907,0.312366192319643,0.403896477896312,0.37038531144666675,0.30174155197703767,0.23077837185661498,0.5168521191925524,0.5422627401115181,0.37650361029037527,0.26023554396306936,0.4323954417792748,0.30787775827384445,0.4922292495727927,0.10492046557688228,0.09185360283291799,0.09778610606995175,0.11261605311052147,0.13375085357657712,0.05325515907386624,0.13588040382737598,0.05495961222371182,0.05822502842375388,0.07823548950845205,0.09824796456779039,0.07282267588692681,0.11249704656679216,0.1130599744042069,0.08540001513715845,0.10102105833881825,0.09809809779316792,0.10248738123135315,0.11445253409819689,0.0766544326362375,0.1782646421374181,0.12255449382926886,0.17517342751320497,0.14491305733759807,0.10057132316535866,0.08215737626150676,0.12065740953390403,0.17249644010683374,0.1793063490910084,0.08486779965395519,0.09188275362259524,0.11140333026570659,0.1810957415542056,0.22517459795312733,0.10873152811273001,0.06818184527964022,0.10619395235665219,0.12283032795728965,0.07200101842746409,0.4188602544965714,0.5048039004307783,0.6214726555005843,0.21056178981402995,0.2791847349993509,0.42521265607101877,0.43379981163258985,0.8955368439066403,0.2747242674594914,0.631260660405609,0.6303634391239159,0.06916021994932209,0.1917906392954397,0.14760311904700119,0.08187109520951474,0.11340451844388266,0.09199328564922349,0.10494645988740381,0.1224247110690655,0.1551832398558104,0.19070187366799607,0.06595743078854033,0.09060656981755844,0.09598007142862675,0.12255877767738788,0.10021596668451149,0.12389275266623323,0.10832476596574636,0.1683669148314635,0.09440430847303216,0.23224626273922544,0.13140162812940792,0.13485305144498827,0.08852997772922533,0.11116787656635563,0.14193267384108943,0.1370450606474547,0.11519439035081702,0.17628952767568307,0.1400857343734644,0.06854729677270766,0.11485127121146088,0.11025683201078562,0.08018947751976568,0.14377653543323832,0.1179390747259742,0.09738809119697034,0.09847058525585084,0.13306864218899483,0.15487806178594943,0.11860894025809932,0.12445239790987794,0.1731736357810989,0.09040353338176077,0.10551163564844024,0.127622079064582,0.06648115544578437,0.15498439399366204,0.11174200092185704,0.07212472248102852,0.16253863584899897,0.11086569694523052,0.1360966124379217,0.18647461860074266,0.09028211740928516,0.0832655598838109,0.10683612786079277,0.1241098500025627,0.09273630932356147,0.12724202036789256,0.1512518158126981,0.051122663146005554,0.07842062769632419,0.06685617266120691,0.25822493846800465,0.07554720980319463,0.10233826896347487,0.16072674433307033,0.06381679550704134,0.10071542107016662,0.2110581171913528,0.10295896088067791,0.058212126269021836,0.0643819064922907,0.10520741859098015,0.1726916952978078,0.10806688033405942,0.3306382263607257,0.05788486854404751,0.11335390848862348,0.05973964691896794,0.13588306415633822,0.08509560587693388,0.162078675026593,0.20902517431597656,0.29034003675625153,0.07929023937662039,0.08421312998753705,0.09298869344447802,0.07037006706921034,0.11440815120834846,0.12000631504670034,0.15486721732552888,0.14546481926370847,0.07678194966796492,0.11349683170458147,0.11587142132654338,0.11870611943834775,0.21341538919670933,0.10019859510334683,0.06295461065115715,0.2029897025222358,0.2758230191411949,0.16806969288194384,0.25198458755561803,0.09625426748083954,0.12223979753031244,0.17308899930699673,0.2751128189377704,0.12612327387893218,0.18115751452326612,0.14756323497267576,0.2547496691789102,0.1860610395948885,0.17305170986619434,0.08101155733891685,0.1497048251274241,0.2141383743315668,0.14294874689038817,0.246379465475427,0.29880405239546315,0.2411536662550221,0.1420220457705803,0.14206345500906825,0.10496114070675522,0.16643211275392755,0.12137096797438829,0.12793739640388058,0.42521265607101877,0.24277903500880815,0.39023495021550625,0.2113675970011767,0.2791847349993509,0.29445034724459107,0.15523157966742573,0.5240687865911005,0.5778103098748272,0.22261345751795547,0.34216184214096534,0.34653390267395,0.3003833673736198,0.33210355859014185,0.5449775934506276,0.16145228189300243,0.631260660405609,0.7708474741040414,0.196860489512649,0.27901286331885733,0.30365254062287983,0.21056178981402995,0.43379981163258985,0.12000890987464807,0.07932108873416188,0.17922062699169095,0.1913438390458112,0.14502446935619728,0.10207990259828681,0.14236365659059735,0.12408983200806378,0.17490254814766582,0.32053129410151826,0.16921233314297612,0.12338679853935697,0.13932400172205817,0.1774356076453517,0.19112741452499082,0.1342930093019824,0.24116763417150677,0.17471229657422827,0.3439019408336559,0.08128869776148018,0.35114259388865365,0.09544809507477936,0.1388391829951704,0.06069342567984326,0.1149745605267728,0.23265980107620354,0.4872196362146626,0.20432521927126845,0.2344192319644356,0.32428950518318833,0.10700907667235704,0.14279784805521356,0.11599677768594885,0.2678149450112456,0.1248202457786236,0.27491197459387673,0.5259745796719912,0.12499268103812577,0.12214411522700785,0.7269911346991633,0.5328886460296277,0.3615099868325168,0.17565737776497625,0.11980833271596769,0.17593802173632234,0.2936239109584907,0.10110744166805563,0.17209962820139368,0.08672490646706166,0.40822166974245,0.2332080557169507,0.29293559235979827,0.1580622634163047,0.26972744835040785,0.15055889597617933,0.19670023054236507,0.2855007246378245,0.18075706858529106,0.31065014824247494,0.22719613386882787,0.16178489701893806,0.2948495515098978,0.27335656367303407,0.14493493151217296,0.1163294603236057,0.18694009792557298,0.1907992598524525,0.24622747633216646,0.1675994863334913,0.19914941910387884,0.2601681713010141,0.26177599044177635,0.2573287325135767,0.10341330210768807,0.17327034070427882,0.12621988726538758,0.10569077822240514,0.17498096292191423,0.3057777994449642,0.16002797621099973,0.2139625182435596,0.17600822746078892,0.251835961857494,0.3187693532253689,0.33220399019053193,0.18767126457033056,0.17946615537199173,0.24872023943967803,0.16316047630423436,0.2765754368058091,0.2365960547457202,0.1804047222259203,0.368541591219549,0.15471865250027006,0.3226090808037686,0.13695834059385248,0.1730109461116356,0.33712291820507556,0.20337460377998373,0.286608373609322,0.5046366976079772,0.5105029865861099,0.38537543787934303,0.448934772629092,0.3518218641472979,0.5198420105092896,0.5252831591536876,0.4997579302661751,0.4110272720474234,0.28417607374219833,0.6319342911958709,0.37921398380688576,0.6126747214953715,0.7529463384729642,0.6239738392542229,0.4220441163019385,0.35610449449405923,0.45341605527464757,0.6168717309795184,0.5163081261749953,0.4148332209048293,0.49855346497697606,0.3862582416022965,0.27346503343362005,0.3132332110417496,0.3057413754988805,0.30270559311827283,0.5163034036997468,0.31707693568338735,0.6848504267317806,0.23769447658837517,0.8008150683731703,0.42297586403229614,0.5702322745929203,0.5,0.5417831945889284,0.2539125237350859,0.2747242674594914,0.7708474741040414,0.41887280021679885,0.8955368439066403,0.6289425666377636,0.2604020190904388,0.3210239133771333,0.24277903500880815,0.5038191304787977,0.5816325875084619,0.34036921571743484,0.2402948516284119,0.34216184214096534
37,0.20122412157797787,0.17069480803121617,0.18304282286361873,0.2055017703432842,0.15048372026681156,0.45986511940514363,0.1268550112455309,0.16117209414678169,0.22680539129518462,0.12139948088131647,0.534965364519068,0.1256523639179804,0.2965101784601285,0.20268772056435047,0.16934555346011648,0.2019154584589251,0.2000554807332766,0.13299815603621357,0.28073502148774787,0.3205726584173393,0.26555328342650497,0.11188307226672078,0.12703732729276707,0.14322200479762626,0.21727598765600542,0.5845407155023306,0.21247303329357192,0.1334769556875811,0.15586526911852006,0.12243872930808353,0.6803996055679951,0.30460302268975514,0.17939531081164983,0.147458169620028,0.2647825494102837,0.3399158639960168,0.3230969786661152,0.25903964649180333,0.09206689898302367,0.20837263353405133,0.2835941381080842,0.10923595219081517,0.43800412194424254,0.29503352634788205,0.831686529057692,0.4974211472206054,0.3564555578016376,0.4467541382552245,0.5419059120657457,0.3814772199279246,0.18760287098863826,0.16372408240058078,0.08165410271936213,0.09050536498020023,0.08021043269337214,0.12427511115332956,0.15736996476215848,0.22614129566512586,0.12275093643113422,0.11955871571186216,0.13190840662270442,0.12460292499545078,0.1030170228291224,0.10570338558549819,0.08909382811204791,0.1413804561241352,0.0792704929678526,0.0924694750319981,0.10565579119665636,0.09242519693270046,0.10765250927782033,0.13259992300484447,0.1538231552030136,0.10091086005697303,0.1456931084508244,0.18239935794624562,0.07075140011651115,0.12145764556701055,0.0776823627280464,0.12680678586394667,0.12353190248903445,0.07774608785240944,0.15588806719190484,0.08976692505583184,0.1734146524236735,0.07896177337097388,0.1608369591404868,0.11025973361533314,0.11325907415717551,0.14795619849609565,0.05468242962599634,0.11376426682243479,0.11320200288062587,0.13121006332110952,0.2616465692400328,0.0845100305747638,0.12373303871343566,0.19545528129521605,0.0940819487600375,0.1869906623171531,0.44554731625256483,0.41114540435561486,0.2422345956501939,0.4136212792015822,0.35713086261144145,0.4077420474023433,0.6658712128155158,0.6577850793321387,0.30808842229866906,0.47759956732181674,0.3567712365528821,0.4060400082271953,0.40342414767187984,0.3231263426058776,0.41688566553306394,0.41535823920880244,0.32066719281525524,0.415592341116483,0.5108559471933244,0.37096304120097456,0.5675960523847158,0.4038160705919279,0.22544440899289264,0.82647147951577,0.5891873987778764,0.7031709120675935,0.5321613171225401,0.28902445224157247,0.3546464203428472,0.3500928604921,0.4829214642935765,0.41148412316627603,0.5912620936624307,0.4220075625138101,0.451150772220005,0.4672514934330845,0.619814274344556,0.4032656279043835,0.318825183911127,0.45407781711587847,0.38881909008874804,0.40388068571177593,0.28212711554256864,0.5821836674958729,0.5,0.379328739817143,0.2845734221268361,0.47800433252041297,0.3643224796945308,0.5176340660781518,0.13786886334324144,0.09262396377741666,0.1076906587256351,0.12528283437419885,0.15072854945754155,0.06673609435152772,0.13865455604099375,0.06769771985265971,0.07249012323441861,0.09768508619969463,0.11481973156643133,0.10575679429570939,0.1339312400805187,0.1416345328205415,0.11164412279869584,0.10899505063577497,0.10867456153125132,0.1521706273854896,0.1294577570896318,0.103931722447966,0.16066654604863306,0.1212598547960787,0.20226769757316465,0.14480561537421477,0.15629190870584841,0.10763818507869227,0.1599961508305906,0.2248008788255066,0.20712709182001687,0.09241717121774207,0.11466996298159038,0.14305178970156895,0.19303432057083758,0.2680534100306604,0.10477544573598696,0.07043676100359009,0.15193629912103357,0.15370705909539273,0.09770046504165197,0.45066567605395225,0.5547433498930043,0.532081147366843,0.2909423616797475,0.2758713583117137,0.339546082581789,0.5323517607906219,0.831686529057692,0.27600086981436334,0.621498948769449,0.5757734315249551,0.07640095309442019,0.1693683259105323,0.1646633776347619,0.08786910731869269,0.09416804254629962,0.10178440352601237,0.1260362286922393,0.1221495525002142,0.1424612434670668,0.2059790256257571,0.07668942254301803,0.10525037271976878,0.08632887614071338,0.12948396779317706,0.1045309667120553,0.14705834366135506,0.10154030989566132,0.17218318593915583,0.12301914547739023,0.2064433767760726,0.13064262018337602,0.1282879891402242,0.0871170626025034,0.10847972667613925,0.12567314940318863,0.14409829759133697,0.11119867561306174,0.15713162037676365,0.1265920639033835,0.07286106864262942,0.1078903426075033,0.1337031366708178,0.08848271089200055,0.14308965540658125,0.11447022684868502,0.10753866264527034,0.11085185541683218,0.12785965134761146,0.1837581537549834,0.12182219359655233,0.10611134388222643,0.16291003940952764,0.10184824042393859,0.10799915518140057,0.1328851937741029,0.08769451249098348,0.1515117761580801,0.14838622555160041,0.09360298963299796,0.1417194268744183,0.1600592043305894,0.14459651474984547,0.2006172669345846,0.11461004906279837,0.12333685899045899,0.12400298090910056,0.16062813173294777,0.1292830650510366,0.18202036169180558,0.13746970736660558,0.07811615042865316,0.09931210361794252,0.06520807778041182,0.21181875717066168,0.09966834352295839,0.12363436582861109,0.15117298231484733,0.0650268334570161,0.09053582211886801,0.19318259590985543,0.13597396645901294,0.07515605855794227,0.0646411727955063,0.11887142493807479,0.14252250550347112,0.10803816581286618,0.28146887338002435,0.09195577891476825,0.11849021262614512,0.06355199969032743,0.11780455582842397,0.08702094196302557,0.16053150974760322,0.18647132429696678,0.2906728090172529,0.10061475625888683,0.09474301059806123,0.11003462283870191,0.07596588054912712,0.12715596124596695,0.11473949921437965,0.144439697718022,0.14158428554606617,0.08679692670282824,0.11535747654281947,0.10528209820121714,0.17127994035544292,0.1668739186410797,0.10351179444035041,0.0892060895318676,0.2383614618319816,0.23999494665092103,0.204146622712154,0.29042825865824284,0.1129934597893999,0.13651269486760198,0.21507639980094395,0.28084479287989883,0.14672734703492274,0.1773073535438502,0.15915651244666507,0.26034039364197004,0.19642414351192805,0.19267278694858914,0.08281004216436971,0.24031393444767113,0.22369140449379588,0.1845532459509669,0.28173565886387797,0.2601127070521483,0.29116722438571774,0.2171314298608713,0.17215974922923916,0.11699966694329123,0.20175900302137617,0.15617324316532177,0.13025264449353235,0.339546082581789,0.2631040059582196,0.3516072289029052,0.23234909672380988,0.2758713583117137,0.31577614369992935,0.1410367519451291,0.5441274385726479,0.5802294327114167,0.326143938479443,0.36714875924075274,0.7472180173754788,0.3337696973252895,0.263548328199401,0.5382506569419049,0.17599457990789424,0.621498948769449,0.6873079233289064,0.26947254413423793,0.3653011007771638,0.26408528674898535,0.2909423616797475,0.5323517607906219,0.114035711907164,0.09848852788100682,0.17754646539518926,0.1517550727481901,0.1352715976047567,0.11460380082143895,0.13469334347796014,0.11464398385302865,0.19167494693976406,0.2762584253095064,0.18230592674565615,0.12021362874619124,0.12786231124621994,0.1617540595927035,0.167832803519534,0.14578845467288237,0.21075141817899,0.17508717304926114,0.30455195865208506,0.09953166607890018,0.2571392952009929,0.09911886410563064,0.1919191912763868,0.07113273905465545,0.14538809368271066,0.2463255213452511,0.3740482313843069,0.2038323688380479,0.17825835123530587,0.26559576097482285,0.1006594464706031,0.14960351014572326,0.15197614354767885,0.23156854618428435,0.12105708922969183,0.2102363728813792,0.4207884059649383,0.11967890545927284,0.11596094385900868,0.573135354181011,0.4026453739235455,0.2842812412842549,0.1470124892007585,0.13090587099459283,0.18930520833000442,0.23055709458287632,0.10047728442150994,0.1522525219075399,0.08273797164992358,0.32344489667900467,0.2895812152240065,0.3625396616637826,0.21500636382806992,0.30163353180475605,0.23231122758557532,0.21672778381320568,0.3155622894444339,0.18920746133519217,0.29143383166540904,0.29158310678193544,0.21528248292873264,0.3288461697066367,0.32347667061988417,0.18508263372041656,0.14487184181297164,0.29186584822388095,0.2627399076613226,0.32944536822320003,0.2670540803420004,0.3013906230600475,0.3365684260116645,0.29602066192600773,0.2879682645859055,0.15910344965798373,0.21318727094136802,0.16449293162341727,0.18286460217378664,0.2559496787393445,0.34275974095969997,0.22910247988371224,0.21240911419313324,0.21156365273643252,0.27629146056698994,0.3936937408334821,0.3871211026175231,0.25832606769327093,0.22147899362845913,0.2631019298977336,0.21933995109718896,0.32017333200134435,0.3281376166731462,0.2368406805439478,0.40264276519034503,0.2076356294127394,0.3323164404965766,0.21152280154595493,0.26677159396763706,0.35850930834729366,0.2259506913234146,0.28588506021748994,0.44673338603474255,0.4733259870490858,0.3677621236770031,0.4760747081088509,0.3915408968501394,0.5161423810081025,0.4507731741456775,0.5100326260667238,0.4597710480836231,0.29405716101448687,0.6311459553823853,0.43669442143440507,0.547958579593828,0.7392189751202718,0.5527454365090219,0.5141255497762631,0.4466303578189238,0.5099334567106463,0.6690935390616439,0.461427718229951,0.44759197419454033,0.42895368437317904,0.4218471246434309,0.35030123266734825,0.3271889151591775,0.36583677922545865,0.3398652365835091,0.5010695632753382,0.33577814943886,0.6021713024272319,0.25557814088714936,0.7849197661956867,0.40955755218246626,0.5555683664779543,0.46603364432115024,0.49168374170942797,0.23183613867985764,0.27600086981436334,0.6873079233289064,0.512782230211361,0.831686529057692,0.7055753988339133,0.34058748155854246,0.41801980932816307,0.2631040059582196,0.5539708656397192,0.6409844808834199,0.3665675141609287,0.3174288864074647,0.36714875924075274
38,0.17994664303690444,0.15613449541627655,0.17104815756144698,0.1963114372458743,0.13902599797752202,0.4228886904082564,0.11839032821753148,0.14773539873806918,0.20802248908163967,0.1125602330886929,0.5206215907740437,0.11215136150595029,0.26802837250896294,0.19086331056385175,0.15762813571297551,0.1936554499235884,0.1911979623267427,0.12422529414662797,0.2521560793624529,0.2969315815537511,0.2509102411984597,0.1027542309361349,0.11440072936125012,0.1279731336238391,0.19806166118286317,0.5577243105027384,0.1974713627834208,0.1231082046580414,0.13994216196107423,0.10935865967447289,0.6497594774417479,0.29400436620828596,0.16580947862142736,0.13310879775767048,0.23839814069830945,0.32142718930586367,0.29673088328703145,0.23057966287223652,0.08577184291476703,0.19500579117405348,0.2686250403485986,0.09823571287118571,0.4154345654329267,0.2673926552025876,0.832359859340516,0.5,0.34623022066608033,0.4506995091079933,0.5251230511598393,0.3771871718303099,0.18654050412458612,0.16378542939954754,0.08031436872694175,0.09023693908063724,0.07857444081665876,0.12324164258187265,0.15508384074836268,0.22403915707123234,0.12176290441420357,0.11907402692020386,0.13072908453615018,0.12171640022524832,0.10107201033001711,0.10263966639721755,0.08776977285402332,0.13781631761952118,0.07699207332100044,0.09134579112229746,0.10332190350078008,0.08948263452979188,0.10461287601255953,0.1308883048388192,0.15491433551289346,0.10031367177229655,0.14110888529999233,0.17766909701286004,0.0697997816436311,0.12018532216281441,0.07471876415440704,0.12347323981364045,0.12173296527870203,0.07588575060880753,0.15256521782610688,0.08784195229954561,0.1734837023773117,0.0776539663682203,0.15826168909434501,0.10533132886206276,0.1109061468008361,0.14711147334283214,0.05349761373771211,0.11298517766091976,0.11225133269189447,0.13117397294637634,0.2583407745590848,0.08303549109689956,0.12263324945263476,0.19445747424030468,0.08967263109108392,0.1862995810004101,0.4483596949945453,0.41412069751270975,0.24306624421907286,0.41309388143486125,0.36043969216964966,0.41119823597023464,0.669276474941535,0.6610316803139676,0.30964899683568636,0.4810056338204267,0.3591377103919843,0.4083805128517105,0.40546925086654584,0.3251391560836071,0.41915559434538996,0.4185734504707076,0.32227312335128866,0.4195548777037853,0.5150905999192479,0.37416856334510984,0.5714912813932438,0.40637748976052745,0.2266873736909274,0.8289048775932097,0.5920002570237676,0.7076882587559408,0.5352991962097428,0.2919601732657192,0.35708759050229033,0.3529003678453875,0.48538307838908135,0.41240800085333473,0.5948257601957441,0.4253293255512468,0.45450400803135005,0.46916848716703563,0.622434401564929,0.4037314617240353,0.3216437324335597,0.45673149580274164,0.3899977692176556,0.40660512172275354,0.28407638068519137,0.5847932572166336,0.502671435908019,0.3825662891917502,0.287453456380678,0.47573077757187576,0.36755011307571206,0.521867492418053,0.13262054222086905,0.08980136660091165,0.10354769891563076,0.11963402518203714,0.14590555126626614,0.06454657425628807,0.13318774608167328,0.06192452566909912,0.06965587482520474,0.09152452536610778,0.10930166761340088,0.10187835881737928,0.12722339931276005,0.13743061634115983,0.10650431523453774,0.10633638362758957,0.10585661118374312,0.14226181576629615,0.12450119647066227,0.09766817955653984,0.15164774961539795,0.1134923285285746,0.1967416716974254,0.1374745441402958,0.1499027994304868,0.10193913765594487,0.1480996981223084,0.22232298387704263,0.20005878151447587,0.08958318056884029,0.10935954125900793,0.13929313064168425,0.1818602755288794,0.2632312390706941,0.09506405751323554,0.06659762701854344,0.14819772409944698,0.14353411163424523,0.09163330723966823,0.44801785898413804,0.5479851441038437,0.497856863950643,0.27562379468273335,0.2575184024966083,0.322168009455683,0.5291229572429769,0.832359859340516,0.2625864986677794,0.6174305433179519,0.5744984208708515,0.07083588317747691,0.1601677244211379,0.15478514624195072,0.08576772177684988,0.09178453327345737,0.09281526770316606,0.12049925522293359,0.11706757485228503,0.1337440248023104,0.2015391301636419,0.0739765563025988,0.09605689297103714,0.07996896425927191,0.1200175448506019,0.09842085803528366,0.143131905550962,0.09590742344298886,0.16264484782467947,0.11674984594804583,0.19799581340377514,0.1256926944423603,0.12271714236492026,0.07959986932416052,0.10229587527517159,0.1172079922881556,0.13882686482781692,0.09936994157110923,0.1482248795375729,0.1234553869309557,0.06902483882042953,0.10330847241517327,0.1285256251729563,0.0851923530441584,0.13054920296083183,0.10985717279200258,0.10376478754739227,0.10400742050140677,0.12209047151187724,0.18103120523032779,0.11651931987779218,0.09558435603124738,0.14897308201471315,0.09308217414514897,0.09882614577487381,0.12800157103288068,0.08270332119624835,0.14497988594584998,0.1450559894550142,0.08553386772820193,0.13158563593679573,0.1594437424210069,0.1423343018049552,0.19945832107499195,0.11227081526572114,0.1228930339702663,0.12343738405677551,0.15941930573852314,0.12826834338221305,0.17996970985576788,0.13488447439629114,0.07758672526408217,0.09739488029823162,0.06419638584161802,0.2108415541335763,0.09844578428903239,0.12300240607906865,0.15019507590530856,0.06382996620962567,0.0886711682060054,0.19134191115252863,0.13551085968370813,0.07431089610474939,0.06366956764538223,0.11830239546774557,0.1399504441857642,0.10651097393938713,0.2827837105231128,0.09100874737872366,0.11854446462020474,0.06130062601384578,0.11567723639522598,0.08602733560945719,0.1591264949856619,0.18544674857940413,0.2901583639599812,0.09946417638248073,0.09322181995988066,0.10925264223075093,0.0737987052689364,0.12480422863495022,0.11391639269445564,0.14473367295091677,0.14057019455988107,0.08219054558912575,0.11468299911881374,0.10296522111439566,0.1696519759625701,0.16701599080818152,0.10198932109582204,0.08784115788706581,0.23847049196066528,0.23851298400010457,0.20334509914240761,0.2898604079727458,0.11281865766140065,0.1369625380492755,0.21483031989204238,0.27986556509050897,0.14681210499245423,0.1788247683862384,0.15866012561208231,0.2600238485842181,0.1963126621015011,0.18825058982672593,0.08279802752004761,0.24093212671095332,0.2244717548131987,0.18337763436068877,0.28193475478135466,0.2531647985135891,0.2902297324607438,0.21685890327586288,0.17223459707031996,0.11516172475019648,0.20142241894653568,0.15495502440576014,0.1295822499336884,0.322168009455683,0.2463322495458785,0.3219101914610293,0.2148332609940492,0.2575184024966083,0.2898183123329121,0.12321774297481447,0.5463636044113228,0.5716104760759628,0.3186822896803144,0.3523368708925989,0.7453371290843203,0.33670097775683905,0.2460705574057337,0.5359830143695506,0.15554085325933076,0.6174305433179519,0.6916948108975933,0.26943399263868517,0.34935763427122435,0.2375331837134358,0.27562379468273335,0.5291229572429769,0.08824092571403919,0.09205838276816203,0.16852932215077043,0.1362476379621419,0.1220117442352664,0.10649126236356954,0.12137570546398302,0.10298106929796691,0.1792468720286844,0.2602306590218393,0.17117656549395766,0.11314975360650537,0.11711190718876263,0.145502294281057,0.15421387817461574,0.13712265008371316,0.2033246855136408,0.1620657233999101,0.2905653743450851,0.09009887051967025,0.2277438172060512,0.09002343040022098,0.17773470272657266,0.06354932092951593,0.13321471164579313,0.2293972536876474,0.3581083400827191,0.18847711215045881,0.1590348004903237,0.24457689881846156,0.08758901095868543,0.13568248745750056,0.1421206828153354,0.21764212327419608,0.10667735462034178,0.19327133510880468,0.39364585214218095,0.11037988461316017,0.1053046777359048,0.5507721564587492,0.36029392187643816,0.2578920050158485,0.13012146891021192,0.11977522044433098,0.1718283097974581,0.21037197518186534,0.09159303407726183,0.13958152150645076,0.07394078705861318,0.28436270121406537,0.28800685628072276,0.36462460426665366,0.21272106599097018,0.3030596748505373,0.23212645096599538,0.21581290767190076,0.3172615611434262,0.1900690613402931,0.29206005828562964,0.2892824152980714,0.21519363892805088,0.331071952574274,0.3250715769450352,0.18417846877176713,0.14558318247171753,0.2932594932202418,0.26177357220187025,0.3300520224993657,0.2676210469203554,0.30244153541704466,0.3338057510305389,0.29855640861176413,0.29012669551482384,0.15762123850974752,0.21277794461568988,0.1636573895782153,0.18092613170174687,0.25494852491528497,0.3450255514826167,0.22905560540921177,0.21244639512195085,0.21114158791543947,0.2772188879727965,0.3936888213135069,0.3889849806581577,0.25637455871038173,0.22216065678268937,0.26166169088838154,0.22060240698628564,0.3216176643727747,0.32907007609376615,0.23370113047700158,0.4047822234108589,0.20808667075126963,0.334561250777477,0.20869286557068822,0.26445089086702966,0.3598903151623045,0.22341338163831703,0.2882314393781009,0.45127705187982836,0.47689321272787055,0.3701889424295153,0.48029648959987303,0.39154518972067665,0.5197300619600547,0.4549512442176462,0.514338561078582,0.46288553830110435,0.2965182579637553,0.6353960717543036,0.43966620980883886,0.5523534457506367,0.7429035502873578,0.5570171709242054,0.5119908475175765,0.44825931290519516,0.5133593679390215,0.6729738045982944,0.46545237837934117,0.45054629413675185,0.4326374793850529,0.4256390807469186,0.350303932154717,0.3301009383911214,0.36846498417675433,0.34185920492719724,0.5053454755357263,0.3383886375898323,0.6064765635933138,0.25791359701979577,0.7889384347259841,0.4118640230830808,0.5599466364770408,0.4676364031892124,0.4958218653486087,0.2159173815446056,0.2625864986677794,0.6916948108975933,0.5144205495077862,0.832359859340516,0.7026305710550731,0.3249178314039568,0.40351945786495613,0.2463322495458785,0.5567153651959772,0.6359236452754709,0.3605267943885583,0.30442093095605427,0.3523368708925989
39,0.18624768477088882,0.16251982734607573,0.17675082020097854,0.20363998969279384,0.14393122326898644,0.43544668127600616,0.1225655955933761,0.15318693519197135,0.21654829363538997,0.11602801095759685,0.5350306357801822,0.11621939951085836,0.2739038896683549,0.1965490049459404,0.16404016841878055,0.20086850918668375,0.19662172324569205,0.12840615212096496,0.26104630799249195,0.3084206307611205,0.2591652898992055,0.10471795040883947,0.11881499440131182,0.1338180177418462,0.20629483848800134,0.574060054123955,0.20366237984134128,0.12737703454246163,0.14582748069532547,0.11354166894786133,0.6687955862142765,0.3042962056377527,0.17114619398923425,0.13797281935062333,0.2472154702515723,0.33435191953204657,0.30904384754852776,0.23948663854511332,0.08742390027516744,0.20131341971168393,0.279200959451664,0.10163624870452526,0.43029898918366905,0.27648805741945404,0.8360375459702842,0.5,0.34962674919814074,0.45460393658268605,0.533634822766627,0.3754900000473276,0.1881507280181406,0.16571321140088813,0.07986127335707671,0.08912947999697662,0.08045616597092142,0.12307736831036653,0.1566952839360961,0.2260690853877826,0.12224200789243433,0.11573326816735396,0.13289938204063667,0.12524743783405856,0.10038551748504154,0.1039279487490481,0.08637401815824375,0.14125974938137298,0.07677495020942382,0.09134816966615977,0.10555648602070344,0.08990824897798311,0.1046255701071499,0.13299143322374718,0.15173733208064266,0.10032030948848858,0.1446608555582901,0.17683511680252795,0.06886030069626292,0.11755536090573548,0.07629063809816117,0.12572030175756244,0.12356242971137077,0.07627006613676601,0.15454905131703478,0.08963943135457153,0.17081148953793202,0.0786953306879784,0.15866944498561453,0.10602976111458773,0.11278595566975735,0.14847147004772854,0.05394358970112456,0.11529460454979601,0.11135530973104024,0.13176959208776018,0.2643559901962039,0.08368318747493209,0.12315944114233923,0.19359631949175837,0.09207244164832395,0.18902123434823892,0.44866248640551587,0.41981272052962915,0.23701891904318362,0.41878621456527787,0.36002139155916035,0.4131917431239225,0.6730228118111072,0.6664492099379059,0.3117546973021472,0.4778634654976358,0.36174867370652397,0.41027532663427757,0.4101914934544024,0.32650048084207284,0.41265870431241647,0.4169781836498143,0.31941531018633584,0.40093748687547637,0.5195747373553816,0.3660360736986139,0.5766174636163358,0.41157291900754867,0.2254005428501803,0.8382751549032516,0.5914687623154498,0.7150013195390522,0.5395195676965189,0.29343902150586676,0.3543941348605091,0.3475311129194171,0.475948234286532,0.41062034425306326,0.5964460607007934,0.4273393572021421,0.4574338481790934,0.46981186306711087,0.6219185127045783,0.41315207209590343,0.31370239367364305,0.45540714272163507,0.3940650764482465,0.40168953000857455,0.2774877232027314,0.5903988912815928,0.5055756829542917,0.38126047354265125,0.2871903013019206,0.4728641685435916,0.3573910818100058,0.5239975749546416,0.13158321038276988,0.09135009461600929,0.10239015122547157,0.1217136900235316,0.145864768081171,0.06439608807378694,0.13608995974162152,0.06388718955010864,0.06824083738917164,0.09364453009641116,0.10891517583809651,0.10264298730173371,0.12989221186252697,0.1428006689403093,0.10700885444453978,0.10856149778875346,0.10706661361092995,0.14370541431496897,0.12701271571680517,0.1003176132355339,0.1555375628546235,0.1177376849641194,0.19265565931605844,0.13782786445077755,0.15231192542889127,0.10319189080081437,0.15182157755535441,0.21776371184477283,0.20247046889863995,0.0917383977453422,0.11134281427381298,0.14235103016665462,0.185680517711188,0.2610755573252943,0.09917905404158045,0.06691757366608009,0.14619742753408171,0.14690990099608825,0.09312634891224303,0.44236862725612947,0.5499671301223108,0.5049637586189346,0.2818295036048889,0.26353750040863666,0.33317345993777703,0.5299841298511802,0.8360375459702842,0.2647904014099477,0.6209272352275541,0.5786875977993851,0.07274495420372296,0.1640117453931279,0.1575810775209867,0.08404424168577052,0.0923782425769123,0.0942441993504558,0.12348249505230302,0.11635997379105423,0.13808723594816075,0.20560475431462177,0.07321041757419,0.09876672898280092,0.0831651505602623,0.12285983936226941,0.10024092362184711,0.14124214411682678,0.09878470676444473,0.1674789695696739,0.11808155447550595,0.20205029955344667,0.12701834769331954,0.12425978927339565,0.08223197527106507,0.10589672723589116,0.11988449057005501,0.14294087235309538,0.10173346149668239,0.15270543958090432,0.12473298459784143,0.06950714293204407,0.1063958912238453,0.12886222619764454,0.08589368060503721,0.1344977602831755,0.11042986570930169,0.10510784743481016,0.10653642373660144,0.12572258054535446,0.1769917519448927,0.11628689476450327,0.0985138322612037,0.15355990737261127,0.09559147528453749,0.10222651232028024,0.13021957040029897,0.08359857891647238,0.14697440025540887,0.1426549019729052,0.08675957368582232,0.128886812067591,0.1442480850079637,0.1395509406120029,0.18935727320657103,0.11162971601733573,0.12074762793062643,0.11923806652523405,0.15820485424739172,0.12801890047550823,0.17871098138564723,0.1273408771587945,0.07703244817290866,0.09764285501248116,0.06283535085877368,0.20750502021268147,0.09193469314225944,0.11864479036038555,0.14773376339186572,0.06252208290159844,0.0893644709273137,0.18116792146091776,0.128927852853028,0.07145533222940503,0.063519469415793,0.11219213779424442,0.13947196133928952,0.10628500899596871,0.27072323278184685,0.09065684062980972,0.11110162328964823,0.0607305744452894,0.11412084678451961,0.08300083273341363,0.1502052312225779,0.18526739453757002,0.28476431860362816,0.09924103217741242,0.08974237064178592,0.1076115696429657,0.07358013979784661,0.12476680046777544,0.11255659306335031,0.14113994717421763,0.13843243494951862,0.08142730264992348,0.1100918079469958,0.10453166538244019,0.16264712554814953,0.16533402387957796,0.10219615450694741,0.0852197004462022,0.23503157128934704,0.24168267226354778,0.19879950586673856,0.28835557556252045,0.10748137422792792,0.1366510155664309,0.20419594546336828,0.2750936786559671,0.14553470990422368,0.17829948364247594,0.157937582615699,0.2635397237872694,0.19378660830425276,0.1905712902906782,0.07771839918521173,0.2389778458001267,0.22013847333880188,0.1821603764863079,0.2833477497239788,0.253239644027219,0.2870654741571046,0.21732740588114752,0.1704551813481162,0.10947894647692247,0.19723261650808233,0.1563970076350124,0.127513191100893,0.33317345993777703,0.25075918744831316,0.3333928198996826,0.22240641479552692,0.26353750040863666,0.2977902536855134,0.12852995029759462,0.5536925132037616,0.5773440764404728,0.31790343612469074,0.3581622077424196,0.744008952730929,0.33031914059348166,0.25600279366549095,0.5418369377800942,0.16164519138724376,0.6209272352275541,0.6895308348159839,0.2544261750637552,0.3533397937873235,0.24700008476530233,0.2818295036048889,0.5299841298511802,0.0915555637482598,0.09459569858596795,0.17358819190211372,0.14180407086731195,0.12539882408856928,0.10937432449365281,0.12597607750219442,0.1071147457986048,0.1850315016157783,0.26859481008163644,0.17826208225446682,0.11676366698240781,0.12067379040021498,0.15211934836341767,0.1607726198542332,0.1412968937677438,0.21012171012088188,0.16721312460196447,0.2999598420764654,0.09398433585911048,0.23773636035420476,0.09350486201289754,0.18164991708476208,0.06589953113089897,0.13555202906440633,0.23417818988748162,0.37184744638206035,0.19301287379855225,0.16642083192680224,0.255059990255064,0.0900988915850015,0.14000211863155798,0.1442630792646814,0.22666526688114264,0.11084286481014816,0.20149588461356716,0.4081982368856767,0.11378031634826091,0.10863271905051874,0.5679732788616992,0.37351460793301205,0.268900332030762,0.13417976326634096,0.12399466994752695,0.17755768619313428,0.215545307930201,0.0949908632575246,0.14506294416569765,0.07621870816965826,0.29636553677850463,0.2795393933342887,0.3670967300153173,0.21329149579493423,0.2974499598828354,0.22508267893628253,0.21022246676824097,0.3070843571141505,0.18231680602922762,0.2863687278567577,0.2879249731940804,0.18170224756027586,0.3031568887583945,0.3237960200423109,0.17862386257528817,0.14196574949469842,0.2764622366353202,0.2638768990944238,0.3267904243526659,0.2578834744638916,0.2865233462216257,0.33723284888141036,0.2850486711699828,0.2755719720951446,0.1531561723556767,0.20937345472083602,0.15537947727959067,0.17375356910453132,0.24961038317136697,0.3274780295191505,0.2242602646266849,0.21056407582115078,0.19755565270924413,0.2659695281899529,0.3855871534759492,0.382083660451044,0.2433163508697147,0.21187319019661444,0.2570698764528617,0.21272804113379462,0.3204407207513913,0.3200978821895051,0.2348787769808368,0.3976732345067202,0.20289360300502535,0.33127228759481386,0.19880340996028967,0.2613395490948136,0.3538039272663468,0.2180522844768218,0.27978960203506287,0.4593887448067582,0.46316181246534505,0.3428106569522398,0.4619066180401149,0.3900644433972821,0.5261445395296731,0.4603556608024363,0.5088124794634054,0.46386470531726653,0.29374505806752405,0.6315715483154769,0.4386653624414083,0.5535105423982819,0.7460613395177722,0.55558123890818,0.5135526919791025,0.43247316635598554,0.5199223961110562,0.674017906180196,0.47208747526725736,0.4527790103523812,0.4243105515219455,0.4184571151215364,0.345229676974674,0.3194340500910231,0.36236022658035894,0.34133512889825823,0.4945326887557254,0.32923689179460813,0.6120579437474665,0.2527765042978404,0.7977431916668173,0.41066924446078745,0.5564580664042758,0.465818109852025,0.48478934399960605,0.22283033422595877,0.2647904014099477,0.6895308348159839,0.5135259963419476,0.8360375459702842,0.7052989022066021,0.32731796111224565,0.4043208587931223,0.25075918744831316,0.5459597805344027,0.6350711842102716,0.3560867548898864,0.3009981627921604,0.3581622077424196
40,0.20657667294344184,0.1807111076403236,0.19616953903016,0.22567622899916706,0.1600366339251441,0.4737090579107742,0.13658414471966718,0.1703994880128743,0.23988534310908083,0.1293244776821223,0.5768920951139772,0.12956798619098042,0.30137309880679464,0.2177450241816573,0.18233383480127596,0.2225591875683114,0.21780888103236462,0.14310424896726248,0.28796349082294115,0.3388663295160089,0.28603334328384966,0.11658781456064571,0.13248784990715645,0.14911960744243558,0.22872630211127887,0.6168220601993408,0.22562318134816328,0.1418746503107836,0.162333212563193,0.1266257327191218,0.7113039092551798,0.3347867244170325,0.1898188923441969,0.15348244946230682,0.2730580974907507,0.36717435485132377,0.33996168724722675,0.2646689328433699,0.09762447761835114,0.22302623340578243,0.307802818827684,0.11339551300792694,0.4682423806245939,0.30484458462217745,0.8578365003452149,0.5187267728179477,0.3755722106201006,0.4691062515828466,0.5695432531402986,0.3953952592980753,0.20838695404569174,0.18330996233240748,0.08868770918237345,0.09829311793525009,0.08970324116354,0.13596802532135643,0.17412674622714874,0.24819304951352938,0.13554887624255785,0.12853336506162216,0.14735569620300693,0.1394514284838968,0.11127482270747124,0.115593229558694,0.09583139919005057,0.15710767887795873,0.08539616507381542,0.10038806446600634,0.11733226194227542,0.09987306982230082,0.1162382603694152,0.1479758110801982,0.16691886258567257,0.11087187859303316,0.1605779432693184,0.19510818106435857,0.07659606241917383,0.12997732011393293,0.0849816453292409,0.1394453348558624,0.13723585587997733,0.08498204609259896,0.17105846036885564,0.0998503876425808,0.18816251643071824,0.08774097621372468,0.17589163748396464,0.11757969062645113,0.12526349063441367,0.16287281335945458,0.06011630075389951,0.12810337333569444,0.1234007667245457,0.146165726521984,0.2909074038810958,0.09316785689288587,0.1367276329783671,0.2125380156781117,0.10268702176787325,0.2084591274604627,0.46811290711702935,0.43913540654140226,0.24939589853597277,0.44857186597976595,0.3744091457921973,0.43894671554075837,0.6833586797707563,0.6874485863563896,0.33533005286798456,0.49903572064201474,0.3899321612200656,0.43690049760167105,0.42352866433626135,0.3391302594748181,0.4274375928064368,0.4301231261900599,0.3449410063935403,0.41645316871550897,0.543231895147237,0.3818504586354935,0.5857581620525393,0.42965691851119725,0.24316910967532368,0.8606307011322032,0.5996928813409037,0.7276446984013178,0.5637235355215899,0.3125425345593602,0.3799242191467648,0.36325086330276457,0.499282720088461,0.4359525418665051,0.6259848069351961,0.45111271635866523,0.4666329973490997,0.4852587678951744,0.6512934821551626,0.4421238984841872,0.32958729550759125,0.4758755188384225,0.4153033875236495,0.4180894957475265,0.29346481612686115,0.605866564908679,0.5329050705247887,0.3921651497280416,0.31129528797460826,0.4999484425547982,0.3552829272632231,0.5261930419247389,0.14582183572212937,0.10192702043903423,0.11352868488127077,0.1352144598293874,0.1616225500712174,0.07170471982515114,0.151270491599936,0.07137882621054492,0.07590310186109683,0.10437917815720077,0.1212235622698733,0.11444312289602021,0.14442958837438113,0.15893329799784606,0.11921565945334034,0.12065989397649912,0.1191013808205913,0.15918585372932437,0.14105006329376457,0.11143643727987307,0.17246364269254533,0.13124512683171308,0.21213520179704248,0.15303923897113236,0.16858924172194545,0.11485973497862378,0.1684305075991891,0.23867703520235872,0.22341320382303542,0.10233525797939713,0.12384453184225441,0.157744228161528,0.20504785673321801,0.2875682037419388,0.11071743300887982,0.0745898063581667,0.16144194246702148,0.1630893717818559,0.10366819561473939,0.46304158291888176,0.5860157717278991,0.5456067618655361,0.3091534636855494,0.28937169123925854,0.36543292850866116,0.5613908648225927,0.8578365003452149,0.29072252028422163,0.6573826773842351,0.5985864665385477,0.08119374004175595,0.18202183275472938,0.17461335897626384,0.09352361210444393,0.1029477845868898,0.10480825767108348,0.13750605904699986,0.12932890260915553,0.1535351842391699,0.22756822758259054,0.08138073916854294,0.11009337840936928,0.09297366044833255,0.1368794154638595,0.11169738172430155,0.15615334836948813,0.1102719065291623,0.18604710534086044,0.13134274519425337,0.22342245056647303,0.14134822623510068,0.13810373778753116,0.09186040616736257,0.11820584692068925,0.13330117568928213,0.15903028987454249,0.11303022245859129,0.16932893801642013,0.13868068616825924,0.07748464883100159,0.11863881440422341,0.14299306046174665,0.0957475252758756,0.14965251120322764,0.12273297397752625,0.1171401184846993,0.11879696438063603,0.14003671180481425,0.19507613854530315,0.12871581554531886,0.10976072026829431,0.1706015254599642,0.10659654988067813,0.11404875091286582,0.14494728713727345,0.09308018958647457,0.16283700389277023,0.1582560816031624,0.09672135088181166,0.14252915833997615,0.1572605307886611,0.1523426937364416,0.20543626997748066,0.12311564881628778,0.1335929137105032,0.13175814856844692,0.17367926611431306,0.14145946831127543,0.19681307818945826,0.14024698346300368,0.08553709796054787,0.10864648397794141,0.07014285302699941,0.2276933920382217,0.10139391571289058,0.1292892617603102,0.16365899687621854,0.06942320655714929,0.09931144887353283,0.199640649847872,0.14264801227455803,0.07926434205280297,0.07066446309228314,0.12439131833361361,0.1544325079860096,0.11821389148368866,0.2972977880044617,0.10096341482416504,0.12214320343833462,0.06733972130097066,0.1259799926331121,0.0918595376463156,0.1664812133754775,0.20396140381812444,0.31094400822554213,0.11038675844007884,0.09946472102118509,0.11956263554677171,0.0815750510130927,0.13866051842691085,0.1250327606846876,0.15523206660913957,0.1529855628794734,0.0903356405114234,0.1212350068301582,0.11637241765467654,0.17904343571283743,0.18246999287585042,0.11383064219461747,0.09374035155951288,0.24868827977621344,0.25971438333521757,0.21536836052470798,0.31106156797747986,0.11686211899175902,0.15038745927316577,0.21698122207714043,0.2953916994816773,0.15693580842892496,0.19351274307501842,0.17328565977842536,0.28864271572185507,0.2110002633081347,0.20972634495624864,0.08549894835717842,0.2556293554762712,0.2361281088692615,0.19867926269443015,0.3043261961709549,0.2724585621046517,0.31225735619889083,0.23845170661619353,0.18205477564476757,0.12052087190576177,0.2109678221267295,0.17206785966923932,0.13982840325402812,0.36543292850866116,0.2763253506703668,0.36538415230537435,0.24604476271947628,0.28937169123925854,0.3265067590544136,0.14301828324806853,0.5808903657731597,0.616873115367887,0.34389070498947816,0.3879261500627289,0.7755562270621567,0.31802378583514435,0.282693502363208,0.5751453892930727,0.17949532810371893,0.6573826773842351,0.668486679549295,0.2659201686542665,0.3796171976703818,0.2729189440540596,0.3091534636855494,0.5613908648225927,0.10213335185958483,0.10531196054188663,0.19264687476109577,0.15783775962561308,0.13916256941488891,0.12178282406896401,0.1401624929177775,0.11949135589521587,0.20517410803067526,0.29617879002024383,0.19780049195620664,0.12968001351952918,0.13423273540083724,0.16925736125886814,0.17878930501095824,0.1569433650995471,0.2328791931791908,0.18563750200007612,0.32957500106119186,0.10493997496056318,0.2629845096265532,0.10439707638601092,0.20105403731965743,0.07358500894944053,0.1502116941663959,0.2582258500729562,0.4068771429900787,0.21335883149783386,0.18502604897287211,0.28165897936652706,0.1005605875141885,0.1558151393778352,0.15970397837735018,0.25075475382385803,0.12363299825872953,0.2233106407020895,0.445316152599292,0.12670416202242762,0.12096301297641021,0.610656651760302,0.4087231337977266,0.2966713531819527,0.1494301037904454,0.13819382892013798,0.1964506507037519,0.23851784095011397,0.10598310453860282,0.161378768425256,0.08492404027875644,0.3261146523541437,0.29143641617880733,0.3952732812610126,0.2336440727611474,0.3151676884590001,0.24211763015433563,0.22669445453690795,0.3321706483399963,0.1971395629360645,0.30072897502996143,0.30947738366965816,0.19441476147545467,0.3116599106833703,0.3464655428153125,0.19455915680467528,0.15622760969412142,0.2907756311000437,0.2878579921146974,0.34769385368535544,0.2774645869449712,0.30789962675054305,0.3622646955335568,0.29772583320145807,0.29416264272499826,0.16636511369597018,0.22665507975261467,0.16780596431262873,0.19036541335511192,0.2686825491914314,0.33494442990577256,0.24250555617432856,0.22805160057059792,0.21483908034620136,0.2808686797229454,0.4012958251992811,0.3967094156298788,0.2593945229632294,0.22937686886587239,0.27857392596155717,0.22841815300907498,0.3443058739267564,0.3427962689565546,0.25775519402707603,0.41711797721926414,0.2213363437795287,0.34537077622822376,0.2148996665222478,0.28413786565649435,0.3704651926849023,0.23416132567828374,0.29891802236969545,0.4653699079650131,0.3606347049809977,0.3504089018403366,0.4674993827545504,0.40906841130383564,0.5364450023047327,0.45505114834275295,0.49320332369618713,0.48706222139345345,0.2917351497768711,0.6249254114315821,0.45525752215517135,0.5525647517523253,0.7400439539510186,0.578663028480253,0.5380440742357412,0.42997317147564906,0.5476605650140649,0.6911072842988599,0.4793540388577441,0.46557961637148737,0.4345725782033619,0.3985392110850343,0.35562258476959807,0.3298495715413867,0.3665198311193264,0.3513785634615674,0.5,0.3353857391314403,0.6136943807254468,0.26419669109029464,0.8151407185800337,0.43054620019120426,0.5664428377200132,0.4747884037766734,0.468332832881165,0.24597724679342625,0.29072252028422163,0.668486679549295,0.532929434397546,0.8578365003452149,0.7386271855005726,0.35481875700908305,0.4348977333003756,0.2763253506703668,0.5515277341304918,0.6576853232570948,0.3834494077101508,0.32873218299853413,0.3879261500627289
41,0.18411130958823552,0.16269114367653315,0.1788122209041414,0.2054312315358352,0.12483632066646144,0.38620482290914593,0.11637061137642635,0.15843467131582223,0.20899958471938884,0.12205391661845333,0.49858191284873454,0.12178206781430823,0.2713005676103939,0.19662727646050837,0.16639055092836363,0.19694039688616094,0.20223838539896544,0.1273031765895466,0.263723122547761,0.29682044704612287,0.2639048130349554,0.10710731131622975,0.12207464263141343,0.13236407032654007,0.19791967923645837,0.5391958530118093,0.20725952967400985,0.12571022228897277,0.1426541169736829,0.11321573656106676,0.6379867356001601,0.29742341382183235,0.16933333975477838,0.13862345055991365,0.2412811898784597,0.31590347910950245,0.3181484498965059,0.2400697771586232,0.08501007127444693,0.20609534737143376,0.28779202973431917,0.10427529155508475,0.4334863040212691,0.26094885850761984,0.858373313494817,0.5185193466775976,0.3676371515874941,0.47057916673000666,0.5525067059909914,0.39011404049094467,0.201192250957396,0.18235379514298788,0.08772107813828878,0.09805208551105438,0.0873282054515162,0.1346527034712186,0.16864153199103638,0.2482386116631089,0.13476572559435718,0.1265825977609375,0.14683548265873791,0.1360600538995821,0.10932873551488553,0.11327613004360904,0.09383443376921041,0.1549688732608302,0.08321721664799508,0.0993875960750239,0.11545049646843208,0.09758164084063115,0.11247255369736808,0.14618553983733928,0.16571576313584735,0.10985756196044583,0.15369975032913452,0.18941400057004432,0.07562906532162006,0.12709217033652498,0.08199295490967706,0.13626621098409442,0.13493426232122496,0.082126374577972,0.16665274446077016,0.09690224381405776,0.1859838947888116,0.08706077298488313,0.17142487711412058,0.11512079463827651,0.12225253660600321,0.16128379493638578,0.05923998004211761,0.12532849782479294,0.12163303322296826,0.14471589947731645,0.2867300422482496,0.09085331758090587,0.13580460878922518,0.2087884890189753,0.09949174918862436,0.20619900163392546,0.4690181540503324,0.44027057903904676,0.24861789266292977,0.44754438372768457,0.37554017457753774,0.43971064781608316,0.6835809668279895,0.6878463739820458,0.33555922511201,0.4987778811680822,0.389720227496948,0.43608336070969755,0.4241400336207317,0.3393687340758972,0.4259094063478581,0.4317303552487237,0.3450114586663934,0.41727384447610993,0.5446925346567717,0.3829985313975255,0.5871084739791856,0.4303158178634049,0.2429024808960114,0.8612787966254138,0.5998759102381053,0.7289427620174966,0.5646401102447414,0.31331005706783666,0.3797058356568008,0.36426976021919455,0.5001423056224603,0.43345569734351697,0.6280159363710119,0.45229592180183686,0.4677933323020268,0.48677807151377983,0.6511894268361805,0.44151309421401597,0.32973285299408917,0.4761002756967383,0.4154773616826567,0.419088625897706,0.29279125905725434,0.6048267371429559,0.5332923557131903,0.39321339982423464,0.3119213830498836,0.49819293097040396,0.35642556205051745,0.5277795368530338,0.14277330984126335,0.09511515214222144,0.11013510390516223,0.12530569606729136,0.1558085221058907,0.06994539726364879,0.1416321365339901,0.06762610335683927,0.07262484858785911,0.09845902584011013,0.1165482402463549,0.10928478135015451,0.13798453668492416,0.15220527514045623,0.11448690064150735,0.11905677188860397,0.1156058386446287,0.15080448376435085,0.13314265497369226,0.10784493919332183,0.16871611728304636,0.12119501141662503,0.2089689626912774,0.14232900506748958,0.16097968386827366,0.10841772422402929,0.16367517950629096,0.23260865252395924,0.2165581137330428,0.09783084386207141,0.11887955878006362,0.15554549206358426,0.1942438165086735,0.27864760523443033,0.10462694946063611,0.07197530323254575,0.1572055486978986,0.15258072405044765,0.09709645837531578,0.4613783579736985,0.5829833435387615,0.5,0.28915414309603704,0.26271492655941187,0.32171505747800255,0.554945158946534,0.858373313494817,0.2727311704368889,0.6444537160183393,0.5958767336736595,0.07568031116115648,0.17255520477443964,0.16738885690661565,0.09009202187569332,0.09864684193110729,0.09389405780741811,0.12581011696736377,0.11915472256465454,0.13880393105552002,0.21799418673260784,0.07856783890571395,0.10194026340746465,0.08696695866058879,0.12979686186601957,0.10611245240850142,0.15049952179919202,0.10298563800976634,0.16863616223603695,0.11805077216543813,0.20724205565052134,0.1344304710067803,0.12837644494336398,0.08383048426845763,0.11080415412330336,0.12553421215964988,0.14623047193425898,0.10589072115031106,0.15926950257845862,0.13572080059412128,0.07364989740432504,0.11229874787817773,0.1344520010900936,0.0904992828091351,0.13767967801285308,0.11879299454226788,0.11204068207958873,0.10994180689199406,0.13027995429444972,0.1862809677311732,0.12311925274973579,0.10003802972292486,0.14972627318701193,0.10249448652472382,0.11005351696513954,0.1391285336035245,0.08809190934102118,0.15280341353778115,0.15144498646507898,0.08981512057847307,0.13304368089262508,0.15615336040213712,0.14868360096145627,0.20335330898773107,0.12196863435710237,0.13179275985894356,0.1314384595509447,0.17305873548361306,0.14095642869152591,0.19078244958847979,0.13932716144889679,0.0845944850002569,0.10529934709401256,0.0688548134788235,0.2276299479446795,0.10009189232629401,0.12771041215341183,0.16285018908741866,0.06876001411020571,0.0981977561794446,0.19367572156514168,0.14208594348778092,0.07852233812832743,0.06992053082311567,0.12317197959536541,0.1517409530766648,0.11722886765027951,0.29710129831766796,0.09864843432070114,0.1210382403702438,0.06544822260599614,0.12410857202425274,0.09024235323744789,0.16578865130300957,0.2028458979361073,0.307976855342862,0.10783037689688402,0.09744028862482468,0.11713281393721509,0.0791255211162758,0.1375760038702557,0.1235465600709641,0.15373832641515905,0.1521580188072662,0.08635783411536091,0.11972233396162402,0.11275163997694371,0.1758734562697999,0.18260742572806887,0.11095831415669277,0.09286489987636704,0.24832688266179825,0.2592692013129061,0.21525167167667802,0.30861837588509833,0.11558627530755816,0.1499022313582027,0.21591448560099136,0.2952040675649442,0.15642763973131035,0.19362541235173214,0.17238145805310645,0.2828665779473605,0.21118998585582827,0.20742916595254557,0.08529149771528333,0.2540430372061566,0.23684255150263367,0.19655092304487387,0.3038318126092896,0.2717799689014574,0.31094249332361246,0.2356324869552885,0.1810156426825862,0.11947495207353842,0.21060581256847766,0.17026318241701366,0.13938784233343904,0.32171505747800255,0.25585214962675995,0.3445709612344119,0.2119091249774211,0.26271492655941187,0.3033013629943139,0.1301359074388473,0.5811709699629115,0.6038146971042011,0.33410865286932845,0.37410347301720315,0.7689924376669766,0.3191254589467395,0.25782109623177385,0.565021808577385,0.16430346812712782,0.6444537160183393,0.670175951519792,0.2637137439197571,0.3700897565251653,0.24109980315653134,0.28915414309603704,0.554945158946534,0.09490459740092438,0.09797700039169444,0.18119048902389512,0.14013299613425678,0.126304886140858,0.1113779797294121,0.13316219347092517,0.10919611349648073,0.18683826861453012,0.2777877220287557,0.18062064522906152,0.12348682560558477,0.1235378103810505,0.1558802885409435,0.1587036172498717,0.14189337099625676,0.204621735283954,0.16374003282707572,0.297325585075203,0.09786042361304559,0.23022858012294012,0.09648354153165173,0.18827341714302415,0.06683853902111081,0.13915277273144555,0.24367070305732752,0.3768579341276551,0.19647114063589333,0.16751572272140347,0.257745911822863,0.09186455075167332,0.14391882372959408,0.15055952417460916,0.2211098128966823,0.11319317810372742,0.20145786314922798,0.3963572552175826,0.11840639498188543,0.1105170779103537,0.531131929950855,0.36842445850133254,0.26404359963042967,0.13400498191751697,0.12641014203161727,0.18734295024709446,0.22227956713799668,0.09450150209868169,0.14315373228821204,0.07766102351622783,0.2977117977479208,0.2900914622070325,0.39593783263743076,0.22817484010440137,0.31529961947131646,0.23819352327842325,0.22374312588428902,0.3280565445240763,0.19639412480413576,0.30018929112117887,0.30628740287402956,0.19350427364919598,0.3120216097862447,0.3460273320325886,0.19163019332715403,0.15556685178850505,0.2892024518219851,0.28553067985486613,0.34738883972270596,0.2766222040016102,0.30727941695500394,0.3599884016739713,0.29778119533297387,0.29491607680391985,0.1636748400846656,0.22560263274247472,0.16675558822417502,0.18764719323446322,0.2660993312899115,0.33545224044864563,0.2418034127289993,0.22685367703287396,0.21201593585967426,0.27937492374361783,0.4000114565463625,0.3947864924318266,0.2583244876287447,0.22771881525895343,0.2770056050023535,0.22854791151441434,0.34463792932082593,0.33786602630129103,0.2507589986259803,0.4167456802485052,0.21893210135283014,0.345690654013589,0.2126773013796801,0.27456311765258445,0.37121648375109806,0.2318939035790758,0.2973094036565177,0.46748104481876296,0.36201353255803514,0.35154139738128065,0.46849501516943515,0.4079705417977013,0.5381958772937779,0.4570207268622938,0.49513710904369646,0.4875508929280168,0.2917286957755626,0.6264351088421496,0.45457885261472775,0.5541377914180604,0.7414646104859788,0.5797843905844189,0.5332200641853678,0.4300705234796488,0.5467424385084746,0.6920784852159314,0.4812848754469825,0.46658534534890705,0.43611338972314917,0.40000237004121486,0.3547386193825549,0.3310695408539681,0.3667777824906877,0.3515332639636062,0.5011416959870256,0.33589864127565106,0.6158557299950129,0.26464029630702846,0.8164942136645439,0.43111993533779647,0.567132686819666,0.4750099440634796,0.46880025063973785,0.21988075263299023,0.2727311704368889,0.670175951519792,0.5327321596338487,0.858373313494817,0.7239441047840265,0.3440244237430564,0.4212678317301588,0.25585214962675995,0.5517275473162824,0.6549583185583625,0.376090219640862,0.31332411949328876,0.37410347301720315
42,0.18451592554311047,0.1627360068592142,0.17946881001781856,0.20565322906466932,0.12488252904730868,0.38824931923138173,0.11656600656219984,0.15877734469189364,0.21001451077674527,0.1219307308398474,0.5003867216757353,0.12017265647944764,0.2714109448078962,0.1957840569075362,0.16683032182387902,0.19687559129431897,0.20219950851201052,0.12766895300422287,0.2642633821669639,0.2973956926302893,0.26472544496150896,0.10599304893636818,0.12224383458532306,0.13301995564892544,0.19789161190213123,0.5415269633645272,0.20690038125850474,0.12577658566065175,0.14314330731617841,0.11325256814256468,0.6401759263297953,0.2980372738516808,0.16957918219053159,0.13876161835920664,0.24250512819907244,0.3166259835067562,0.31873369752804603,0.24101730279764622,0.08488722769329682,0.20506707451784567,0.2887780567667031,0.10357200513134623,0.433183458005454,0.26212741846575505,0.857397465447389,0.5064477952901281,0.3601931366116776,0.4658326099230209,0.5502305399860615,0.3860946422260183,0.19355908415636747,0.1619748593801642,0.07744320774561997,0.0755239675568471,0.07758115285871758,0.12410843133727767,0.16172408581495656,0.2011212262340727,0.1225606108101579,0.11379892656844237,0.13288466057885717,0.12314239539158489,0.10053216539520715,0.10265008777919249,0.08598892259630198,0.1413198929138566,0.07721522738379205,0.09110343068799254,0.10545312860166012,0.08500091738895166,0.10569756647723505,0.12389582428222434,0.15406099028803233,0.09677497459324758,0.14548881466882857,0.18235225430602986,0.06950062864055828,0.11664099764886038,0.07480012363675692,0.12860833771294888,0.12357290154568923,0.0768128867065817,0.15735359618558054,0.08948537902902576,0.1725599165029904,0.07933172575127645,0.15900015668777812,0.10749608695618418,0.11401056374428897,0.15132491402226567,0.05336113521787089,0.11657328070356432,0.11373000702998148,0.12807858919214832,0.26782211408606493,0.08487931520935643,0.12151170070842943,0.193966971555237,0.09064304493540631,0.18128094324967858,0.46307542192633233,0.43508315840830925,0.23797145297923405,0.4399195165833273,0.36998267724747325,0.43160557989479553,0.6797609729475598,0.6851857864359567,0.32785675682858983,0.4928122092132554,0.37699400611248446,0.42964524495179746,0.41622989502488617,0.33275613691839434,0.41672008167484853,0.4228397978465519,0.33379413089953236,0.40495236657274136,0.5417450790348315,0.3737266903054337,0.58121533683104,0.42535845212055545,0.2328779508486849,0.8595780753280889,0.59620942102689,0.7273678290992596,0.5578459299142582,0.3080451394121506,0.3704314622634375,0.35437811098471617,0.49428525355354025,0.42882686066630926,0.6232548060327292,0.4453226994354773,0.4592500000049423,0.47946333070350866,0.6472168702609019,0.4319953172090617,0.3252338271277918,0.4684832098367733,0.4021880281333614,0.41075410053119765,0.28607649538961644,0.5998387463440433,0.5288901236802366,0.387094120817144,0.30290339811760736,0.4909201551088116,0.35149284535817316,0.5244595072373599,0.1368028902664633,0.09184322473124606,0.1061091439071894,0.12285147574076272,0.15139323230769441,0.0661522733213109,0.13824495857616703,0.06665858631347044,0.06848941033676259,0.09646824772779383,0.11374073578099353,0.10500053493902761,0.1331907177453716,0.15049127558979936,0.11123649489834186,0.11132172811964702,0.11116637482678227,0.14882807305552104,0.13028938979405247,0.1014646004147447,0.1597675373297447,0.11839144637742538,0.2010510148161203,0.1398985579439348,0.1594021347547162,0.10527163315195642,0.16183184663235006,0.22425060801663632,0.21227170306156173,0.09428483834250401,0.11409816550085039,0.14910534430603817,0.19248288059365493,0.2722039443142097,0.10137939536484775,0.06868189561406635,0.15212647757076403,0.15019646064447967,0.0948782084417662,0.45483033139402607,0.5761551490799443,0.5022029082741782,0.28810563921691534,0.26285106247232537,0.3220695500918703,0.5526242045181446,0.857397465447389,0.2725976172514124,0.6390692659729914,0.5949370982193771,0.07341643365508033,0.16827990741095178,0.16129227688225367,0.08644800890307602,0.09294393692804104,0.09251574389546735,0.12234437004500465,0.11686231740298392,0.13758268590762412,0.21211858835191677,0.07440803720187816,0.10066376043063985,0.08564283712770449,0.1260365164504017,0.10148413740995632,0.14260360954361384,0.10170856419220453,0.16727847234365112,0.11603141050800014,0.19696916953727794,0.13176455110203555,0.12520341235422305,0.08310427470948256,0.10958045998277022,0.12355950912645108,0.14282646822436307,0.10332857813558205,0.15430982745813615,0.12724521450050863,0.07077210344768203,0.10665995015168328,0.1318972835236717,0.08683956846868945,0.13648143288039927,0.11380335329791502,0.10631868392562527,0.109638865666572,0.12845809789899487,0.18305638584172645,0.11847268188023818,0.09814806696104394,0.14880763952625542,0.0984335265122942,0.10927293516992176,0.13661006178171897,0.08472501472640626,0.14575170533291137,0.14624786139000145,0.08948998491118043,0.12970830548437728,0.14550132110969005,0.1422286157992655,0.19413274430141336,0.11405142519865641,0.1240183073454103,0.1165809263044506,0.16328689057053747,0.12083191641179081,0.18159375906590391,0.12014984389203887,0.07624490352917146,0.10106792566901723,0.06461561248687375,0.20122240266462854,0.09268010267440319,0.116104057421208,0.1560676424518277,0.060289344893946106,0.08597273404421779,0.18334836488648265,0.1311024104785632,0.0701745466093876,0.0622020948795603,0.10930080469298442,0.1388069570888123,0.10660716489338673,0.26931522253861606,0.09191494784107712,0.11092360091775821,0.060860072935103315,0.11425125548101023,0.08674670231892412,0.1553332394378779,0.1912290183436821,0.2942055247179033,0.09889079210654783,0.08976215350988659,0.11148052728762647,0.07488248302244527,0.12416157705988085,0.11164120825998292,0.14027146372874877,0.13330158889704913,0.08421153018570005,0.110579305536885,0.10339656651562557,0.16731816554946355,0.1570834586504628,0.10587087934065509,0.08262443404467323,0.2346859480093728,0.24954519917627238,0.2009674217937658,0.2945394429473729,0.10698652552362242,0.1380707018119104,0.20653620010419327,0.2793447856143656,0.13812766567855783,0.18549803899227624,0.1565250162563222,0.262892643548127,0.1897118316151457,0.19785856393757106,0.07908954689457148,0.24675261272467686,0.2167794521589158,0.18716554196269197,0.28877916243239743,0.259499248734803,0.30106948828852376,0.22109732649184266,0.17510940091113414,0.1135826319256995,0.19817946220737526,0.1614524276991155,0.1259064842084291,0.3220695500918703,0.25573606284234884,0.34456214716409284,0.2120684543971314,0.26285106247232537,0.30297528706844346,0.13012572194057714,0.5770067203710122,0.6004356247100294,0.32725599690098406,0.37289336865063705,0.7657560491091673,0.3162585209115283,0.2573345373267334,0.560983501676723,0.16413485947344564,0.6390692659729914,0.6688188194312685,0.25875786890876007,0.3646181979158878,0.2418939527842665,0.28810563921691534,0.5526242045181446,0.0944203716720936,0.09567950787776258,0.1790566599925747,0.14000549906247606,0.12597682950772537,0.11009702563659063,0.13000025320620912,0.1089658611620129,0.1859584559790064,0.2776957860698659,0.18015771109670442,0.12071387036856096,0.12113438779315433,0.15576876911015192,0.15881579830092196,0.13983203866803495,0.20378720975402842,0.1628547057127281,0.29543207452255593,0.09638259158255691,0.23119213475498668,0.096121722490068,0.1867735425138174,0.06609534505779713,0.13802834993805613,0.24296273433313686,0.37492463747129,0.19540998477455485,0.16800181510603263,0.25786615529438295,0.09095613740604436,0.14323131000163436,0.1494834873076415,0.22176206410056465,0.11308265294416553,0.2003153962039672,0.3973646187121339,0.11760920180521162,0.10841641634610788,0.531978930358014,0.3698416772284978,0.26513828547901497,0.13402027014063267,0.1264158303670576,0.1846892760649348,0.2213798627022412,0.0939606819697062,0.14316052573168336,0.07620359027810819,0.298783523113907,0.28396428966413034,0.3875136375847893,0.22279253291159917,0.3075002563628454,0.23015663756970728,0.21846044894097782,0.3199774581837691,0.1887438223962955,0.2894688852400167,0.290914843774575,0.18689608690767157,0.30827343109936,0.3361705645925117,0.18526659195298256,0.14403336810844958,0.2818969013161541,0.27609951554932655,0.33548119049417435,0.2643951419454542,0.2997346710988775,0.34921683544646565,0.28825280066577696,0.2843745158762221,0.15839938215951643,0.21776015127928205,0.15939898751857684,0.18038675720007225,0.2562519523514356,0.3260679459256005,0.23336084362337228,0.21761540268167934,0.20707745635124142,0.2707605145204631,0.3924163456265143,0.3871415497624974,0.24263212263082445,0.22072443308266698,0.26598575892450094,0.21740333868193562,0.3302838836321078,0.33036504550237644,0.23706405441037182,0.4124178059371677,0.20855243470419083,0.3328734445979319,0.20674929585152713,0.2695083157423286,0.3638519896190957,0.22516020700079753,0.28639350564996857,0.46310979092819815,0.35918022000639827,0.33576000505643655,0.4632763908876588,0.40236675547014034,0.5323572002156578,0.45341194420120867,0.49071450898229396,0.47727358588849966,0.28900746554556334,0.6236585243182697,0.45059554408524194,0.5470491010823385,0.7405529100222095,0.5746681579688776,0.5303082645449363,0.4274532049929468,0.5442429487254035,0.6913151702126521,0.4792752547873592,0.4623592682973904,0.42832919432283356,0.39541990036624775,0.346037293510173,0.3224938250693582,0.360871394088488,0.34544676725102674,0.5,0.32593660015803305,0.6141288668318143,0.25960404149310823,0.8149195773392852,0.4259645940002107,0.5664871928158612,0.47295817744350444,0.46582795914439235,0.21970394783606428,0.2725976172514124,0.6688188194312685,0.5304242429578372,0.857397465447389,0.7212357728825057,0.34099031674015545,0.41592411758434134,0.25573606284234884,0.5490489402409154,0.6521704322745351,0.37166420134309464,0.30923861769086014,0.37289336865063705
43,0.20526449129994329,0.18164706216611548,0.20012491700172963,0.22837758556524068,0.1395017977559263,0.42587878755119135,0.13040342420847995,0.17708389136411906,0.23379167560088265,0.13633183859745368,0.5430900613821248,0.13435053770317928,0.29966227799479705,0.217005688846297,0.18589024956260547,0.21889947506562357,0.22457935573362842,0.1428705856750676,0.29250667467266767,0.328418362780319,0.2932336517748336,0.11814760222897513,0.13667754353730532,0.14890750084851279,0.2203287557987451,0.5857383416561426,0.2286829977140007,0.14051604810817409,0.1600227908123617,0.12668370545808882,0.6849870396740265,0.32884355347839433,0.1885669597675549,0.15493387853333085,0.268969446384031,0.3495181693303797,0.35154211629327625,0.26751226870745914,0.09507600802025762,0.22753041155911424,0.3192599574884777,0.11581241147349852,0.4721205680371765,0.29038402282855225,0.869551996675101,0.488414728222041,0.3832969608251877,0.45950868508111087,0.5860277553112077,0.4069706879330842,0.21204943178073465,0.17191534951590703,0.0844019647908072,0.08151562209329899,0.08591707146495842,0.13354512673138041,0.17781697540446195,0.2199161663985919,0.13243347411211404,0.12451781037981635,0.14407990058381404,0.13608724063235966,0.11009768821515953,0.11306435498973355,0.0942430479189581,0.15547492437313526,0.08490846421134657,0.09832478352436291,0.11575367955821947,0.09366616462671418,0.11629239313731499,0.13643625981629515,0.1633653114188942,0.10388247774430603,0.15962123574729448,0.19713219360456602,0.07618633720579027,0.12705229687913122,0.08259104514420812,0.13992174366831545,0.1349864331150573,0.08463452483404454,0.17145517799414156,0.09871140112740406,0.18074355276922427,0.0876052085282285,0.17374427355074884,0.1186965251448101,0.12555444498798485,0.16156388894123186,0.05855146777929654,0.12623022660109506,0.12267303453443534,0.13872605640315672,0.2876057824872077,0.09374769296756646,0.13193908660569986,0.2107273384523728,0.10051948786081677,0.19541341186954608,0.4571945305120605,0.44845742721539283,0.24521458371933602,0.45598021431929947,0.36138280858569105,0.42980142851261693,0.6747373406079593,0.6746155409535544,0.3366936816798991,0.49948913433637765,0.3846565466443843,0.4418695985906679,0.41917090379633914,0.33688515735310154,0.4141043164002828,0.4128705918849175,0.33877675550199804,0.3874003727475397,0.5557677371823448,0.3440450048777619,0.571131820720846,0.4288000622481496,0.23644771823492083,0.8670585834007105,0.600728717593228,0.7116767053906918,0.5489854234275664,0.3124584671065893,0.3714015843243599,0.34343926462107277,0.48364005252382103,0.4414394987437483,0.6320897453952488,0.4465505222815449,0.4381820874672854,0.479808498308367,0.6398417286493145,0.44471309383506663,0.3347810238536688,0.463632423570127,0.4095031538627212,0.4005047270376003,0.2951864271517416,0.6093173455952416,0.5334517745164074,0.3781851028896599,0.30995978652709333,0.5021801655742877,0.340941177758301,0.5041684874640684,0.14985577533844674,0.10222658256880601,0.11745115373830706,0.1364454602243491,0.16698834409285024,0.07279202795802386,0.15281602856741794,0.07467380862741613,0.07564289971463123,0.10719442668901358,0.12558392617165126,0.11654947182656905,0.14668605009016344,0.16725144487592924,0.12274957902934536,0.12232418676333245,0.12246585861494885,0.16479053330226845,0.1431334718355174,0.1121557692679942,0.17601414075424682,0.13225905272785543,0.21892722029490774,0.15503884486464115,0.17620200404410968,0.11682781158249167,0.17896918720590815,0.24087866316326212,0.2318598785013356,0.10446808750039449,0.12490004341105265,0.1634937324839567,0.21194342932606736,0.2992402632770991,0.11301538346971918,0.07647042814151572,0.16428257006238345,0.1662977492789226,0.1052465897254492,0.46620614914712455,0.6004356762007728,0.544818750253393,0.3150200234977232,0.2904223746373801,0.35482128055190065,0.574631351928016,0.869551996675101,0.29982045297457427,0.6643601216973836,0.6113101484008467,0.08181043505924102,0.1865701652033831,0.17827569621899875,0.09565141909326869,0.10314813875675033,0.10313763607563131,0.1361975802663672,0.12978434396118088,0.1532943402216611,0.23282127821520482,0.08259266136280552,0.11226003303043719,0.09589209672916588,0.14035205748476354,0.11244905903247204,0.15592831274797525,0.11360045471910918,0.18569796001489924,0.12892540367223582,0.21670378799061119,0.14612524968938945,0.13876644250642223,0.09284531803433937,0.12234663912816102,0.1375865589106875,0.158425224198938,0.11495955027410565,0.17090725554771158,0.14099910579951602,0.07881569311409697,0.11865952935624824,0.14596634832711908,0.09627540351675845,0.15225415237029272,0.12595115168918292,0.11814294566146621,0.12216752368761397,0.14287769736741573,0.2013525335597406,0.13091044803096863,0.10968327629019325,0.1659030393176688,0.10949157653079555,0.12206853020691544,0.15092444666842997,0.09431643142408208,0.16154432830600374,0.16133343270346867,0.0999777461479282,0.14354733916794504,0.15535425449957563,0.15392836675234112,0.20336003018159,0.1232866415343401,0.13372998176344542,0.12478312681597192,0.17334232799744087,0.13014814088536797,0.1961397855382423,0.1313222313398552,0.08296376638735403,0.111382265588858,0.07105919428610685,0.2155512079478269,0.100411774639664,0.12362341883670114,0.16881339762109782,0.06616033982524983,0.09441144375557109,0.1996919047736787,0.13964496115906888,0.07653530312225776,0.06823352735726629,0.11881588069968307,0.15125410250145765,0.11681846206004698,0.2892774968000901,0.10099432747944648,0.1202742580981474,0.06731986333163142,0.12493956080042701,0.09560071547414861,0.16785699764806639,0.2065844856101683,0.31157059586077107,0.10830722227578615,0.09781329373117342,0.1215841801003501,0.08270108127765141,0.13638488570132123,0.12101492463268926,0.15146933252363703,0.14417586702594498,0.09297578758146063,0.11826290928918692,0.1146856193951421,0.1784404795089901,0.16924688689330525,0.11673273670186934,0.09034474169180462,0.24175121706135427,0.2656986415469941,0.21220224255755915,0.2992286596658451,0.11437458653588295,0.14438902223603922,0.2141235951321817,0.28761112158706603,0.1419894655222801,0.19142376207471545,0.16417904458478694,0.277136021275009,0.19763964641569598,0.21216382287557967,0.08356402208334679,0.2560533402767815,0.21861111464197513,0.19633917019189762,0.2942334199307266,0.2746635979356902,0.3129957549119372,0.23732762988650125,0.18418355994024482,0.12274552418434459,0.2058336584173438,0.17332436499971005,0.13417478208725175,0.35482128055190065,0.2818311980106831,0.3783039293997268,0.23527369028832956,0.2904223746373801,0.3321705522457006,0.1452223742869957,0.5795015665526584,0.6346865802695166,0.3505837509895948,0.40113199927301146,0.785109571242692,0.3215032332656733,0.28480132592938556,0.5842783544321035,0.18264338743057273,0.6643601216973836,0.645332433911088,0.27058971306183943,0.39407225023871184,0.26840783140530766,0.3150200234977232,0.574631351928016,0.10569015874539989,0.10661248489198194,0.19869075782271584,0.1564196260344617,0.14059433399756915,0.12277202146154864,0.14482759000712486,0.1218709480959187,0.2067199583505036,0.30703163660795185,0.20021022236455277,0.13362855138254792,0.13467669353990785,0.17377721069709862,0.17724362397670135,0.15550726387990488,0.22646814391370007,0.18106146334612683,0.32432889023579836,0.10783842739677318,0.2569774810101195,0.1076868312213547,0.20614215577931994,0.07402681956644697,0.15341780236915348,0.26871225131557896,0.41098999559646443,0.21596200124595388,0.18757664708395683,0.28548731799343596,0.10192723465627707,0.1597350495676294,0.1653351440229992,0.24627680166677457,0.12655781286440815,0.2227142681080203,0.435069929089954,0.13102082655121727,0.12125982685859582,0.5758173862278693,0.4064538763382316,0.2938735890379883,0.14979218082856183,0.14115201560968826,0.2039875866553258,0.24555723303693588,0.10516341543548646,0.15993063034948218,0.08533291066009918,0.33001763445392296,0.2986170653428317,0.39540039566203244,0.23906528190268006,0.316925060633498,0.24187385214167945,0.23099264302878975,0.3282804471751489,0.19752577759002754,0.2880205763536723,0.3057586231598083,0.19628429547180448,0.31284131853831443,0.3440817972169423,0.19661630835167154,0.1524929111067158,0.290325852283829,0.29499640239761227,0.3401550725886602,0.2724410659599721,0.3102288147742286,0.367460794915501,0.29507096683751755,0.2764975524469111,0.17095188049030585,0.22835542065033743,0.16694444550270915,0.1934814663424118,0.27010622009321406,0.3173838953946404,0.24276649452286636,0.2265339101856294,0.2187557515151347,0.27490945118667076,0.4043350471957362,0.40212417826876423,0.25560942627491523,0.23068865525262916,0.27194995732046057,0.22632938306752415,0.3328594917462403,0.3449663134698735,0.2544441095149208,0.4173308175113156,0.21623399424221168,0.3366919940190708,0.2188304784005376,0.2860366263578874,0.36434511290068083,0.2374540193390109,0.292701355850868,0.4575772723125999,0.36625853484774384,0.33838771050637795,0.45501343246995296,0.4131052932064654,0.5274468359052635,0.4553012651618519,0.47712459530973705,0.4644676466384736,0.29894043395100744,0.6147704146761244,0.46389536721323776,0.5430693508289576,0.7492529479339389,0.583611149678077,0.5497342110967673,0.44023799951929066,0.5551033919260011,0.695840125159584,0.4839372131084755,0.4714268156649878,0.4305397015552149,0.3919334806069251,0.3552455162296093,0.31858832924612346,0.3675013603983649,0.3530104585727464,0.5,0.32096452577961987,0.6147798458058774,0.2653074679824601,0.7990992450503923,0.427775557784669,0.5657364227032169,0.4919583622751944,0.4618834782892236,0.2431987140704701,0.29982045297457427,0.645332433911088,0.5346178438168974,0.869551996675101,0.7431417394827857,0.36780849472730903,0.4385543632534592,0.2818311980106831,0.5550664903760072,0.6706227095426078,0.3950976138961494,0.33601992323536056,0.40113199927301146
44,0.19968365921384867,0.17576169750085657,0.19844790365178044,0.2257542856522463,0.13520868909482353,0.4229297783692024,0.1282795375368413,0.1746709830516553,0.23146168876875295,0.13363372955007857,0.5419181134342699,0.12786443363919675,0.2927139326086061,0.2114521388091013,0.18120455141975944,0.2155551776960174,0.22194968314755759,0.14110379968745557,0.27996705540301403,0.31727516494230357,0.28977007036528113,0.11166569444005114,0.13291421967190875,0.14608289730020008,0.21558310203777298,0.5854786697201946,0.2195562476793822,0.13715539126954168,0.1575071179965195,0.12175916997269687,0.6754780119628924,0.3241362907815185,0.18415724103382014,0.15162913922541477,0.26694293263972013,0.3451627677006738,0.34509381202195455,0.2619154027711589,0.09384041733872028,0.22156072649238412,0.31637793653935675,0.11029583257970177,0.4597305566065607,0.2866904594960924,0.8673852833403314,0.4831161508972085,0.36724183350413286,0.4596730900639492,0.5711637271244083,0.4001324181846284,0.20486597368762982,0.1632303848175911,0.07980191093502809,0.0761522752108118,0.07631781298967666,0.1255870520486162,0.1692358286057435,0.20273515137346387,0.12495471329566998,0.11876688608015273,0.13191008594768017,0.12223171210629147,0.10282575271574612,0.10599895160398243,0.08792689159956668,0.14204586490212978,0.07790804872134749,0.09365341892842516,0.10565045623631353,0.08442991969229241,0.10888638191092592,0.12601181747100365,0.15924887670126908,0.09714166496110965,0.1473856239601582,0.18493375073703222,0.07085980590650698,0.12143636278640457,0.07541263290785072,0.12885488057795846,0.12440593812110956,0.07848590351775808,0.158710082510501,0.09165635110111392,0.17698584309917997,0.07960824341662376,0.16429469069166347,0.11001494085101693,0.11797996392530197,0.15251509355164528,0.054228277669149394,0.11733314727015565,0.11572324414620527,0.12920316994430237,0.2597308605831087,0.08486230718438292,0.12182659738314561,0.19825012666684116,0.0916389028696507,0.1797651367723706,0.4556727221336041,0.4471475424295911,0.24092100300346653,0.45092710714366313,0.35934718515646635,0.42835934950306964,0.6721673729654262,0.6738321113872379,0.33050791603340635,0.5,0.3803950668839057,0.437879712376375,0.4145746932334249,0.33328451021935124,0.4107945282087303,0.40918757437241693,0.3356041208689876,0.38721516724730154,0.5559941419875636,0.3432850126639858,0.5700279184276518,0.4261475623155454,0.23258377822696674,0.8658401233288019,0.598880137441371,0.7118528643861679,0.5473115253289437,0.311691349647225,0.36726604176960975,0.3420782385195619,0.4811548709366187,0.43613569013296405,0.6314327084565571,0.4465491302502498,0.43554245542899295,0.47597311356955785,0.6379996971206566,0.42755523370904736,0.3339006253670763,0.4589591346013072,0.39992932873530673,0.39632074129925376,0.2944526059026401,0.6028022303234866,0.5312619803561831,0.3767695969625455,0.3069790607290275,0.4952792364802676,0.3413865007954655,0.5043629998143746,0.14246747852576513,0.09814713616191018,0.11286133903398565,0.12983449511010947,0.16109973664570443,0.06839042272259188,0.14477643919921646,0.07118210769804678,0.07165771850966729,0.10117600576091312,0.12111008617038321,0.10971949512556967,0.13780898721705426,0.1589449219417185,0.11710467252830659,0.11242717343840769,0.11470139380242006,0.15649684124498098,0.13514143777025878,0.09391032369288599,0.1596878277730034,0.12286607073439393,0.21170828408965991,0.149975098794927,0.16993627110083565,0.1102199373631868,0.16904730851396865,0.23275957816324166,0.22290375788513916,0.09695494883161493,0.11625157131944996,0.1464742499514896,0.2017814569266132,0.2922327032768067,0.10065937867078201,0.07049527149839607,0.1577436374165092,0.15481106754643448,0.09828480938679962,0.45999823378796845,0.5841162186607831,0.5429699818696391,0.30387316292354327,0.28289590616286975,0.35076332234345853,0.5686825469905878,0.8673852833403314,0.29475665919619776,0.6555408934346283,0.6096737902879475,0.0767348847719016,0.17742233021259057,0.16652186462973018,0.09193698313694454,0.09902314031384485,0.09887841678438158,0.12805391977353353,0.12641942535974837,0.1477397293133591,0.22542314062577418,0.0769197796588591,0.10532862526110165,0.09038053857368877,0.13250057403739024,0.10623031905674118,0.14833382272389783,0.1102992042628117,0.1812050487685264,0.12298506953152655,0.20344914537714787,0.1395522320748802,0.1352763952477195,0.0901072572741538,0.11803016424631285,0.13074460588373638,0.150686433533737,0.10635123479576392,0.1610752655917974,0.13350582598555438,0.07521837374219398,0.10994026782482458,0.1402113496653793,0.0901837083507272,0.14643552891725153,0.11790889619138945,0.10941276005714107,0.11969427462020321,0.13704290133487695,0.19717377014183712,0.12508512476231537,0.10360939583485129,0.15937711668322396,0.10017141686725817,0.11699927816348632,0.14502940406033793,0.08879019993394865,0.15199998191730402,0.1560999503422933,0.0977971425591816,0.13632983574845936,0.15241496301141932,0.148989655564029,0.20031138750255673,0.1159141102046587,0.12822605741401372,0.11915377738892385,0.16668380894339807,0.12136416010498308,0.18716990064226469,0.12243707038159779,0.07809460060327778,0.10505002486374693,0.06889351617052142,0.20492414123315872,0.09719933244603107,0.11868427222676514,0.16519230768794835,0.061650208894922676,0.08727681940993948,0.1962010239707409,0.1354138301080685,0.07318673447865975,0.06280785469962247,0.11539011232802965,0.14610813315705107,0.1091507577059403,0.2798218067350171,0.09529580007723626,0.11613712825040734,0.06317453292045305,0.11738908961287353,0.09343204536379734,0.1641972231866453,0.198304298376621,0.3030376870910685,0.10012797869631496,0.09420701028730794,0.11787303391524584,0.07689239903619993,0.12324568591144991,0.11561200133861449,0.14603914462565382,0.13756859136671584,0.0893619827619333,0.1131614901419421,0.1082131311842206,0.17438154302212439,0.16087607574654128,0.11161402618779692,0.08414279008786196,0.2334371607761303,0.25438074302245006,0.20432572446665886,0.2859693578263701,0.11030611088646125,0.14011080242622143,0.20924410053477493,0.2783206656733572,0.13619339100900774,0.1879596615432082,0.156859374218412,0.2640871013142727,0.18946026775142355,0.20220044889172073,0.0820876817281947,0.2510561313261085,0.21320796903616768,0.1873306184652509,0.2767343911896758,0.2602619045014408,0.3035138341073589,0.22396730098611206,0.17819937711830303,0.11895582520342196,0.19731220446792297,0.1659928375151023,0.12773972512713505,0.35076332234345853,0.2772902932323875,0.3673702034533949,0.23057091212615877,0.28289590616286975,0.32530869435980914,0.14028264901252308,0.5749434710607284,0.6269665598473443,0.34008396356860804,0.3928394207517705,0.7770802382356307,0.32116175522156576,0.2747076123616442,0.5758612287388236,0.17277089347949603,0.6555408934346283,0.6482044254983945,0.26864611377850856,0.38007860632527546,0.2623030970482695,0.30387316292354327,0.5686825469905878,0.0989054831490912,0.09999681072272748,0.19134463948588976,0.15205423764967851,0.13597855184312035,0.11762754332007574,0.1335112594478146,0.11833017847522964,0.20110518455038784,0.30132540860698154,0.19102914855790032,0.12513543608952427,0.12663037533982735,0.16362186038541449,0.17176492545433597,0.14867442547340526,0.22209568603845442,0.17280446616368317,0.31412314378842676,0.09823014794579621,0.2522711283508252,0.10385289265316633,0.1948225005878771,0.06983294850414967,0.14851521753557984,0.26241820668614013,0.39654371242468056,0.2083678158401696,0.18245985093381012,0.2777640480697131,0.09605931563405745,0.15297610698780673,0.16048635541340206,0.24169306212541863,0.12188131971980343,0.2106689882429691,0.4259639876279523,0.12801699771548647,0.11381195492319562,0.5718293917770956,0.40034975244454263,0.28802692440804367,0.1462890401561625,0.13643493587477373,0.19068986671948474,0.240372564911278,0.10095997210519136,0.1546421075848764,0.07932875531463845,0.3221341827005796,0.2935430718324762,0.39129460396704974,0.22847097749643452,0.31314200981802554,0.23718057964525618,0.22537791749277647,0.32563484681944,0.19462732333629296,0.2851975748985972,0.29083451232630386,0.19453707626819994,0.3129261919273907,0.3383439554471406,0.19263460716006986,0.14911547581560358,0.28725670738707976,0.2833005297132557,0.33537338624234203,0.26831157722427956,0.307837238636838,0.35744942100422894,0.29176227592439785,0.27478152574646775,0.1650964437881196,0.22256244363221578,0.16282870978641706,0.18778053457273236,0.26390231064011216,0.3165997048595707,0.23818544564925836,0.2223923404935858,0.215141827280669,0.2712673648455559,0.39986209574788445,0.40030173536079217,0.24769387972286905,0.22772115489345413,0.2648146391572538,0.22236223302328995,0.3258324084395924,0.3387267126573621,0.2403347974260771,0.41612550390561054,0.21159461772991583,0.33029440221258066,0.2139239130280255,0.2791588648056371,0.3624225575880342,0.23029283066871686,0.29087700279668827,0.45850979931746605,0.3673821489258646,0.3368193381178053,0.45630565169630477,0.4091171890006713,0.52670658617214,0.45642752789508567,0.477051404571303,0.4596131190943402,0.2987028915121124,0.6151766908961032,0.4627694626354264,0.5436305526962195,0.7503381663392236,0.5847185929508698,0.5417708474915552,0.4392099810976541,0.5527199843593306,0.6968995601339933,0.4851847553317352,0.46987435548778245,0.4310089660585138,0.39225270986020666,0.3464489415100859,0.3176303154944301,0.36716813409049964,0.34890133796669875,0.5021768758790692,0.3185829810939669,0.6162347207310388,0.2650796963859412,0.8001746516551225,0.42736115619638215,0.5675907727776757,0.49309764675477297,0.463544180567691,0.23524833086533503,0.29475665919619776,0.6482044254983945,0.531904565184307,0.8673852833403314,0.7370907667800033,0.3587954188982001,0.42570909052501493,0.2772902932323875,0.5548532264761006,0.6641561835118612,0.38855019124497214,0.3258660256579252,0.3928394207517705
45,0.18618216188417958,0.15879337663096016,0.18326787211807682,0.1977792258311909,0.12708406653331827,0.4082646107647243,0.11556915706574122,0.15607226108205863,0.21497856619349065,0.12054976348618107,0.5041184646920982,0.11692490204130002,0.2753443328097701,0.19685826998880485,0.16490228826574682,0.19478709165355146,0.20289993439239162,0.12610981670493582,0.2631171797794226,0.30141605633027213,0.26563867408962605,0.10463404675344579,0.1197496447127484,0.13403971516654045,0.19071744373951205,0.5399418759177498,0.20423797625457607,0.12602857710266657,0.14218779359558487,0.11121852196715987,0.6538010919193387,0.29881317590606016,0.1727339994203252,0.13608089645787513,0.2491100883627395,0.3188007685209624,0.30453747967522216,0.24538000509522817,0.08340906383505986,0.19563423110959333,0.28515584397685456,0.10213460038053801,0.43838283664656064,0.26862363003302536,0.8683001306262896,0.483468752989605,0.3629917545479565,0.46108309677571047,0.5643759398969002,0.3922503096681509,0.199139111419957,0.16080261448109157,0.07629861997360887,0.07519441540695693,0.07385889356137176,0.12294034412233068,0.16375194332662768,0.20083105454647499,0.12311457908823742,0.11634686539212102,0.13076414388303614,0.11927248030983573,0.0998371781275712,0.1013698028787614,0.08553077074322857,0.13771590198319572,0.0755795914341264,0.0919539336178471,0.10178990598572812,0.08218539461802143,0.10433487012564624,0.12152030815238613,0.15815480152274963,0.09468943468197433,0.14117500810641814,0.1794559481991449,0.06946670782067754,0.11673082515295674,0.07185462013936772,0.12600094763175973,0.11953709594402873,0.0756337886062306,0.153333487170476,0.08766284298258353,0.17311508061529768,0.07862907299848254,0.15401846553299525,0.10734961184170122,0.11091990900548998,0.14929444266976954,0.05268553770709583,0.11492821202361148,0.11315896463089836,0.1267872483634207,0.2548161636456706,0.08282700042638114,0.11892946775316604,0.19718529073060753,0.08706707053369822,0.1783231581230934,0.45622234462198386,0.44855496033311826,0.24068334991594875,0.4497771350081231,0.3608737496499508,0.4291679424974907,0.6738820550309729,0.6751717885263,0.33003949648655073,0.5,0.37947808720146214,0.4376971060332412,0.41536241580307276,0.3337464623949523,0.4100194178070552,0.41058980556886804,0.3350912504976762,0.3875709348191968,0.557740606495033,0.34419561394011455,0.5717314975181507,0.4269457317104748,0.2324256582491655,0.8667092053044563,0.600284373013867,0.7143023756032882,0.5488019651294647,0.3126494421510282,0.3671451978654048,0.34277103773428774,0.48125760713525145,0.4352327427880269,0.6330448683267109,0.4470615297310062,0.43697866700560284,0.4771740687104976,0.637871846662218,0.4277718298498837,0.3341148888859572,0.46005564074169913,0.4001825703247657,0.39739862044203966,0.29385035400427095,0.6044886096451045,0.53253601262321,0.37783448046866164,0.30772163256160234,0.4935531124726499,0.34279852800593236,0.506579725798898,0.1359075796226069,0.09142379567036674,0.10524666350263512,0.12324920006763473,0.15427400840743255,0.06472038936020941,0.1384584843157992,0.06637907506436835,0.0683613095463137,0.09448831005427283,0.11137905540806592,0.10458943878374205,0.1288580346426279,0.1454888739723854,0.10978710498162236,0.10667886185030029,0.10874824744144851,0.1485793437201791,0.1293669714140353,0.09159134536671487,0.15473512938492529,0.11608500452235171,0.19744722110625978,0.13742493428508962,0.15739479059351147,0.10538680046725257,0.15726914474768106,0.22499816051182275,0.2108577933151149,0.09203414119665043,0.1109707905864179,0.14416691784023727,0.19380610178626245,0.2755882851664353,0.09526813565402437,0.06700198380428857,0.1526566952941737,0.14782427338463489,0.09243168736174823,0.4582824783686702,0.5746109830160773,0.5177840467116808,0.28484186737857276,0.2678817758419033,0.3154007164583541,0.5643345724260425,0.8683001306262896,0.2763410548510261,0.6458705110919585,0.6073784493267171,0.06938040661859768,0.16296658041033785,0.15794934422575324,0.08664367750460633,0.09283548530485886,0.0920551077286842,0.11850358702073072,0.1180743774991655,0.12908475110925965,0.20985592354676008,0.07420780243253144,0.09849315568098571,0.08170402744084349,0.12203993020328996,0.09760225292199454,0.14382335049790285,0.08899623371259369,0.16285961092851853,0.11551801225810121,0.19400721467190196,0.128957189593627,0.12233560186110948,0.0783167151984604,0.10253473238376087,0.11634808459270529,0.13888761680445227,0.09998537405714969,0.15145572334827484,0.12126144551851836,0.0690062647989732,0.10087582545911344,0.12935413461583267,0.08384667520090705,0.13430692273759903,0.10939891205943453,0.10011290031289577,0.11150348058919912,0.12677647120212254,0.18493974737514474,0.11881151552193558,0.093652390609965,0.15181267155541256,0.09139314226026063,0.10610875842168943,0.13694245319285359,0.08133537750629938,0.1416892210335039,0.14683682623465544,0.0864864620128385,0.1300758219536008,0.1496277577257562,0.14623142626710628,0.19555446465553195,0.11239925615065771,0.12571118391594593,0.11598144361906682,0.1649145640846591,0.11940231707247162,0.1842024504890285,0.12044223088644379,0.07662755442188429,0.10081283705795685,0.06584370570908038,0.19863655045273876,0.09432617164400003,0.11745528819132156,0.16011703156559753,0.060302876284701434,0.08511989463986536,0.18722321471005665,0.13237368445708275,0.07023295543375463,0.06193261912700576,0.1107152120941739,0.13844149021804997,0.10483648905454279,0.2778117185871527,0.0926316952941948,0.11445357909786047,0.060749403168358196,0.11595187884101754,0.08967752836450871,0.15793548714242966,0.19686667047009565,0.29836241251011364,0.09761527961025984,0.09030900768434147,0.11440842737858425,0.0749567809412548,0.1215310833270069,0.1124856426009635,0.14347531103210598,0.13415304447942333,0.08566572337230638,0.11098521247561832,0.10403560564796221,0.16798252928743973,0.15910052034538325,0.1064209717775122,0.08288674323979794,0.23305211160088957,0.2540105002317561,0.20319741567893268,0.28510600687352117,0.10900443409206018,0.1382563548527056,0.20795964417579593,0.27732971353299785,0.13569747770492602,0.18768613072136586,0.15412798875185663,0.2593514439851651,0.18841651351861355,0.19885715822975913,0.08010615822286027,0.2506529355898357,0.21262071632382573,0.18563964562536528,0.2765727252698671,0.259267091804274,0.3001983363462716,0.2225059088143444,0.17796406935381426,0.11617624239204793,0.19686425139970787,0.16391291360858384,0.12622180021305274,0.3154007164583541,0.24649150168881728,0.35206757555070245,0.2174931829046065,0.2678817758419033,0.30452849622130207,0.13077109930309005,0.5759212238291374,0.6106275238247739,0.3287588618259829,0.3870051046891815,0.7737811354823918,0.32286970486553,0.2549300093857576,0.5675348915649522,0.16018372652612,0.6458705110919585,0.6504142727338489,0.26702243692372407,0.3682357347730494,0.23900377574534604,0.28484186737857276,0.5643345724260425,0.09376704165736138,0.09468705366692509,0.1765257339465982,0.13416944921269391,0.12757055649455118,0.1082024520920194,0.12313383287117141,0.1054736012837102,0.18818681126283343,0.2735489076551064,0.17623064331559601,0.11816263927885395,0.1176791494061451,0.15247821412798768,0.15946409062030398,0.13440135253640384,0.1947973576699844,0.16195058437777876,0.299141818246456,0.09351072914188585,0.23148976755367,0.09214223200980776,0.1793200000822367,0.06628959343142526,0.1381860610643647,0.24146451731314156,0.36992583297174997,0.19697118546355952,0.167356803737002,0.2538454675847993,0.09158560691283801,0.14397844492867018,0.14910962336448086,0.21911451406024585,0.11143140726816225,0.19887144381870592,0.39134342389664123,0.11550382850855268,0.10815642835299222,0.5313007254732204,0.3759365582468075,0.2762663054041934,0.1282805847355748,0.125553418877959,0.1799605065052381,0.20706528730293228,0.08725866183863784,0.1414303042609314,0.07439265491408664,0.30822641727078404,0.2927418879482756,0.389675666855153,0.22591223384610415,0.31322623023641605,0.2353345855662673,0.22443716009966863,0.32199028781318817,0.19358415925386896,0.2841021331809297,0.28956062143373495,0.19282184277948067,0.3135287801945432,0.3382252367212434,0.18753839121374083,0.14599955660718222,0.2867928876988196,0.2799765833315849,0.334707989914534,0.2669418262787334,0.3067709953864354,0.3551854847216106,0.2923928354930355,0.2745887723757675,0.16287337699886006,0.22119438297703076,0.16189879110533512,0.18339053290827978,0.261749622316911,0.3159903213675933,0.23485036902823753,0.22073798282916657,0.21139807483018835,0.27034532104446796,0.39725572179133084,0.399616796641429,0.24483008292853325,0.22594947533261833,0.26259401464200594,0.22188040012863175,0.325816026738051,0.337184589601767,0.2352924156483609,0.4152850473709192,0.20820961615517497,0.33096105325532355,0.2113330484374173,0.27502531136986774,0.3627272803094256,0.22908536562168025,0.29054093834761396,0.4608097969068302,0.36928997770417904,0.3371308795638088,0.45789671613608707,0.4083900304668585,0.5286873434118933,0.45860058785077806,0.47926262661234287,0.46019701594546225,0.2996527558200853,0.6173635266194829,0.46367538261441643,0.54583116958816,0.7524065885203506,0.5867925452628406,0.5412034084009818,0.44017991372950027,0.5532291538777427,0.6983807660384272,0.48743789468215337,0.47092201345517626,0.43280616718040554,0.3940134372476467,0.3463427046568175,0.3184738517640603,0.3678174081736072,0.3499984434757789,0.5038437545614429,0.31874050799453535,0.6184935805510825,0.2652736619277204,0.8015929755250062,0.42766663278198114,0.5700068121231135,0.4944213544716751,0.4652741120747922,0.21903636275259064,0.2763410548510261,0.6504142727338489,0.5325492340118505,0.8683001306262896,0.7294687891069672,0.34233860301883745,0.409712289483007,0.24649150168881728,0.5553486826782195,0.6628427054369059,0.38131876898300077,0.3150457723500324,0.3870051046891815
46,0.18922107013101563,0.16110044611493113,0.1866918475815207,0.20123142393584892,0.12909636466357544,0.4158143560745854,0.11758827489737889,0.1583283250878773,0.2193101074284205,0.12169411184181189,0.512569684821115,0.11720330818111813,0.27960329930987715,0.1985876554677516,0.16762282846582943,0.19800314961586485,0.20610791419442964,0.12850059215165477,0.2666650780324643,0.30541028423306626,0.2705763109975323,0.10501947637244935,0.12097996249593768,0.13669666004866077,0.19305177068334367,0.5486082563488031,0.20558832804428473,0.12799615069563208,0.14479189158110206,0.11267783408752463,0.6623487456312143,0.3034530679235099,0.175265300348467,0.13790923647141418,0.2538930027602714,0.32413150751984887,0.3092617457932083,0.2499498645259206,0.08452372503945904,0.19816070898928573,0.29020707423911163,0.10249861001280436,0.4433690869949921,0.27351778597627474,0.8696238367024478,0.48016415070440643,0.361442061057074,0.465479685030034,0.5641558945728236,0.3958337495677321,0.19381703193555033,0.1549469299944206,0.07230554678445533,0.06722184668909037,0.07133738878687523,0.11745745257891627,0.15544378639439116,0.18140625846677172,0.11555319638311101,0.1109189819116595,0.11853880496110214,0.1103680846215056,0.09649944303162006,0.09649709004924256,0.08208685161360596,0.11969477224532599,0.07301590939561875,0.08984219117728376,0.09541808713149935,0.076557106151526,0.10046303853356797,0.11270284968956679,0.15583875836830308,0.08588971566750037,0.13667570711941412,0.17512760209668565,0.0667638507814795,0.11147475168867582,0.0695104295381348,0.12111461063779283,0.1126281870812641,0.0711945305716114,0.14924739211099958,0.08459760360610691,0.16807755352645148,0.0729873028637269,0.14923667899776716,0.10512870946987363,0.1079100525470903,0.14544693672891862,0.04914686603931595,0.10890313022858134,0.10784812673185529,0.12005950336563886,0.24642309091036152,0.07905688646047582,0.11056407860230444,0.19223748934569673,0.08314198316521959,0.16436015809703897,0.45464736874676903,0.44977351304818847,0.24001575930125352,0.4507549726693598,0.361966477563208,0.4300112632882295,0.6776566314420103,0.6776700535174371,0.32736710138563085,0.5,0.3786274205271535,0.43676607560160363,0.4180852119186923,0.3340051439811774,0.41057516581177,0.4096982581509976,0.3315086620148969,0.38954199624425023,0.559408157211564,0.34214260799406815,0.5707758648948619,0.42516420001097566,0.22895524721382166,0.8689172203752709,0.6046261906831425,0.71987953417137,0.5503431515375885,0.31425177301981744,0.36661616172790723,0.3394989252876015,0.4818535352323775,0.43655217919157885,0.6365673448543057,0.4468215493642782,0.43833077848929947,0.4753915852889522,0.639364067335162,0.4227693675401837,0.33623815991545014,0.45888434839098247,0.3916241883586713,0.39631158830365587,0.29360989799689374,0.6031968197786812,0.5336701825656052,0.38109554058011963,0.3080280594861978,0.487382547272027,0.34487113982093476,0.5100721116146696,0.13181925205685652,0.09070214531586607,0.10279761954589539,0.12326312070208034,0.1517277066681495,0.06247180695685228,0.1358483744739798,0.0655236494675856,0.06575447850872596,0.0942757714779725,0.10986373199029298,0.10093744973584462,0.1257455128743552,0.14512158329439395,0.10797708920133597,0.1012607042185576,0.10719254102231279,0.14813137555051414,0.1290441583866596,0.08846675284721872,0.148129430845217,0.11536815847559956,0.19404476208741495,0.13618103157951955,0.15721844994034706,0.1039964261292381,0.15739609714086733,0.22176323622559202,0.20920459304794936,0.0895688851199875,0.10798657246304588,0.1377049745932174,0.19473021049381178,0.26668445026867593,0.09281142691831878,0.06613634631441878,0.14856650852007924,0.146888530722736,0.09201843087260098,0.4572739409073544,0.5747910050554954,0.5254413066284066,0.28819457364511925,0.27263095536465365,0.32098383657546736,0.5672290285670714,0.8696238367024478,0.2803509985589898,0.6490486975131187,0.613154923119381,0.06904517338826277,0.163134294526587,0.15644969318066326,0.08620904768264537,0.09190715856686182,0.09249125607764874,0.11755860141140784,0.1177272698621441,0.1304355431916734,0.20973379029727968,0.07357530230429776,0.09859457434586572,0.08198570228695357,0.12067171071754978,0.09599625957859925,0.14227482671275715,0.08935090683960267,0.1634709575279928,0.11507866431762603,0.19345702788245467,0.12814710276169172,0.12229487381980231,0.07873870953617546,0.10289569531617426,0.11711637507795836,0.13864927423548667,0.1003461223866714,0.15205441227814376,0.12014763103143922,0.06870804076354597,0.09930328951886314,0.12992919438497696,0.08309935846388916,0.13424540260512208,0.10896637821082067,0.09758456274138494,0.11212763330666953,0.12769947764741818,0.18673360212161738,0.11881590938646336,0.09453582960330853,0.15370922101940254,0.08994807339566269,0.10643235803129014,0.13593449458906537,0.08039559224319792,0.1421965898147034,0.1449551307756778,0.08733212555655723,0.13062114830949323,0.14270216863316698,0.14183514068996328,0.1896912967043013,0.10590289408649889,0.12110913590071404,0.10664145582376683,0.1558152628781576,0.09751138680524674,0.17477078195472162,0.10915680975810049,0.07012762510504544,0.09648870263413811,0.06283254275118222,0.1865611483112245,0.09000409924931008,0.11159600388244761,0.151436490603707,0.05645629041869826,0.07772815279124423,0.1826499928905444,0.12384847545101252,0.06551610203952052,0.05717186490536441,0.10180785365900247,0.13385197888816036,0.09727867528291156,0.2509788298667889,0.08770400317631821,0.1050094409536082,0.05901855218318397,0.11092362415432733,0.08795124418078537,0.1466818292528823,0.18171124284019202,0.2924881668743855,0.08981646182289205,0.08628205843127812,0.10784980867816629,0.07348006038380572,0.11149209589933151,0.10402802346482842,0.1379409179334612,0.12081456758568998,0.08464113179136934,0.10826314626505606,0.09965988428874417,0.15943148599315915,0.1474832131714976,0.10293840278813848,0.07495975525589238,0.23008033182421073,0.2525143785591054,0.19309183747197944,0.27983417443424385,0.10616612716354135,0.13367348378921473,0.20597214117074913,0.268069822657113,0.13042680101658466,0.18681497813464776,0.14565413938101146,0.2480408037399362,0.1790142401474356,0.18987508916178575,0.07844309971514818,0.24805950724521142,0.20152675746534987,0.17977591952167504,0.2685038621023109,0.2523817910157031,0.2937352710683083,0.21408638018459425,0.17708980452898626,0.11481797612475386,0.18936800067731574,0.15976924343184196,0.12262148422550434,0.32098383657546736,0.2498114457642866,0.35738952420246173,0.2206024419500815,0.27263095536465365,0.3087883975656781,0.13274735502317392,0.578462598942791,0.6154443810303312,0.32845814084569425,0.3909480732586893,0.7714635584842109,0.3253752044600856,0.25880175105111247,0.5722594233763003,0.16226055791543925,0.6490486975131187,0.6570756285278203,0.26851416585386345,0.36899429371272097,0.2432813782320865,0.28819457364511925,0.5672290285670714,0.09454200627568066,0.09450474990230662,0.17817424715128416,0.1365747248338811,0.1295194924122668,0.10897958722439294,0.12320980829500416,0.10708691912468782,0.19021995892295596,0.27757214250234896,0.1782151759376306,0.11854134656266702,0.11871310472635777,0.15454802000762569,0.16190253726279902,0.13559352617391573,0.19770400384531805,0.16414330632262653,0.30335859693150324,0.09336535110825728,0.23614635398073935,0.09329943987119005,0.18006103201603518,0.06664635080913184,0.13954721571012407,0.24442357938204573,0.3753135841585794,0.199475869180622,0.1704363870464506,0.2577902803764224,0.09234974566003995,0.1460398963614017,0.14985817903313514,0.22319425122728576,0.11287444741592445,0.20207607127158989,0.39773113988485975,0.11696991101294041,0.10912438029294325,0.5390762245950438,0.38259296992880465,0.281526000957791,0.13045382419286278,0.1272708703232136,0.18084998784024886,0.21036437463323043,0.08827693913677226,0.14401460629588747,0.07526392366168122,0.31366168999639155,0.29137422690140824,0.3793338025141606,0.2246368174144413,0.3099035442898356,0.2319454087580105,0.22390182044545082,0.3219593252537194,0.19038864234330144,0.28192716759749925,0.28016026920050763,0.1908480967972609,0.3140469897923296,0.333586706365677,0.18311589311298604,0.13913116953477878,0.2840738462170228,0.27244782049473204,0.32632426514195545,0.2550806161912226,0.301816575549545,0.3420063192538967,0.2901778377526836,0.2692334533339219,0.15931013116092396,0.21712161246513761,0.15711880630708175,0.1761448823852717,0.2536728193528348,0.3129738336327925,0.22934889607680709,0.21814503576523125,0.20987864340230833,0.2675223895891461,0.39470256075691224,0.3989949124559463,0.2387934902852339,0.22523566238425008,0.25663878642033877,0.21635596066958385,0.315726508590107,0.3364239894930874,0.22720413518624394,0.413885280820693,0.20171757307093618,0.3284784250886309,0.20669514004247913,0.27363471063624956,0.3590994243931849,0.225525705190594,0.28645125856129927,0.4650352106784298,0.37328613625739093,0.33429250930659704,0.4608407442435799,0.40707316397352067,0.5315281143608571,0.46126624188926924,0.4811828527794887,0.45353145388310356,0.3026195574818574,0.6208352228215047,0.4648418076127562,0.5489674001487292,0.7563602913356141,0.5890240711677597,0.5429278664879809,0.4430099484877237,0.5551295611792524,0.7005669219242848,0.491269011233039,0.47118310104939953,0.4344645413454583,0.39538418191317726,0.34264622526287314,0.31764591264674114,0.3696295581549338,0.3498837829401613,0.5098091033148417,0.31726355287602237,0.6221385929178577,0.2650731487985081,0.8063510122585869,0.428972820761637,0.5767254618566365,0.49850518759732354,0.4718444188795393,0.22213223013955696,0.2803509985589898,0.6570756285278203,0.5363396364831727,0.8696238367024478,0.733633394609136,0.3446664836357196,0.40988741774017,0.2498114457642866,0.5579051599597253,0.6636730995460027,0.38366769546038637,0.31672193926732084,0.3909480732586893
47,0.19107685962662724,0.16335323693047854,0.18952281303768503,0.20213711013433266,0.13032671130490403,0.42138837003674845,0.11892251188411951,0.1601406348634442,0.22253073206431717,0.12297944405988637,0.5175969756523977,0.11823412174813808,0.28217645847763617,0.1987115803011512,0.16936823947614943,0.1996961124383737,0.20809518251815928,0.12993131004793346,0.270055565669186,0.30955510838768563,0.2745546329488223,0.10511878878490899,0.12246294404126601,0.1387874118237561,0.19377864227397823,0.5548712315829052,0.20653059111305128,0.12928272844476518,0.14707709589465934,0.11390050766560245,0.6692452065099097,0.30682384670189866,0.17589427191862328,0.13976877439088975,0.2575666756058572,0.32813958520545794,0.3125379685745886,0.2536541417996738,0.0851872853520853,0.19907915484320415,0.2940841239889106,0.10325654733236311,0.44706655046371535,0.2770942105393456,0.8681279932323323,0.467842447403515,0.35817721040021033,0.45695989799734904,0.5656217255065764,0.3900700875259834,0.18322109218853433,0.13724867668593765,0.06402593070719154,0.0626491062591954,0.0665282267116939,0.10949025782330646,0.1496398054961794,0.16602889673512022,0.10678523355498937,0.10455775078548901,0.11192087216987501,0.1043153479925919,0.08954267039518371,0.09231387125781454,0.07861049951353738,0.1136891166930929,0.0705433654745502,0.08089938330085322,0.0913074061507756,0.07374978305734214,0.09675948382421728,0.10528236304528782,0.14273541975240345,0.07963023432009897,0.13120237333594564,0.17036330804613675,0.06331557487527073,0.10418184343387871,0.06610101367521293,0.1131372039301286,0.1037113977899613,0.06768304441415407,0.14384604598228712,0.07915815625190403,0.15207803368967543,0.06911706844653676,0.14364538017905526,0.10062973255190721,0.1017072459462125,0.13434750502730397,0.04510117802401703,0.10217908702826062,0.10018929724135905,0.11309125317189794,0.23325023842173342,0.07575559175675206,0.10326303966990114,0.18722137079779744,0.0797299710011653,0.15368217080923363,0.4480696834807095,0.4460102021533112,0.23437306320595952,0.4415148819544762,0.35152334235952565,0.41479211934522253,0.6743874967832837,0.6678443817966946,0.31468522783256914,0.49441909838746834,0.3644383166346289,0.42870741876406315,0.4131491208993626,0.326952436717719,0.40070571647362474,0.39854602813222173,0.31521477266171083,0.38041594817074453,0.5536711209677994,0.3291658525529598,0.5664212416412633,0.4203512066820264,0.21803346869506657,0.8665976317239109,0.599447071652966,0.7185707648367804,0.5420442448107002,0.3033078329330525,0.3526957635253376,0.3288054576922915,0.4724418231403432,0.4275876135682969,0.6277706340249432,0.43709057075395463,0.4266642728804185,0.4618896940731946,0.6355074251904625,0.4066278839898836,0.329183336470636,0.44793807959396836,0.38490233053924894,0.3893949889107743,0.2853401067795617,0.6026594010409738,0.5232109337629569,0.37171798263903655,0.2972452197044996,0.479798770412335,0.33392402821450917,0.5044255621587568,0.12868204103531478,0.0889638185352476,0.10138947857635916,0.12265514378768272,0.14936456576424362,0.060185649148114306,0.13421660574686678,0.0659785667152657,0.06470365797689981,0.09299206400442162,0.10696060606453306,0.09938445161203546,0.12111536697618885,0.1446484676280616,0.10477956969206059,0.09810080396183318,0.10321231054054336,0.14770453410915896,0.12479289393112991,0.086965759918328,0.1455067925842135,0.11591231771863342,0.19133142277766557,0.1360772692896809,0.15678434322402712,0.10231575027993778,0.1566473722466427,0.21370163119750119,0.20261860391867337,0.08678564223249408,0.10473339515770153,0.13194154791203894,0.19299522151702764,0.2661625587663221,0.09200386125474147,0.06472515406607282,0.1426749790150239,0.14658961489429045,0.09132133763674888,0.45056610609807324,0.5629176542846499,0.5315978392620437,0.2873637884786574,0.27546279138897256,0.32296333145206435,0.5620186803958449,0.8681279932323323,0.2830278671130628,0.6402372892790049,0.6127870331309107,0.06804976879493341,0.16108378138995205,0.15206407477663408,0.08260119099313279,0.08639346468815634,0.09278352541203938,0.11703212640742355,0.11735665504541626,0.1295528542356037,0.19907352260328415,0.07096263699443772,0.09855143192538407,0.08141326147269068,0.1204684349506101,0.09254486765712422,0.13648483646495124,0.0892007386227599,0.16271459543165312,0.1144259083251623,0.1894260798770917,0.12575163712522897,0.12021797408923185,0.0786164494297451,0.10222116567868855,0.11615354534723787,0.13578312135701198,0.10030249369990718,0.14909326043493776,0.11455973013472465,0.06741471545749578,0.09679700220158738,0.12864859441761922,0.08036162287924165,0.13451072239913942,0.10582077151534308,0.09567592921569945,0.11205342476305757,0.12534666816279905,0.18541851508359575,0.11575448837581082,0.09375171332254739,0.15455395118783333,0.08784225544875512,0.10590474571760233,0.13086562368502774,0.07976200686342338,0.14076101415211706,0.14194898254210642,0.08788911161779289,0.12964753243687333,0.13746716331810294,0.1397489294669747,0.17937350402540253,0.10089517168815099,0.11476498308899596,0.09877894986828295,0.1467750728741466,0.09335770506850583,0.16913998968904154,0.10576135866425418,0.06605660221385057,0.09390982361555533,0.060259872362334876,0.1782000000219367,0.08625009733955347,0.10628707712095287,0.14769206365501353,0.05431859628078117,0.0747904869011563,0.1795800072235807,0.11470236014951296,0.06307646236845132,0.05400599276058582,0.0975955908067716,0.12655213950784905,0.09293589705136862,0.24412411073277007,0.08328820026722539,0.10188961561042387,0.057883359168333204,0.10529011284848255,0.08527306114381117,0.14016908598487532,0.17555490142781216,0.2847774278439851,0.08627956532394476,0.08177043959053176,0.10460614093011222,0.0711560428144804,0.10749581974210543,0.09499369482154796,0.13025833292559996,0.11509638077576978,0.08316392899334246,0.10176295409656733,0.09698058203200388,0.15343557893402493,0.13732154958287246,0.0986125597697568,0.07271155565362997,0.2194861406827172,0.2484351682196152,0.18719761873991814,0.27276921083312866,0.1016416031587195,0.11379171540152211,0.20142666852322777,0.255942977465751,0.12290821367465044,0.17627290719519062,0.1381974272284503,0.235360798324305,0.17109948095160377,0.17915228316536091,0.07183088000838755,0.2381782976897604,0.18812485290540704,0.17035055015953648,0.25705849635278466,0.24351043591973986,0.2811013559707948,0.2018982700184816,0.1674750032310509,0.10687899646635879,0.18272720238453466,0.152111059757986,0.11198466423151221,0.32296333145206435,0.25239851793386525,0.36050477238825973,0.2222886716001149,0.27546279138897256,0.3096835938213155,0.13371312797454016,0.570132639211119,0.6078279674225062,0.3206188551522213,0.38792982763485695,0.7677056010110733,0.3236976725307993,0.2614645820131044,0.5673055400820711,0.16334027265821194,0.6402372892790049,0.6559808341204199,0.26348501812613845,0.3666068942066396,0.24607513075609522,0.2873637884786574,0.5620186803958449,0.09550138768055227,0.09372832511980156,0.17680032519379985,0.13788758400032675,0.13041196306641012,0.1089818527470664,0.12188766499147541,0.10820005190143467,0.19164999486304746,0.2797034399509686,0.17974912942197763,0.11685098372825642,0.1187983559814404,0.15593279924662296,0.16354569381818718,0.13513161491741488,0.19848190479285688,0.16493490937798438,0.30091729921823995,0.09385928259699838,0.2393803223770813,0.09418731742261421,0.18051340426078977,0.06699882895941245,0.13985422391552105,0.24615198269872018,0.37154047508955323,0.19829266881445873,0.17234440528374673,0.26046277650030847,0.09311190347834397,0.14650627970316166,0.15060695229591603,0.22580880152564542,0.11405630799036903,0.20241685889170058,0.40243654971008924,0.11700496515498904,0.10967563662794255,0.5446684648673543,0.38824380788574175,0.2852644277273162,0.13182889215562077,0.12832921856905044,0.17951006060578067,0.21131840435292482,0.08884971203098391,0.14583137110818756,0.07567817424140333,0.3170710989251182,0.28726466429339104,0.36664859830568397,0.2173315012490109,0.3035815591808222,0.22236514729314927,0.21864184363174033,0.2971921385113605,0.1826849986903366,0.265669899783182,0.27401339818260295,0.18651493651599615,0.30905887852602787,0.3256578627391372,0.17631550668322116,0.13009171341713577,0.27696532550065855,0.26509904611537816,0.31687933053548,0.24520481608488975,0.29201317527072146,0.334001719337933,0.28501485452276,0.25875286744279513,0.1559841728401331,0.20836188911106168,0.1513320001116386,0.1722313785269245,0.24767032958806146,0.29838926893552065,0.22138635307352927,0.20887880916443147,0.20607704230449375,0.25998749005815525,0.3872023753011484,0.3920086801482757,0.23391601800281847,0.21774524651314753,0.24774421253556766,0.2058666981310946,0.3018644934084104,0.325931639077752,0.21955782769260312,0.4068466780991705,0.18884069785509228,0.31703534913349996,0.20014076766371758,0.2657205131610021,0.35247109678407607,0.22045245303208716,0.27655558615872344,0.46122349550631436,0.3732814105157831,0.32554116679446465,0.4516490225957348,0.4033424000237451,0.5287243232329828,0.46151987190960886,0.479208529300147,0.44485151816321244,0.2996095520151518,0.6206663570818948,0.4628500971785514,0.5445196558322316,0.7600980377200085,0.5852237280914261,0.5379787161415474,0.441737017657599,0.552052351052674,0.702069840457175,0.49066313865580324,0.470027313379612,0.43094007901739484,0.3934111779294136,0.33659825306616276,0.3123424945429122,0.36797070798071696,0.34565278848630354,0.5084349418565275,0.3114331962109317,0.6205957169723857,0.2600401328459159,0.8021067193916789,0.42449969867885573,0.5756793044670121,0.5,0.46907203069031045,0.22465216633530372,0.2830278671130628,0.6559808341204199,0.5335483840281507,0.8681279932323323,0.7315083876251753,0.3436642051115112,0.40579342970985444,0.25239851793386525,0.5560855350432019,0.664233401384526,0.3790670246436918,0.3163883588073302,0.38792982763485695
48,0.17980653097199462,0.14947383344932097,0.17411581615012262,0.1828616263748699,0.12315061835543728,0.38481567165048536,0.10773270433855764,0.1567280459452326,0.19501144908825552,0.11821914276061773,0.47281641643457983,0.11248940672723684,0.26066454092858327,0.1948968818314939,0.1611140871765533,0.17409202706942883,0.1843932185002788,0.12035006039265006,0.2550233007040684,0.28358942444798374,0.24030470293512418,0.10172557642649138,0.11913141625331036,0.12275248260948912,0.1863858576302555,0.512039802976012,0.1975279881677502,0.12117483564666354,0.13665593051361336,0.10621770713024226,0.5912400824422785,0.26508626932616564,0.1652730242186644,0.1297523633124904,0.2414245124440766,0.3013817321719159,0.2906732986036079,0.23191166608326075,0.08106119379463939,0.18656081586154705,0.26154197655684064,0.10109450983260304,0.38921253667578404,0.2651815115080014,0.8748578916027537,0.4753575448277424,0.3613291353170238,0.465611432782301,0.5687934255777625,0.3898215578785893,0.18675625429625453,0.14002644240935014,0.06503537466825016,0.06414252109589802,0.06747651331923854,0.11166437849861865,0.1520013668150514,0.1699066858815359,0.10933483834446933,0.1068069468001791,0.11448602388633067,0.1064212217605569,0.09141628340501118,0.09356792358675836,0.0800446981924402,0.11622486099516316,0.07160984735226616,0.08242615896987227,0.09263707443704217,0.07476724599480822,0.09797789010121472,0.1073766237041881,0.1460007125608198,0.0810435062178928,0.13161553826341288,0.17234721797871755,0.06456878937721955,0.10555735659010557,0.06676790106462072,0.11529455975084946,0.10507744468576186,0.06879347953665449,0.1448921226183607,0.08001015868776429,0.15502477360598876,0.0706699966548684,0.1446747967356542,0.10249817304332287,0.10247005663993591,0.13624738563535221,0.04606091857901584,0.10417472411006135,0.10231644672373497,0.11540373614596477,0.23583794268919,0.07725572169803574,0.10563161619674799,0.190379576556296,0.0804131681555681,0.15703217845770168,0.4565223586678705,0.4547101352869264,0.2392461461325298,0.44902147983972207,0.3589461547643622,0.4228795394220056,0.6829831624456508,0.6770199146363812,0.3212170442242098,0.5031843269522723,0.3715772994561972,0.43663149031602777,0.4207068994517954,0.3336114352189756,0.4071647942327783,0.4065066880791951,0.32190654891415904,0.38792861463603034,0.5633981721422627,0.33621442227008835,0.575886936330846,0.42853994320749556,0.2230465685747105,0.8732762649953008,0.6085880875980709,0.7280178222647731,0.5512941947856324,0.3099683270945659,0.35949751597764934,0.3359202819866165,0.48084857977347717,0.43443428365493986,0.6375617018156032,0.44566103447793315,0.4346400067249635,0.4706625066269847,0.6440785032860828,0.4139152169377688,0.335998444937185,0.4560116586150449,0.3925143289627855,0.39720775789393103,0.2914014200482965,0.6115403769558274,0.5324558104588908,0.37914952514628664,0.3037948445119578,0.48769564380233266,0.34111788861880454,0.5136784493263759,0.12967695098754561,0.08780741537052095,0.10174028787938894,0.12139437132420228,0.1501920268112027,0.06085933009356892,0.1349571672713159,0.06432579683323536,0.06527179983337683,0.09124464772940843,0.10727141111158622,0.10073647149556553,0.12025703919004938,0.14139781556630948,0.10511331466982421,0.09938243722853957,0.10373725524779565,0.143579273557367,0.1244877828364368,0.08786898884597083,0.1468286101448394,0.11216124104230873,0.19115647472291675,0.1324444626697946,0.1530069627049001,0.10237890912166214,0.1543610899797676,0.21557068118194433,0.20077973931907778,0.08708112160706771,0.10510829380292286,0.13411039766882582,0.19123487900517344,0.2637885256854481,0.09147465454707693,0.0643437941352164,0.14430616101933458,0.14473250418417505,0.08887080052616947,0.4569407545637537,0.5639810734177111,0.5153805699687467,0.2715698416689125,0.25085359168555765,0.27419985311233475,0.5666284609133778,0.8748578916027537,0.2736692167158665,0.63900702956136,0.6202996334229762,0.06697961485074044,0.1573456326358681,0.15206339120179424,0.08343230838646354,0.08725708677150512,0.08972111789068893,0.1151925717281802,0.11821479572658533,0.12428606143254906,0.1929887301410761,0.07180752527235368,0.0971202296638336,0.08058114443850883,0.11864919693738185,0.09182407204230669,0.13677711846458573,0.08569597135173068,0.15821324853439234,0.1129390588914031,0.18901735406461595,0.12623774637367724,0.11887900294438014,0.07726549136105676,0.10000652128413035,0.11030102498600725,0.13386197607128858,0.09956600069737409,0.14402093252216497,0.11491962694350388,0.06639726760901021,0.09552856626357098,0.1272385947975493,0.08007782675235964,0.13220572584055812,0.10506136914079567,0.09595341458546813,0.11116100320482036,0.12309789609513422,0.18007451437438915,0.11494420141468953,0.09130235377595786,0.15054341142668926,0.08636683559822711,0.1042384402794696,0.1314524876225759,0.07741689352681191,0.13619327006882664,0.14149125831661735,0.0850697493364857,0.12845143226940026,0.14029898925738127,0.1423186525241028,0.18223561872101313,0.10266632953383736,0.11700442534916622,0.10089179945242421,0.14993059623101823,0.0955560728393251,0.17245311037157962,0.10819662399073804,0.06749784357039845,0.09500021617882959,0.061486224095015585,0.18167530600083348,0.08789243686453474,0.10857422332118571,0.1508402946016325,0.05552647166413405,0.07640486915488787,0.1810991499816179,0.1173490375596895,0.06444841054016714,0.055260594712838396,0.0996416121880439,0.12822420197201856,0.09463623179518021,0.24962154027699357,0.08502311838787346,0.10431390869255519,0.05881641619071554,0.10763682712181011,0.08681044416481254,0.14322501777423235,0.17973791139908946,0.2892311413095371,0.0879825251647326,0.08331133272618751,0.10641271638446714,0.07247225283787317,0.10995978818606911,0.09701766173410487,0.13316108612846922,0.11731152265553879,0.08434658023097918,0.10343892914422614,0.0984708972835654,0.1556705352969392,0.14052801017387828,0.10028726876269067,0.07436251373011826,0.22366972252949613,0.2537105365882052,0.19140874443452804,0.2773163297763215,0.10383483790365722,0.11631289948517776,0.20511087704129405,0.26126816924865903,0.12560150831737427,0.18031713452087084,0.14089890019854945,0.23949190867208425,0.17493346135365317,0.18274078833050833,0.07352612290251415,0.2432482593508234,0.1925858614846081,0.17371139173995764,0.2620627826229339,0.24860266333973413,0.28645216587090916,0.20601746355072337,0.17119495549305175,0.10890314494780629,0.18676591195790737,0.1552752208689514,0.11442784179900733,0.27419985311233475,0.2372177784326247,0.3178417067410404,0.21292742808953835,0.25085359168555765,0.2828775093453394,0.12456188781488053,0.5792184574951189,0.603715950967323,0.3166145647532601,0.38901634446003575,0.7723134671286866,0.3308656216302506,0.23257166713391741,0.566818080669226,0.15382779857688866,0.63900702956136,0.665530284078246,0.26802491883768464,0.36173602601609733,0.22465117582833993,0.2715698416689125,0.5666284609133778,0.09389777911883468,0.09204939246958987,0.16744476628768157,0.12563009857281238,0.1226509559944372,0.10503188967182597,0.11828999742471713,0.09834632797441656,0.1824605634927109,0.26256245127274846,0.15368504055259158,0.11362572872108312,0.11011087967636557,0.14383391744804241,0.14766346556677612,0.12804761228997041,0.1855797029350189,0.15622949028715205,0.27997428806472635,0.09181927405618873,0.21031987515488115,0.08614208880294183,0.17373204851892965,0.06501586539787352,0.13530679438790827,0.22290174485115466,0.32805915244008366,0.190256415350333,0.15844356767060075,0.22526864006422476,0.09041504928570343,0.13719895749092081,0.14740974835542042,0.17293330756430503,0.10698184039697023,0.18075012073364272,0.3336605478015865,0.10978437276573405,0.10341582395638038,0.46557285409451943,0.3517354785695994,0.2610040459230497,0.12311047036096756,0.12187032825231647,0.17522517294138495,0.19742354647980864,0.08089403280600471,0.1266096413522363,0.07102389160847711,0.2831864197868995,0.2928088637485541,0.3739980346624412,0.22105520781144272,0.3100808777992964,0.226496301168856,0.22277720578347515,0.3022010906032324,0.18683786589821982,0.271153898612262,0.2793658435341233,0.19051233167936876,0.3158135340078644,0.33237692687965503,0.17948442374320894,0.1330112811408819,0.28255661001056254,0.2704545372544548,0.32333654767056186,0.25046835074492957,0.2980343594686016,0.3403532309198394,0.2912144697175585,0.2646133889325105,0.15899828508437652,0.21289369719747075,0.15471129912222537,0.17560873800129995,0.252706549089062,0.30459136004439624,0.22602984369626833,0.21330928494675372,0.20991563336525865,0.2651838575642246,0.39336869557376186,0.3990683628530125,0.23781910514642646,0.22235049045603017,0.2527271677878026,0.2106336207006807,0.3082884704140122,0.3317347966449592,0.22298310013504663,0.41449480261016813,0.19220043089011407,0.3236026937201478,0.2042269446220547,0.26985295513491325,0.359813192983526,0.2249156853398937,0.2826921859828404,0.4702728377415428,0.38106687807888273,0.33233516399678753,0.46040739293632904,0.4108060751261383,0.5380349055386713,0.4706221815191245,0.48833759341321337,0.45317512815890737,0.30612909326713766,0.6303951141993566,0.4713208048338159,0.5540898269386392,0.7688431134859941,0.5951343037655068,0.544957050114318,0.4500232288826489,0.5607808055264687,0.711309331024235,0.5,0.47887463266882024,0.43964461157596724,0.40151508452990226,0.342596862472082,0.31921883789755046,0.3752464624222174,0.35276877770050963,0.5176484402770594,0.31772292609510655,0.6305376255410295,0.2658972598443574,0.8099065933625411,0.4326539857464392,0.585426464734409,0.5090564779263931,0.477428841261502,0.20829436325831996,0.2736692167158665,0.665530284078246,0.5421805976207432,0.8748578916027537,0.7272326730006147,0.3375247698382351,0.3970581521183023,0.2372177784326247,0.5647571626675921,0.6706201721133186,0.38248614457844354,0.3111372552530606,0.38901634446003575
49,0.1875038578178544,0.15716639059560056,0.182899307266156,0.19052469596393906,0.1279225444501204,0.4014861335061922,0.11244171285281646,0.16154338429200443,0.20523276957268577,0.12333874873396089,0.49124197620709686,0.11734440073356389,0.2710501465007257,0.19786194856003714,0.16746462765046477,0.18128107325807485,0.19283104166143483,0.1259635034289769,0.26640909405105506,0.295725110004327,0.2524468489757493,0.10559206653320663,0.12354749025074863,0.12947807927581623,0.19399540996358355,0.5300146284611091,0.20414974984979373,0.12670458043027832,0.14314422176206643,0.11095058354957366,0.6143055618350176,0.27688848859926607,0.1701381132826033,0.1346257977645331,0.2523384675696946,0.31482836009223125,0.30193045357620274,0.24361335797091632,0.08329270901585983,0.19306270391886515,0.27359031628339936,0.1049515177919853,0.4050592964024845,0.27439828018965673,0.8809724835830041,0.48121984642478033,0.3673719457180221,0.4728858732673654,0.5786162162712367,0.3943232149474444,0.18382322466868173,0.1425306561538091,0.065940873279139,0.0653774542945903,0.06980298750752534,0.1114003873683942,0.15342110965158773,0.17476983981764171,0.10902975036198459,0.10778458914599154,0.11610102277070611,0.10966132252873861,0.09027707581009237,0.09414296909284792,0.07956023673128465,0.11713701566098422,0.07180870797372696,0.08184628509851133,0.09444370172481531,0.07701852497172923,0.0982822900602568,0.11022501098292514,0.14608805752443488,0.0804221856799231,0.13377638975346506,0.1758331212093026,0.0662660159987829,0.10440604602499837,0.06752742172689119,0.11522347238956732,0.1071541440934285,0.06803600136475962,0.14825248942054292,0.08112461869919241,0.1505733577863363,0.07292959129741305,0.14330997645864063,0.1050572425641475,0.1021040233793219,0.13609476598173398,0.04682569886724197,0.10457670290980481,0.10313146872588375,0.11862377700565385,0.24425037431571428,0.07859802751107825,0.1056064098692513,0.19716190683318113,0.0826768636526859,0.15964333307191791,0.4607427716656326,0.4617807974961591,0.24284891339381853,0.45953711852180823,0.3684405127053628,0.4294364437603828,0.6951264323735247,0.6815759550789423,0.3281541253851631,0.5,0.3763647343062766,0.4405420952561555,0.43156984219749495,0.33954838832278234,0.4080196118101973,0.41648750795041534,0.3199985808911858,0.3886040853105178,0.5703456410938456,0.33958834136415095,0.5834487950311491,0.43159352015119845,0.2216701019405758,0.8812895693187572,0.6135601273486484,0.7428731606765562,0.5628283710959439,0.31603192490379706,0.3657715085615364,0.3316427420531767,0.48520448625243395,0.44166206744876213,0.6497838555286102,0.4403666727065214,0.44604655244937974,0.4748182552878608,0.6462367133633706,0.4241568056590369,0.3378611127131552,0.4596024150346679,0.3947790891090236,0.40306363994892824,0.290368063574477,0.6218357970629902,0.5344414662345605,0.3897154665389969,0.313035832055349,0.49048242348202875,0.34663411531915833,0.5269700042992256,0.13158855720262264,0.09050060640307944,0.10161157034675439,0.12553310899348025,0.15240158565776118,0.06185495352477266,0.13654805981043205,0.06630954402463063,0.0666033569172837,0.09316576905755758,0.10820354762530981,0.10288814753205833,0.12193947072615718,0.14707846173867456,0.10731595946018946,0.10040181034226847,0.10601404902379208,0.1467369614502425,0.12642710556061887,0.09079075431022421,0.14889094771922884,0.11797155071550103,0.19234120943358868,0.13409521149830428,0.15543201838856158,0.10534045740180853,0.15992506944390195,0.21510819732758257,0.2013088409607301,0.08927731813649109,0.10703803955189695,0.13751709764155373,0.19647387063970145,0.2686885931519065,0.09524862883355922,0.06620945958661695,0.14537667147880107,0.14811165324706488,0.09218042586073494,0.4624694956526707,0.5745423261014211,0.5317856058996261,0.2794190949926547,0.2615255698493407,0.28548789647603123,0.5678174427555878,0.8809724835830041,0.2807033154664035,0.6441738012805102,0.6182038584119123,0.06815394369432504,0.1603420714237901,0.1567279662005372,0.08280936060523891,0.08727296159617204,0.09158006817668574,0.11924653345009684,0.11549355060691269,0.1283095908943177,0.1983101915872144,0.07358269113627347,0.09983259337662231,0.08405326352963327,0.12295000016931268,0.09234183357919823,0.13904779402947998,0.08794067094443181,0.15950260780171366,0.11537690248432886,0.1924469105120138,0.12667617325057468,0.11877848567954241,0.07783277262929489,0.10326939163582494,0.11297513990447128,0.13753050301478376,0.10236699028964158,0.14792894170664406,0.11826419641811814,0.06750038952421045,0.09869930472890964,0.13006276606776035,0.08060781939461181,0.13556800434891259,0.1071105595779055,0.09739837179585598,0.11233060435791453,0.12717223477560236,0.184498370597187,0.11852475560514464,0.09326716114513167,0.15596537253241605,0.08879177491026535,0.10795100447602402,0.1316735633034375,0.0791598732284563,0.14092040898424585,0.1432621799369631,0.08685016426983228,0.12997921647311517,0.13900059854597124,0.1382791909995138,0.17284195765759924,0.1029584314560551,0.11652182790187171,0.1007849530631304,0.15166822331566143,0.09633455752525322,0.17009334840005097,0.10977481983991577,0.06752371978606564,0.09513717533228738,0.060757604764065776,0.18161901280077208,0.08652831511440673,0.10754035105036464,0.14754334026732685,0.05696216652673114,0.0759438471792383,0.17801153702958694,0.11346334038140049,0.06267142073327214,0.05646418274906828,0.09760489690319984,0.12879200642959354,0.09537258942939708,0.25447876031853356,0.085377640591078,0.10155605783481825,0.06002376829945644,0.10782587537117105,0.08542889716323065,0.13923154332920273,0.17761098713816503,0.2897079337439916,0.08839166469943582,0.08064033865526676,0.10564487925929411,0.07221941662798004,0.11176168958144539,0.09724795098785366,0.13143227003789548,0.1199782507234598,0.08232363619658334,0.10473700290549992,0.09933417955563117,0.1478910020112847,0.14207639657375815,0.10016470151010781,0.07440963255911981,0.22680306880251333,0.258243863069345,0.18789953722145813,0.2844303647241254,0.10243648684875228,0.11696918098022602,0.20734425742522655,0.265415086252517,0.12692352186993716,0.18069837533552502,0.1403409972141364,0.238920333063393,0.17894625592235747,0.18133928189569515,0.07105864969486686,0.24597015027326719,0.19100008047171346,0.17246355347192543,0.26804665525122295,0.2518484492710982,0.2867801508314751,0.20857589800737153,0.1716060208741459,0.10902726193224332,0.18379299197289123,0.15667141963556075,0.11552218902572386,0.28548789647603123,0.2436142868166905,0.3330697553568347,0.22033413036370142,0.2615255698493407,0.2934111693645809,0.13018073510952555,0.5893851973795123,0.6138335642794843,0.32339954179797625,0.39529959458994024,0.7784356373821606,0.34010972127232797,0.24428566291884557,0.579048060116162,0.15955970568713684,0.6441738012805102,0.6773887584865399,0.2670217848452483,0.36869655623513087,0.23548782836614568,0.2794190949926547,0.5678174427555878,0.09814095914942311,0.09568898546809512,0.17459690741043354,0.1313173417728799,0.1275346827261602,0.10836494398093677,0.12288113172993331,0.10272992925384627,0.18996699215675916,0.2741079415766112,0.16126405371991692,0.11702148961521497,0.11520008748021293,0.1515972954646858,0.15541969567070713,0.13179044800256345,0.19451884116405205,0.16306210979704672,0.2896675330310875,0.0965350118350854,0.2211854352171616,0.09052772774947881,0.1788182744159662,0.06767536471620583,0.1389538624043808,0.23048218284234623,0.34261410786413715,0.19612723048783653,0.16677940481553455,0.2358520573891162,0.09512314805114896,0.1443464800008638,0.15112204367755588,0.18152713516844687,0.11201234179141684,0.18970795474886692,0.3485399961577569,0.11381229229298406,0.10870237949215189,0.48465969393769315,0.36884234556687623,0.2747310713185891,0.1286562682418919,0.12749342121546525,0.18184202462595778,0.2038057279538128,0.08423598062325932,0.13323859505367353,0.0744456855844613,0.2971475573941935,0.2987376929691521,0.36849181200111736,0.22301216865454399,0.30981388521882813,0.22542822659692308,0.2245083134539687,0.29752363374765634,0.18518799227875782,0.2639845068029463,0.2821470227045816,0.18895266811925393,0.31259152557686254,0.33149385782093554,0.16201110866054858,0.12745175053765345,0.28522775635841324,0.2669183196709405,0.3199010126458188,0.24775273282332433,0.29435725510737576,0.33806101877437666,0.2909644177252647,0.26437019911716964,0.15709392604419137,0.21159351646001623,0.152226008855727,0.17171969930724662,0.2497622005222604,0.2987643345932215,0.21928794620632963,0.21415326097813936,0.20567042979224714,0.26034889287624763,0.38497725092281965,0.395282148774997,0.2391354556565951,0.2189271599638305,0.25239495447147897,0.20978336682386178,0.3124997605887234,0.3337221627198106,0.22237871841285362,0.40971923480961536,0.1886684603126495,0.32937367207245205,0.19903735178298132,0.2649644824422319,0.35893650361674045,0.2222305477915676,0.27078420099080647,0.4832021491402404,0.38975801741236693,0.33451513004641653,0.46357671295587266,0.4135740508911593,0.5519613747899352,0.47613758639321213,0.49912287034759195,0.4586967685370661,0.30622273046735327,0.6384037736824812,0.47589268166979437,0.5623341915367983,0.7806947625375467,0.6038615172130595,0.5511332368685383,0.45351082791670505,0.5655927803516261,0.7203992400716981,0.5087960957979429,0.4824700193010346,0.44599288640927737,0.40875279803874376,0.34767147307771873,0.3259690939178562,0.3769563675898575,0.36060689404488633,0.5247058965897271,0.3177608591278642,0.6364340618117647,0.2631839984256532,0.8198921958643698,0.4377898084285621,0.5985862322390261,0.5136025614346755,0.485752828064953,0.21559114067118468,0.2807033154664035,0.6773887584865399,0.5504387726652139,0.8809724835830041,0.7364993999918137,0.34326625455413207,0.3946674801636536,0.2436142868166905,0.5709761202828947,0.6773750023738749,0.3871116615441077,0.3190064908394047,0.39529959458994024
50,0.20330803716401114,0.17088196740780404,0.19845187594732216,0.2067145058326454,0.1385253685374117,0.42959845303002686,0.1223959286251759,0.1753701252760851,0.22276874630998078,0.1342346468006027,0.5231948698069535,0.1279122806133558,0.2924700306828335,0.21395627749126533,0.18167872947473818,0.19668033215773884,0.20903753384348067,0.13714238958009317,0.28744610959168204,0.31849240903428366,0.2730759846404418,0.1147581223913684,0.13429887271679453,0.1410353961186156,0.21053960485019252,0.5633117330334839,0.22074242262119037,0.1376534153085872,0.15571462108647915,0.12081066855266054,0.6483397548068085,0.2990477466986986,0.18429909891113816,0.14572648863357973,0.2727393979213746,0.339437548774017,0.32572518083897395,0.26362734392882714,0.09068676265706432,0.20946279781274713,0.2956729391196846,0.11398962293129311,0.4337271875954005,0.29585932142480853,0.8792913711372068,0.48879181131672966,0.3755847118576785,0.47595992694057265,0.5939521798195189,0.4077441016835617,0.19848003074302112,0.1537674018938051,0.07164398167838404,0.07041012254587353,0.0757449951574447,0.11978905416786434,0.16634913182268574,0.18892298204121194,0.11766821097670732,0.11688354149013891,0.12505897503622798,0.11909359541554132,0.09724193803247128,0.10177277315371902,0.08591554897647824,0.12685827307039177,0.07770921266487796,0.08822262698662475,0.10226945451634362,0.08371467905966246,0.10647557740768643,0.11965968620465361,0.1544513749991836,0.08690724783603831,0.14432296206340123,0.1881907623623219,0.07168057991029464,0.11266281869088657,0.07324099103122139,0.12458172146766233,0.1161818084798335,0.07354906141836615,0.159414001531076,0.08800212898176563,0.16089107320314422,0.07929478980746507,0.15464157930877065,0.11341554848366031,0.11070793332131001,0.14619817547070368,0.0509445515309036,0.11202914682094256,0.1109497140129071,0.127437007963624,0.2633152422303445,0.0852260366734584,0.11424647153654666,0.2108569832139232,0.08955027271049498,0.1727154143590115,0.46532218415586624,0.45046148161435307,0.24396985287996165,0.46381043023946866,0.37396209608269737,0.4340347005797298,0.7009855184743443,0.679743265410734,0.33838497498001174,0.49248935860010745,0.3827206004082302,0.43857891885542577,0.4373108386303616,0.34500660982287856,0.4087835801985992,0.4252412962863621,0.3303465448757493,0.4034788116113076,0.5679703174043818,0.3481533255504853,0.5666308156430089,0.42984921989090397,0.22802699244834235,0.8706751281721313,0.6155846203908135,0.725619094980309,0.5575362428774843,0.32602052151558814,0.3735555580634502,0.33606538147036713,0.49602808933246245,0.44498596567415294,0.6538441267192795,0.4397084434113432,0.44888850926992263,0.48113860620178595,0.6518372209488321,0.43715029224424806,0.3448522097603427,0.4583099352727139,0.39683864198118757,0.407193867564988,0.28519887181124415,0.6156450956162983,0.530007997123014,0.3884013407384045,0.3228536577480071,0.49836873392448533,0.34907145727038336,0.5244434847364997,0.1421461147069233,0.09848749664585521,0.11009834100216986,0.1354049002636062,0.16487854444452021,0.06695018732728286,0.14736446629271582,0.07226664770432545,0.07212709584573695,0.10114546311740935,0.11709980547637744,0.11101761183645575,0.13228383420028456,0.15926435104318415,0.11637220926834801,0.10847605145760308,0.11495214139051957,0.158613273621397,0.1358188653814706,0.09811730711627786,0.16127928507785372,0.12841546567003115,0.20699373736944737,0.14492648063370528,0.1669856609469742,0.1139823862139957,0.17283587725052296,0.23002629719789636,0.21709025868082588,0.0971590070479742,0.11598963934720175,0.14874507553546457,0.2121616017561092,0.28930741124409365,0.10367757851279558,0.07192124883713591,0.15575818913237038,0.1605111630538809,0.09979196455424422,0.47285320566284184,0.6024531133936257,0.5638859809725264,0.2977959929599554,0.2815384568906316,0.30814178249124535,0.5707225854141941,0.8792913711372068,0.2995959303938137,0.6683385584807044,0.6238013876486078,0.07378129908095843,0.1741573874177449,0.16864874948846442,0.08970890416857513,0.09498751265997163,0.09928546534058147,0.1294199755783294,0.12433363522974727,0.13910016985240992,0.21423498366650273,0.07967939345042219,0.1080195925787032,0.09152518555368816,0.13364925628409285,0.10025428574245798,0.15000645468683582,0.09576022230523462,0.1728427966256798,0.12500330614782273,0.20671815015694173,0.13736458593906198,0.12864405450896121,0.08466339344958396,0.11229716804088119,0.1226285219806954,0.14889306195254415,0.11091985168964225,0.16050292171500935,0.12815558375974745,0.07345936593194802,0.10728029094250191,0.14067151527478794,0.0876526632843706,0.14668164223002356,0.11632401369500922,0.10571355603794985,0.12187305683160732,0.1379370765961565,0.1972710307805393,0.128298810865621,0.1012721734653006,0.1692935513855749,0.09659294618853165,0.11747740018568398,0.14289975450065218,0.08589570461459417,0.15190842304745533,0.15440737317566666,0.09418851999500044,0.14101806601465516,0.14875543537329894,0.14695946115372982,0.1844684682947514,0.11103155489394712,0.1241980733880641,0.10906948594219223,0.1624077923070152,0.10338402778599498,0.18074108414692014,0.1185549940288354,0.07271614139712568,0.10324301720396101,0.06600024356038992,0.19502544304344527,0.0930582132822585,0.11439125786135473,0.1588831723514178,0.06163902284795009,0.08211204663268357,0.1918132596157548,0.12203686840594252,0.06734452976564786,0.06120153867077016,0.10516782257508972,0.13963979172356789,0.10360563386280042,0.27376162088523104,0.0921080482597354,0.10893377007007954,0.0646029951343341,0.1163102344152146,0.09205696270098751,0.1502666328825477,0.18862664068872248,0.3080904178830851,0.09565445079827317,0.08707658683294817,0.11415989341335009,0.07796433814748738,0.12104343286933372,0.10519939782579513,0.14010344768074867,0.12976333507103133,0.08864689083172428,0.11328404023735628,0.10715980037265382,0.15800041463996195,0.15333650378996166,0.10869556494567145,0.08019649845521215,0.23599730364176874,0.26417231819349163,0.19508471458081733,0.29763127927825384,0.10829457284516375,0.12533807714884326,0.2118791686575745,0.278461738668914,0.13310562407111193,0.18847308322377654,0.15007669271558555,0.24738796828709153,0.18998654804702875,0.19213355175089208,0.07611454072405843,0.24946713779139107,0.20202042369616147,0.1825961505844449,0.2839251494945445,0.2652834091798185,0.29952843704109,0.22185354427790616,0.17824205349231037,0.11718717793727884,0.19496934621475848,0.16496981332104965,0.12441556962760891,0.30814178249124535,0.26141929831279453,0.358136802287117,0.23740820357080183,0.2815384568906316,0.31436371351965287,0.14112818807567984,0.5980994847490595,0.6400065685761528,0.3419186313643824,0.4141128671087847,0.7890374464549318,0.34606858004612784,0.26416439601566066,0.5959303817414978,0.1727971500394918,0.6683385584807044,0.6599057625452487,0.2722533926115698,0.3854659477975484,0.2547628299520437,0.2977959929599554,0.5707225854141941,0.10678775598584056,0.10345427093778237,0.18937808613336737,0.1429760550135224,0.13834866276574276,0.1173784589884519,0.13356804461499583,0.11179596856044738,0.2057665133452138,0.29539511871944313,0.1750268250685595,0.12639494807003104,0.12500452503181458,0.16484047065870333,0.1688523169896996,0.14276362256372999,0.21063588827504853,0.17663239858467406,0.311727190393845,0.10496025281196986,0.23983377413404705,0.09863004475839587,0.19277672308539284,0.07353084035877411,0.1495755551242154,0.24889923193572527,0.36858982771237714,0.21163934817900787,0.1813867115319372,0.25519549672600594,0.10361063567310969,0.15684566075409445,0.16229326791833476,0.19700763378643416,0.12198050045203035,0.2058346260306526,0.3746828532651584,0.12356396683953597,0.11832349920409257,0.5167917332871839,0.395746607105836,0.29685347209108737,0.13995646299157705,0.1386952442999091,0.19617560845529647,0.22083376553175116,0.09164011117630688,0.1448436696525599,0.08093841022352999,0.32045949756878656,0.30770958312354435,0.3829238897021984,0.23423011998043886,0.3135991996443943,0.2353134249543476,0.2316328998195738,0.3142068375558287,0.19455429788326506,0.2749913941173222,0.29053025485367034,0.19843252752071683,0.31319651528669645,0.3356869278960736,0.1705349347835845,0.13545195036650004,0.2926296199015471,0.27872390345196263,0.326573696453785,0.2576172574859582,0.3057232937620823,0.3482534014288269,0.29729810864895,0.27625150981934643,0.1644895689785587,0.22128834779036333,0.1603031777864814,0.1818837894655817,0.2591914707011477,0.30647956566393453,0.2290964596530528,0.2199254421971072,0.2154529713339005,0.26672033310875576,0.3926635379388277,0.39752016656641354,0.2514479519085041,0.22663107398028748,0.26103225682051,0.21794450417400357,0.32770835754944505,0.3479403456868265,0.23557040740998436,0.41932291352651685,0.19892011420542477,0.3425175364909365,0.2098056993932742,0.276018591155043,0.36737099366702086,0.2324706202780149,0.2768857650809272,0.47125092283672787,0.39148640075990937,0.3393156213128041,0.4687540131586765,0.4111437082626861,0.5404367439246731,0.45774814802415453,0.5,0.46869989278822877,0.30444625810869375,0.6198923268076728,0.43392963879426893,0.5434105685102895,0.7621716514656615,0.5734931140826005,0.5553107338677552,0.4496211261800035,0.5632177665342011,0.6993782429127993,0.5058281485698276,0.4739393991136832,0.4270813912096957,0.3957843886792789,0.3547682894551768,0.3299540041487642,0.36712278059149195,0.35795550286160904,0.49569247881887235,0.3246320586135053,0.631020102582389,0.2637779867687612,0.8169441286787967,0.44139066423784745,0.5870789791832074,0.49127784082005355,0.4841595245762901,0.23170512213403616,0.2995959303938137,0.6599057625452487,0.5527053103386949,0.8792913711372068,0.7511880641076507,0.3623784719997106,0.4138376833851002,0.26141929831279453,0.5658685710713237,0.6835227008904685,0.40405146927944713,0.3381729006605334,0.4141128671087847
51,0.22153220333326307,0.18671264050198055,0.21651992840206957,0.2252619928127768,0.15144954931064025,0.46162488547253844,0.13404482782352622,0.19154422236311697,0.24274724921188695,0.14699025984275127,0.5581814375263827,0.14009074210382455,0.3167106139108231,0.23284004285590643,0.1982597512518809,0.2144941859427696,0.2277317458133743,0.15017070583408598,0.3115382897711584,0.34460375294449164,0.2965580050893578,0.12554030336644217,0.14701634397435814,0.1544258650085789,0.22955290295072828,0.599231627399855,0.23990088507677765,0.15059346488337388,0.17031050226621702,0.13235479652295223,0.684350019898393,0.3241045522517415,0.2008695652749075,0.15941543938767444,0.29611051856566406,0.3671898284846917,0.3526053653897486,0.2864691843498881,0.09952291150314507,0.22817970265148246,0.3207035716202138,0.12482273032494018,0.46539496568773586,0.3207920277865396,0.8876641867578707,0.48697568373332156,0.3948788201779593,0.4648440715144381,0.619872693199593,0.42725456374552584,0.21525949533304578,0.1658178462519253,0.0783261337473471,0.07653748286812789,0.08284803667587004,0.12961269976679124,0.18118914544333442,0.20513629159124513,0.12755065385883047,0.12750087764311924,0.13538261097382276,0.12989008707372052,0.10603210678012276,0.11097390149877007,0.09368787759049113,0.13853283626993362,0.08487255054981291,0.09577418708307395,0.11152426289509154,0.09148539539730349,0.11610967532993799,0.1307203421213292,0.16615947875637116,0.09448159731056738,0.15690856156708388,0.20274238396595956,0.07808051183026377,0.12274400950753783,0.08011024035647474,0.13486860946168377,0.12662518656122834,0.08045557452368735,0.17250851878590134,0.09602612451579418,0.1734394596682457,0.0866477641399579,0.16842483328753943,0.12355780399284388,0.12078629753128967,0.15709405972971247,0.055659230346094546,0.12127745539666757,0.12021083518674924,0.13801135299662315,0.2826685480434169,0.09303422968859432,0.12420974972010901,0.22568016122271128,0.09796357883790696,0.18678766986146877,0.4659923361087488,0.4509711932795627,0.2544931357693787,0.47569057928658565,0.3664277510238041,0.44052673606696946,0.6832399239380176,0.6758737593354205,0.34720498062974425,0.5,0.3987414136579278,0.44909479098614824,0.4423529433805655,0.35126409609409814,0.4159855846764282,0.4261617446763424,0.34479014562618726,0.41051002891109334,0.5757090865908088,0.3450452396255699,0.5484792943143109,0.432785248297303,0.23851829795933188,0.8761878969280982,0.6095218653231854,0.6846980993703558,0.5511725807776556,0.336116969448757,0.3787067875129492,0.34330632063862465,0.4958635353691663,0.4535413952616252,0.6587201103483723,0.4475718012673531,0.4274439933964098,0.4859492490736219,0.6485310743774191,0.44509730505496947,0.3529607385045245,0.4595414166166861,0.4130709946149007,0.4044158319390506,0.29638084129453257,0.6077862320420179,0.5341966199733171,0.38210392126169157,0.3350708368911426,0.5095539792106485,0.34320639766046257,0.47311259519101345,0.1546465722080479,0.10792350806473727,0.1203439912832559,0.14766125102008,0.1796742371275567,0.07327070545333736,0.1603733659182457,0.07932439632955046,0.07881448020312565,0.11064977453755886,0.12801420340746705,0.12131542811271123,0.1443021374097957,0.17377875437708545,0.12722467986402775,0.1184915509463631,0.1253043977988515,0.1727468491814308,0.14757965305969734,0.10691095206448431,0.1757003075191077,0.14052771046738743,0.22458036821003924,0.15827920389904349,0.18197648191476523,0.12447420371283446,0.18805020820516283,0.2478716295169876,0.23532851217996065,0.10629721737047704,0.12640387804969067,0.16151192866429398,0.22970971568413523,0.31345449043809837,0.11353670881344524,0.07879368694837663,0.16830726586500655,0.17504475170008238,0.10898852927866376,0.47886300741924137,0.626877337501758,0.5994152052780213,0.32088361498111584,0.3050166823320629,0.33387389073222384,0.5897020018117698,0.8876641867578707,0.32377846392449716,0.6923382057460526,0.6379515042426562,0.08087457865496694,0.19005985924141366,0.1835009767456891,0.09809462116469936,0.1040568182401197,0.10872589563984192,0.1414819089198518,0.1360156920105583,0.15204606776137874,0.23279281158277432,0.08704224151410123,0.11816339907859497,0.10037334493493155,0.14624230292179907,0.10977988288299112,0.16305453069921505,0.1050377264536334,0.18870891612255947,0.13656471453649577,0.22449056275326307,0.1500934222444631,0.14059373371050177,0.0928971878741095,0.12306808754475063,0.1341593817065999,0.16252913855295703,0.12123387252465467,0.17506301543654346,0.1401215344650134,0.08052167583060099,0.11744861617282476,0.15344675558741883,0.09599165713623259,0.16034660258438638,0.12702689715321736,0.1157049252044895,0.13338462644086813,0.15060966226200345,0.21408963111678037,0.1399265805507478,0.11099613391777585,0.18483946278736108,0.10580648902675671,0.12867845243552456,0.1559755218510802,0.09410967330924425,0.1656974116002291,0.16845319697218153,0.10323835639370338,0.1538234432369071,0.16088543221366247,0.1587019393477861,0.19829201152292775,0.12065433586325502,0.13429473091009259,0.11842853399688869,0.17354241469638076,0.11224586957023652,0.19476759376162978,0.12907939416576286,0.07915143913551048,0.11266329640129835,0.07225394906572791,0.21059963148248362,0.10116580644902717,0.12324738994774886,0.172446740698595,0.06726450125262873,0.08974004495346732,0.20836174424664522,0.1324585032347143,0.07359561668629278,0.06682703781319987,0.11485272180796191,0.1520596427835429,0.11314429156569616,0.29517298684052884,0.10045580063360471,0.11831834336500435,0.07060055018029421,0.126546806194078,0.10043837024091817,0.16360056009719437,0.20322616369003232,0.3290128569449876,0.10437487359355335,0.09500047736590556,0.12446455901174236,0.08502813545195498,0.13203583362954419,0.11467256917412649,0.15131144510871797,0.1411427856792491,0.09667646115052952,0.12251694915388833,0.11719541167906478,0.17137246446907095,0.16666529112987494,0.1187835063721211,0.08737401151295154,0.24608670456077142,0.27859384870726656,0.20927002004560946,0.3078699048940523,0.11628850862968954,0.1344691545412079,0.22382300953809298,0.2940470668644186,0.14103123780611349,0.1991734507988452,0.1605034166646152,0.26300296033919424,0.2008224125472562,0.20658356286018353,0.08234862789621489,0.2591452009230859,0.2142070752498102,0.19450968509333777,0.29451709705403173,0.2792603291287178,0.31759249648246,0.2373895713762466,0.1873398974794389,0.12668296266596535,0.20587076135314653,0.17719791114577987,0.13371151742767617,0.33387389073222384,0.28360045124340494,0.38614282405563227,0.2579671415426602,0.3050166823320629,0.339575907210627,0.15427496537239227,0.5966401223185024,0.668070976778696,0.36403315704791117,0.4384918115557278,0.805588430370134,0.3369471479128505,0.2868914242849948,0.6165819980297165,0.18842417704496905,0.6923382057460526,0.6395999872018339,0.2867086069755249,0.410393251267962,0.2769192915077151,0.32088361498111584,0.5897020018117698,0.11697889479015344,0.11312230513293642,0.20637087482815086,0.15647705915799226,0.15124503662872757,0.1284392073994972,0.1460168272391279,0.12252555431923418,0.22424965975863675,0.3203502960184389,0.19093692651729943,0.13772304476373876,0.1365959756318348,0.18006587307260002,0.18445886206600381,0.156012779090548,0.22952774618708127,0.19262778301312178,0.3367136060462168,0.11499226918746264,0.2611038989450736,0.10818548429534691,0.20952282788272036,0.08068251817244332,0.16318723617009123,0.27038579162085163,0.39768460204093026,0.22968188630246922,0.19813935885226075,0.2773697404532196,0.11357775608481258,0.1713737730628968,0.17670277733472362,0.2148792595282718,0.13362836471291073,0.22438592383889489,0.40414849388259944,0.13521106663345184,0.12956218200489278,0.5518352655491559,0.4263913838365446,0.3218732916953573,0.15320056362904644,0.15175982653058906,0.2133451523212746,0.24059254473535863,0.10052677897361506,0.15844946205658028,0.08878243511812767,0.3468550844846261,0.321557588792699,0.39897418776224425,0.24907235402287853,0.3262114307942424,0.24903050905135726,0.2434617111663515,0.3283741355783011,0.20607625043151556,0.28527689772531284,0.30428950935746013,0.21168211426897288,0.3198526948175857,0.3461857766343578,0.18363839137183302,0.14599711450744046,0.3024651178320158,0.2966906701441522,0.3389137593180407,0.27176411224830166,0.3218051573226455,0.36566777549548524,0.30594031415580547,0.28700888826856086,0.17711265304296275,0.2338895616429535,0.17077411573010415,0.1958201394360929,0.27300114900490535,0.31052950163581705,0.24318262623947073,0.22890362029765732,0.22915584704475855,0.27675023569461643,0.41000648928792993,0.4108754857688244,0.26718701688825097,0.23942950523873474,0.2739111305158257,0.2299475489262589,0.3398529564893362,0.3602080350035045,0.25264907249210866,0.4288996110015909,0.2107907096179681,0.3428925145988744,0.22308372521881492,0.2934729090561653,0.3772984922668531,0.2457919110885456,0.2874397826087397,0.45767318475180097,0.3871560945266326,0.354841493846228,0.46954169216652986,0.4239773104279867,0.5324333919521316,0.4566550125981178,0.4755853798122277,0.47721348548958575,0.30755598723059274,0.6069489201530403,0.44103626874939283,0.5459394499408774,0.7627139700061649,0.5816964218668561,0.5649024971837207,0.45546891946759815,0.5707165127869755,0.6943606345401463,0.4951141447238768,0.4812712942279235,0.43684232338286144,0.38906717180578143,0.3622803081005034,0.3324883242649146,0.37439910043018154,0.36048723809294914,0.49274107844730863,0.3263679686130365,0.6326053743788584,0.270826960842094,0.8074804433918141,0.4474619786947377,0.5641916353933636,0.502530378224145,0.4788128162288521,0.25169233344915887,0.32377846392449716,0.6395999872018339,0.5447968252267678,0.8876641867578707,0.7704202856163822,0.3875357992292383,0.43804635908904044,0.28360045124340494,0.5690488105323619,0.6983651646318725,0.42570939952711984,0.36267353778429934,0.4384918115557278
52,0.21403077620054833,0.18017656659013292,0.19624328769642296,0.21586059403888502,0.1460527342600778,0.4473449594055823,0.12894442365577308,0.18286843274895792,0.2325298467232585,0.13112183955518764,0.5467576166773935,0.13355955325964264,0.31091640450553526,0.2238318835664409,0.18797611153214366,0.20202938010235627,0.21373696358755634,0.14168202448753608,0.3025545478015732,0.3264610685980053,0.28213089710966754,0.1195284548465303,0.14038056428647983,0.1467927310894247,0.2238565483653988,0.5851254044692601,0.22891359064900063,0.14245789883686555,0.16486178362442971,0.1244144011430216,0.6772654854511284,0.310279360652423,0.1884037408891217,0.1460757924893219,0.28427883776642426,0.35784613206141924,0.33733574666309907,0.27305857032187475,0.09329630731098404,0.21907254255869146,0.2980036208315193,0.12016606477206271,0.45220211758433104,0.3132267190297451,0.886272969002446,0.4845886353001404,0.3870736462746418,0.46598837832506046,0.6060942964137821,0.409861397353973,0.21451994202472902,0.16544499988590633,0.07593595451177826,0.07607712628509289,0.08160823579117193,0.12856416195595344,0.17813765884942656,0.20429899276800667,0.12727796192044927,0.12667704674124902,0.13473290155632767,0.12962117691008435,0.10510449914928122,0.10971951545659775,0.09265621087796427,0.1372360203436772,0.0837025329058515,0.09389027940947003,0.10773520440774564,0.08979278844096761,0.11381517805601427,0.12946574489365947,0.16603678591124627,0.0922822328442362,0.1540026921548816,0.1992044662014344,0.0771289830213624,0.11996839351686794,0.07827592851850185,0.1339722854166524,0.12300921458555103,0.07894621362734555,0.16758965641818668,0.09491300978414707,0.17187642390280466,0.08567783692376274,0.1656916892211734,0.12224571508811444,0.116730816173093,0.15371675901082416,0.055092514545704296,0.11996910555813844,0.11831109878409596,0.13741121182925342,0.28032112628733963,0.09172496604757108,0.12363009803128555,0.22462819729921701,0.0962056493103548,0.18656013866130505,0.4656359289037536,0.4516910720623435,0.2530264068666158,0.473558693249966,0.3673316165340821,0.4415878528215609,0.684094999891794,0.6754853532646647,0.3465641556148453,0.5,0.39780197907683434,0.4486555693288726,0.4414883520943673,0.35001388225798424,0.4135990521049615,0.4252896261307566,0.344709654258865,0.411220592069231,0.5766181300550736,0.3452199202345686,0.54951748852006,0.4319613319151593,0.23817720210488036,0.8750556127425687,0.6103922214503382,0.6868060395590204,0.5524450211405789,0.3366396341616459,0.3786340525097719,0.34321978062534886,0.4951756529424406,0.4501621699299104,0.6598699059206712,0.4489464863380348,0.42814578304461304,0.4854736794377723,0.6483339007255466,0.44443918464512744,0.3528442046944922,0.4569511056942771,0.41019056849896085,0.40400325877821663,0.2955472181067955,0.6070856420301196,0.5342654086478307,0.38229250747646837,0.33603941591415654,0.5075943748818579,0.3437576378164897,0.47493773630035785,0.15006807108066533,0.10226175170511054,0.11474027659084785,0.140774912448269,0.16756031631480384,0.0690435430280294,0.15748381769374487,0.07453763389728585,0.07694144637756162,0.10475915492800625,0.12221260957004065,0.11907405362300683,0.13947069276822754,0.1628642814376805,0.12124181954228275,0.11153201973915827,0.12144165598602175,0.16300138542631792,0.14223944140986888,0.10420199948535969,0.17225132648977004,0.13538211496308028,0.2077733865594319,0.14901907458694574,0.15213448351292136,0.12012461130079743,0.17606584927272562,0.24129870866787673,0.22417516310004315,0.10259033485100921,0.12200391585467352,0.15644010772122685,0.21976213582328408,0.2946297722151542,0.110926447664495,0.07499616294360345,0.16371769546610526,0.16646770326025195,0.10351130333350522,0.47428015575882143,0.6152960692023838,0.5825543166482154,0.30471818334500167,0.2882484180026481,0.3193009430162046,0.5795860621074529,0.886272969002446,0.30321574687091246,0.6852889305530115,0.6346126002196839,0.07683292914994932,0.18317494302895732,0.180159047166499,0.09593706379660427,0.10200959592373848,0.10361884928350773,0.13759026749344083,0.13001436187781967,0.1445143084325058,0.22594943106309995,0.08491630796999927,0.11367527738607908,0.0976812849563119,0.1416603236277716,0.1057256374095269,0.15915355270059794,0.0986378256852809,0.18206729758482798,0.1316813607665196,0.22262815294120109,0.1440573173883678,0.1360882786411438,0.08917116309984552,0.11724014218010392,0.1266452267351682,0.15848655636273679,0.11663094926911532,0.16595120928196483,0.1339688133552035,0.07731554867673229,0.11443671882306816,0.14514893697970133,0.09134604382462697,0.15392949698479808,0.12313735927921476,0.11286913621918349,0.12587625991104168,0.1466492328553034,0.20534231232809275,0.1347469969755154,0.1071269013309053,0.18051303107297167,0.10163300080674786,0.12012575913383794,0.1520482807237481,0.088347499026874,0.15957425216867616,0.1597587498273464,0.09667233076649218,0.1506471278622623,0.15747406598170277,0.1546777805923184,0.19448025570305194,0.11662620451076955,0.1317735449246633,0.11643381545589293,0.17068750714972525,0.11073900202140918,0.1932648010475272,0.12818582286587654,0.07795739262705526,0.10894641178305564,0.07120894016295676,0.20727986000638587,0.09928754289914632,0.12267738177695253,0.1676047317706354,0.06630039909796237,0.08840250577545106,0.20405628403698672,0.13127249774286565,0.07209628438173155,0.06583413622874446,0.11288036147408698,0.1478445037452204,0.11128939677861338,0.29360704499706125,0.09886255968547797,0.11710559402295861,0.06867302869441394,0.12548628805091,0.09684546293993634,0.16124994125712877,0.20297545141936268,0.32464150851196993,0.10273551004585224,0.0935841637961331,0.12080443000410113,0.08360929943654138,0.13091270444597825,0.11305686113574043,0.14937521204346604,0.13858959095468815,0.09400573849712734,0.12085933798643023,0.11465202004260633,0.1633800603491039,0.16446622261944877,0.11536138901132964,0.08603637850564105,0.24354180434659156,0.2775951278025962,0.2045667218836429,0.3051650506471457,0.11543018578381581,0.13339620402501384,0.22031823752003754,0.2908989279318396,0.1405161309883316,0.19839815968907948,0.15841897916781722,0.26076268477005693,0.20008669918849487,0.2037181617287227,0.0816596895131011,0.25681732471899144,0.21230180619027994,0.19193673880953865,0.2928378869663768,0.27684919307746325,0.31119079033052177,0.23524815740700722,0.18594380337216732,0.12530783627747033,0.2033744600434595,0.17390479300892903,0.13277355261295076,0.3193009430162046,0.26539667559601554,0.3700104651287158,0.25165907954789857,0.2882484180026481,0.3196668780210459,0.14526570948182038,0.5949951164861367,0.6633123163032757,0.34740913288203756,0.4259130607134003,0.7956253475459685,0.33806796802588845,0.278136076696753,0.602840470439605,0.1796709355637739,0.6852889305530115,0.6403320989823487,0.28043638936801185,0.39525784341622205,0.26561196375075125,0.30471818334500167,0.5795860621074529,0.1128590162084756,0.1065301105876798,0.19861975974618828,0.14958097357070332,0.14262287804045148,0.12197566416240202,0.14101981536011066,0.11491032859676686,0.21025771348034084,0.28321208896932437,0.17910493856345422,0.12920102737084438,0.13165903488936082,0.17401855911462216,0.17705878355045424,0.14811994920861604,0.22130037546187054,0.18607805033277725,0.3271681883181129,0.10972948176153896,0.25172398967548026,0.1015942676000815,0.197390683504847,0.07549937385228711,0.15197016708920896,0.2519838545203247,0.38226290797366425,0.22251793054687252,0.18881241162944662,0.26467938710057204,0.10970896188893364,0.16504492566006657,0.16029655183193292,0.20374768507184404,0.12620347369862983,0.21541200415449047,0.38880103771248,0.125693606657302,0.12509265208635345,0.5380122698783902,0.40822210455977337,0.3117021000448609,0.14706048993240073,0.1418480096829733,0.20207265373318561,0.22866703885173378,0.09392155980452832,0.15055769554745368,0.08436235340884579,0.329735784142863,0.3168113587269785,0.3961024782778594,0.24494722842223715,0.3239892375821086,0.24594796070926928,0.238786836786671,0.32706695510544226,0.20542574722845186,0.28352667022079403,0.3011903457796491,0.20878746996411124,0.3194346901758557,0.3449417605551247,0.17925855540241709,0.14466584568476626,0.3001652739934839,0.2923658257006898,0.33716239352596244,0.2685034896261096,0.31926490773051364,0.36336663326681506,0.30540208656234913,0.2863944503984387,0.1715312049675899,0.23092716800285107,0.16832852500086493,0.19129580294176074,0.2704488668558215,0.30870783531173474,0.240030263435709,0.22845521560803606,0.2257379567500134,0.27546717776608554,0.40007479084367137,0.4095570022460169,0.2632372012968094,0.23715504168392865,0.2719703000967606,0.22939241392107834,0.3389593015132176,0.3586836135336202,0.2483912132764764,0.4234258979271369,0.20728325463423292,0.34298010485101826,0.220018510393444,0.28897993636124164,0.37601869659472786,0.24338057290262238,0.2880145538055332,0.45962302698813606,0.3876952486910522,0.3533016646367899,0.46823714051691956,0.42059853573405925,0.5329316053787796,0.45820446880517496,0.4766218111398829,0.4751579761010065,0.30754359626797145,0.6076374252791747,0.43955748024362273,0.5469910248592105,0.7616576312276402,0.5832768581626775,0.5566735075380413,0.4530784597362756,0.567705182237144,0.692849603580552,0.4971475622814985,0.4803332646583941,0.43803372516333505,0.38879263618380466,0.35686229849020046,0.33226219115659106,0.3737450970273929,0.35996706088477537,0.49227144938365164,0.3255662198857392,0.6332869428346608,0.2704611105445327,0.8068002664584677,0.4467257601735444,0.5663273536929683,0.5026905674767809,0.47974838927217345,0.23361445526501434,0.30321574687091246,0.6403320989823487,0.542789137194406,0.886272969002446,0.7602622404011857,0.3647654115693659,0.41817270165942977,0.26539667559601554,0.5672497191350648,0.689067881713408,0.41367932947047903,0.3524960979478652,0.4259130607134003
53,0.19723723242901947,0.17033572054929935,0.18495318602797772,0.19532984131287745,0.13686775439798593,0.4241891343101132,0.11937976805343387,0.16638410334751452,0.21336488132294762,0.12111476256722231,0.5149255209858988,0.1264381159921517,0.2923302628766625,0.210780801004828,0.15128061088791256,0.18312357374123778,0.19814044128762398,0.130773710606646,0.2795915033660933,0.30075593703513126,0.26572339771273934,0.11415285525216334,0.12607435276278567,0.1326903043593619,0.2096845620119394,0.5450313221836097,0.21266749640571658,0.13144800948100543,0.14736565359478893,0.11566597498649966,0.6570104175856384,0.2869226464005309,0.17624754591120584,0.13441410393896192,0.257824611323729,0.326960597175608,0.3007774876911562,0.25319279367902536,0.08878295452514917,0.2056378403908906,0.2616240413874986,0.11233817221067166,0.42804613166068817,0.27990024248957157,0.8855951957887674,0.4843413654225158,0.3826025509553713,0.46617909211535,0.592400530208846,0.403954181573861,0.21133713335434556,0.16480576528118507,0.0756293562038558,0.0760201443094185,0.0807711732208155,0.1278534816734318,0.17619250646463003,0.20433485618439973,0.12634477654044196,0.12622523888636739,0.13433565898262578,0.1283555999428242,0.10471224267376555,0.10832195057148986,0.09177795561263724,0.13590413340300322,0.08237559081509194,0.09353725144437386,0.1064469491127481,0.08880827170770866,0.11170872490663097,0.12866732382043577,0.16603659495067313,0.09175406293716015,0.151402220612738,0.1969401037783367,0.07658587830286612,0.11873363066223097,0.07691695534027143,0.13216966948837805,0.121193578666558,0.07801917171606931,0.1647018564082301,0.09334895958407063,0.1710750623245466,0.08499002070633876,0.1631826631296065,0.12083448156248666,0.11399544574235454,0.15210521333685867,0.05482430278487016,0.11881930742613578,0.11773225790035691,0.1366625381184018,0.27644746205886006,0.09050145414233846,0.12280674219310717,0.22441763945396342,0.09433175031989427,0.18577161525610852,0.46568281483581697,0.4517382383879792,0.2529609046123942,0.4712418277377055,0.36791439123536274,0.44172396073179876,0.6838745600352768,0.6751575173979094,0.34589775220426466,0.5,0.39707084605821685,0.44717218276373794,0.44111075802045585,0.34961409304206725,0.4134459223583602,0.42580148101715554,0.3445320336270986,0.41150897841312495,0.576905655682098,0.34558339321726517,0.5501251728180061,0.43181445420778997,0.2380416938425558,0.8744964592033824,0.6100880423228059,0.6876165965432803,0.5529799339240404,0.3367126664678438,0.3781864035364475,0.3435395619395165,0.49460040458784027,0.448841961315646,0.6600031981296799,0.4491756682174648,0.4287355270746285,0.4857939164240167,0.6468640238697689,0.443883558578114,0.3523643259450445,0.4571684988044923,0.40995000995958575,0.40430168942135847,0.29535770100457037,0.6064853940706886,0.533925922279884,0.3827254777934409,0.3363298241098619,0.5063202471877412,0.3443604754208135,0.47561490524549943,0.14664853987558724,0.0991470745490104,0.11091315720924266,0.13456730926996685,0.16338214029545417,0.06782273855004017,0.15139324699404388,0.07057193700999032,0.07550529445732901,0.10007594740652626,0.11869096322583395,0.11633865043294978,0.13562120331985084,0.15100842210458498,0.11847364110149972,0.10871398401676069,0.11754646473562069,0.15682164195583936,0.1376910624856137,0.10222326050919572,0.16939413831627348,0.1306024250136295,0.2028345981166505,0.14409884261233974,0.14558986077438263,0.11664012474763696,0.16682518433153537,0.2375854090144931,0.2170576367072945,0.09905237282962209,0.11899538449181779,0.15343199288387044,0.20673837862692646,0.29054756837785267,0.10711245572808858,0.073562241407788,0.1611926439859177,0.15864247993907732,0.10044813190263069,0.471250927484684,0.6094216305984541,0.5524443129501995,0.2917651305155483,0.27382269037009455,0.3049905123992658,0.5743725690385393,0.8855951957887674,0.2773135240085619,0.6737746340663615,0.630711871063274,0.07402563087637992,0.1741479670429965,0.17680058333772974,0.09397332211649412,0.10002626199449638,0.1000105218220082,0.1313183620184304,0.12545773290474083,0.13725614269540687,0.22193345016407684,0.0839693082980224,0.10649514089989787,0.09100722671764883,0.13563042054980035,0.10414438521139657,0.15726088180492004,0.09223745762027946,0.17345930300372792,0.1264134666326412,0.2185854242364459,0.13730274674936016,0.13012094631971904,0.08239450251976355,0.10955184471447454,0.12096987029054862,0.1512911946264368,0.11170809797807468,0.1599490467715997,0.13234601143046787,0.07491665088819321,0.11148878649615312,0.13850913012459698,0.08916536741340686,0.14678178257232355,0.11911955273084862,0.11052106070755785,0.11654007751314865,0.13926620078364138,0.20124639293623459,0.1317737267947583,0.10309728151736075,0.17247975091889822,0.0991996954071589,0.11253174504856867,0.1459137467843481,0.08591659874597768,0.1561026922639821,0.15630811661028254,0.09023945755761609,0.14722339133902274,0.15660853045566236,0.15215686264167205,0.19322207555207382,0.11505171489668142,0.13066985535422093,0.11578606018204796,0.16926946449404479,0.11047988445798473,0.19148149082297106,0.12790794534290328,0.07745938248634987,0.10599661476237221,0.06974841854437164,0.20630481334284956,0.09869031551090401,0.1223684351921901,0.16405382629371656,0.06593736088753421,0.08784331747755114,0.20142192757273458,0.1308554541795236,0.07150586124215585,0.06551179201728274,0.11218611960149638,0.14541644381074736,0.10965981624977417,0.29292901937040494,0.09776269272581484,0.11681045161530068,0.06761179155296171,0.12484887545611367,0.09480994298573975,0.1596140606879216,0.20190395845946885,0.3214224316839276,0.10138342972147485,0.09285216892072812,0.11915704761513457,0.08185476719126339,0.13033749358735003,0.1127362986933641,0.14839838718954923,0.13796487517658274,0.09131993127656779,0.12007108919232123,0.1122377057776468,0.16189828241011706,0.16410060361663958,0.11249054438671047,0.08554474013026281,0.24342096907494026,0.2766297317528158,0.20420920220889172,0.30396603660509514,0.11485510268905874,0.13304925962567138,0.22006917351514266,0.29030896895353386,0.140484564310017,0.1978994956972734,0.15708262764301928,0.25890062336035335,0.19959489805536135,0.20191087916432193,0.08132246331757886,0.25646647534164246,0.2123134566111925,0.19112016436641976,0.29197247541620686,0.27541439094602294,0.30906470620493065,0.2343765392942816,0.18585701753224804,0.12429903955625943,0.20264386309425853,0.1720884745338057,0.13218928417119213,0.3049905123992658,0.24758723194668386,0.3553018381528107,0.2374206582893006,0.27382269037009455,0.3073071090027706,0.13507432841888,0.5931553407119321,0.6509498545562716,0.3414399898428556,0.4096010657420982,0.7926556605537018,0.33852336124698634,0.2602054591152626,0.5913623438429576,0.16681825154371688,0.6737746340663615,0.6410375008622663,0.2794817354970075,0.3876403463171554,0.25288860331151886,0.2917651305155483,0.5743725690385393,0.10704619273698524,0.10325686160173042,0.18989840712704087,0.13870062765075264,0.13392580822105982,0.11583625821289512,0.13480269857904126,0.10695663864090932,0.19993981484984047,0.27265727492041947,0.1688106916133968,0.12294600170503334,0.12631717389809993,0.16393574191565696,0.16793093684129456,0.14124263763065747,0.2105279387630623,0.175715010734386,0.3114693381409377,0.1047553468546043,0.23361191905545908,0.09559418270459108,0.18764730980675037,0.07173966801654752,0.14641657988096402,0.2428388299358477,0.3669751299817231,0.21196636332140673,0.17212078676369635,0.2459342573936707,0.10562681878359859,0.1589099352176846,0.15019019670001,0.18953238243836146,0.12066102484112173,0.20263696394944408,0.36471502306111336,0.1165298410797504,0.12250721557540278,0.5226752545670152,0.38629504156630656,0.28853773980172925,0.1389545278573442,0.1313156170926607,0.19370755683492635,0.2178513024865969,0.08952492461186368,0.14203567941523276,0.08145651136856513,0.3123823795219909,0.31555786805970176,0.3944183758117904,0.240818377589467,0.3234404477249868,0.24449047480945274,0.23660427441615928,0.3256099893050184,0.20463568397144394,0.28291966845667704,0.2992603809404407,0.20827765711257462,0.31960986859440954,0.3438476862913392,0.1774718756275333,0.14385026674317447,0.29962065411031946,0.2884754552033867,0.3366503681922618,0.26812854969949396,0.31846340198603407,0.3615105620059845,0.3049757961407048,0.2862647166597294,0.16999428332622113,0.2294500946707213,0.16767387736197947,0.18883949515844534,0.2689711157958813,0.30878844337300704,0.23883264730164155,0.22738144262400883,0.22312166492039087,0.2747070692323901,0.39752286172771445,0.40841450294343074,0.26246824464832563,0.2364279843889976,0.2709220392115038,0.22923571145582755,0.3383929890022891,0.3572996991763001,0.24506869841260248,0.42067583011856924,0.2058006828745258,0.3425949151535732,0.21864827753300597,0.28623249437412457,0.3755797775064047,0.24175028578726787,0.2877989738518433,0.4604899899937719,0.3884142081028641,0.35382622788903795,0.4685972030133849,0.41939035157435456,0.533530453223505,0.45902322439587817,0.4773365134100721,0.4747191882550069,0.3075254250045584,0.608257065974399,0.43965166415186385,0.5477821777033445,0.7619587951972978,0.5840294555865906,0.5523053474059729,0.4529549740414647,0.56528801228409,0.6925888358588042,0.4977072431383637,0.4801848995761707,0.43881587292856394,0.38944651995662305,0.35601013617801924,0.3323822512929071,0.3739263228235883,0.35981896064330066,0.4927295627617354,0.325352010974441,0.6338669751127697,0.27023823129286106,0.8069047217289218,0.445927785148577,0.5668831753006309,0.5028371214803591,0.4801847503894834,0.2143050527040674,0.2773135240085619,0.6410375008622663,0.541577446052548,0.8855951957887674,0.7508276521206729,0.3539133564221053,0.41124929447831815,0.24758723194668386,0.5670744551642741,0.6847380512472168,0.4026972810192434,0.34272875939968317,0.4096010657420982
54,0.18603757929727716,0.16367909159640592,0.17844023291762867,0.18570363627085262,0.13176211034409313,0.41183163949468715,0.11620748321046237,0.1582746261551473,0.20685055105686212,0.11415421563842276,0.5022859934264121,0.12180712953585926,0.28025558703491016,0.20332784401939452,0.14476930012910016,0.17727636883263553,0.19139946477064285,0.12618724750144772,0.2673837899354382,0.2897204973402424,0.25575139402557723,0.10786242658355405,0.11950566390266504,0.12440622030732629,0.20078505522617385,0.5338283295379926,0.2053389093062158,0.12468214706152236,0.1422124359583814,0.10864105566118165,0.6411411374850469,0.2808720125925227,0.17032840713449815,0.12542793730476465,0.24451064656686017,0.31556733291576355,0.28138686130261015,0.23325530964180174,0.08654789587047718,0.1958875887632633,0.24694577308353505,0.1069665459824436,0.41011646262449775,0.2722304539569119,0.8837922331326542,0.4817477088622578,0.3698509691773474,0.4656971447997732,0.5786626875616132,0.3903277219208414,0.21028988129589532,0.1625056850747736,0.07309185338279456,0.075103861726175,0.07781486368345014,0.12590236409093358,0.17547713402591625,0.20054319844640167,0.1248912140967866,0.12553301186665367,0.13322104603274287,0.1268776023069872,0.10262661335831891,0.106879091635258,0.09005835282528252,0.1334516008116824,0.0804684412091683,0.09133403219514802,0.10322742000459906,0.08632089526810349,0.1090758029998975,0.12632076587827812,0.16541036456959646,0.0901000657319111,0.14662677071515096,0.19247724054546367,0.07555328122726512,0.11641890474157046,0.07342546250089987,0.12990158671510466,0.11815851704057556,0.07671337199144124,0.16062887095662393,0.0914385612085904,0.16941229850082407,0.08378579311782708,0.15764557130731316,0.11497752957247243,0.11107106834485214,0.14897455407289173,0.05364459313141012,0.11750514764460318,0.11543901629429953,0.13473011449420613,0.26892706420382184,0.089091073163719,0.12110169002937043,0.22377050219638783,0.09145616732573614,0.18416947793125515,0.46458644392365855,0.4513994954885475,0.25038644745899075,0.4641253071449396,0.3679244280423797,0.4405843130365076,0.6815952081700185,0.6732098885626034,0.3430688893250321,0.5,0.394055523330485,0.4451292277623289,0.4342055116213669,0.34662058016690833,0.4105430823776832,0.4241863343205593,0.343175171735816,0.41179940727769104,0.5764289227940155,0.3452954504405895,0.5499693820695564,0.4302388863188531,0.23633079388791878,0.8724097801063506,0.6090825147876051,0.6883351395890722,0.5509448754480489,0.3353426028136176,0.3768979989216549,0.3430054334521069,0.4934196028942265,0.44573632863512924,0.6586638567985992,0.44850657102893954,0.4276864654192991,0.48350711841632443,0.6457664688181479,0.4388206396266727,0.352473832928602,0.4566269189263287,0.40433088798093186,0.40324010300105584,0.2941619696852189,0.6059393826381506,0.5333017044105883,0.3809967083944842,0.335170865421754,0.5026182518592508,0.344272417883263,0.476496476726039,0.1412570987386803,0.09563871092689702,0.10728842181198772,0.12967874459848105,0.1583615224773408,0.06470506693986433,0.1492165705084162,0.0682506929192832,0.07415064130659965,0.09549971908122512,0.11289693770105358,0.1138748074236906,0.13056836415343887,0.14441721044157563,0.11318001922665677,0.10289146109068592,0.11293853475955373,0.15147522996014695,0.1323895596570298,0.09725013496855262,0.16229463127875465,0.1256348402795031,0.19489950253245047,0.14116991186168593,0.13835112630509716,0.11302945954162291,0.15416929163329995,0.23108331270388283,0.20797847117959534,0.09613251077749407,0.11357882975760725,0.14874534565191921,0.19744191089590601,0.28651251593352167,0.10035540497589213,0.07131791726242387,0.15723883602624178,0.15022760334143892,0.09622139733786528,0.467672018102409,0.5891194805507176,0.5417250696183353,0.27173439516431064,0.25502009064615727,0.2830930854510859,0.5669424848587139,0.8837922331326542,0.26450744628114875,0.6599525601348659,0.6236588931030899,0.06997481535233419,0.1637112112074437,0.16479220601620548,0.0917948820220642,0.09681460756191762,0.09492586018669402,0.1263587865378374,0.12172717364739649,0.12831965816073965,0.21272272267769554,0.08162101464256843,0.10168610374840514,0.08618888943585368,0.12718851725031144,0.09859316976293486,0.15164393259140563,0.08797694108550924,0.1656331347778326,0.1229692039343121,0.2084101954665547,0.13262633954413128,0.1248245056105749,0.0776644501485404,0.103185099848359,0.11380869772197677,0.14459570121519627,0.10280407245831058,0.14948354576791967,0.12324911669581118,0.07195317986727945,0.10668361797763892,0.13179707278352748,0.08612048871699951,0.14057680430768094,0.11380833444241223,0.10664020810266261,0.11301801097549624,0.13545632505867022,0.19607753785456727,0.1235435610300919,0.09478514548403394,0.16352794478400434,0.09202824383719233,0.10351360205781412,0.14219167148746326,0.08220416280426379,0.14790271304951497,0.15084730032409155,0.08629792725576046,0.1428539583597387,0.15491765590938178,0.15037483682981134,0.1915870317141345,0.1105407407754957,0.12899240056451355,0.1144277377828099,0.1674099881895159,0.1093628535875012,0.1896457826819179,0.12640420617673087,0.0766363245077819,0.10471539283716691,0.0690059911780696,0.20434292032740264,0.0976473204063939,0.1208574799761214,0.16294994570554722,0.0648537820364441,0.08639123016542427,0.19942216838659588,0.1297168812735371,0.07022689496746559,0.06474195322830001,0.11077964216568514,0.141588261702571,0.10724937791683853,0.29295997838923193,0.09638291265357468,0.11666131723095774,0.06556207574400064,0.12252210243387396,0.093452481003783,0.1580958956396067,0.20103336813558637,0.31831576710781406,0.10016092002367927,0.09156104883137173,0.11829460776342815,0.07979703769201829,0.12797419446502012,0.11151452152622654,0.14774830907835046,0.1358790808425745,0.08964261682767116,0.11845360567130725,0.10981642432855354,0.15982212705377863,0.1623868614440377,0.11022759766789159,0.08422411070243885,0.24047655154042225,0.27064241189122984,0.20142701854827405,0.3010552288505105,0.11388777213464463,0.13122192424033807,0.21740334099946368,0.2858046097769156,0.13846189233909323,0.19639107345990214,0.15538237324692006,0.2565435281365942,0.19766996176579277,0.19749042304707398,0.08050417577040381,0.2539648599442341,0.2100078802647618,0.18811302070043012,0.28870326666029444,0.27112939258567725,0.3044254674662119,0.23168983069502336,0.1839563366711927,0.12190335967560717,0.2011997080150586,0.1676856074025338,0.13012130632059304,0.2830930854510859,0.23375115629512322,0.3312232009222271,0.22817997360395825,0.25502009064615727,0.27184820145113375,0.1207942348981842,0.5887323289958881,0.6348390120380296,0.3264196046158415,0.39263321964973497,0.7857332642724447,0.33874871001853735,0.24022753473230962,0.5765324475092357,0.15560990793085994,0.6599525601348659,0.6413252053395563,0.27583086413810465,0.3655285030318035,0.23658687498962272,0.27173439516431064,0.5669424848587139,0.09893495039521649,0.09723933767629822,0.17686158446734046,0.12909057702674187,0.12334819250767026,0.1084903589809374,0.12182678602609909,0.09927080916950137,0.1870539905360572,0.24837845528230673,0.1588197029365116,0.11611009861931043,0.11853469902327396,0.1508401228160472,0.16054056342304635,0.12958825186133982,0.20350988722381858,0.16364447611970767,0.2936773243372751,0.09683639502032393,0.2162174599931963,0.08843468002792587,0.17561154192806716,0.06628712782778379,0.13695604519812765,0.22943869127665828,0.33270987177647837,0.20063708386421786,0.15694056852510385,0.22702142886904386,0.10086652824649689,0.14749709743743733,0.14208173210068775,0.1798174664514509,0.11311371759403832,0.18319694392473207,0.34086225626303746,0.10797382332843408,0.11517670512222633,0.5084747836533292,0.3673076675842478,0.27201575937297673,0.12938310444406087,0.12231058745723478,0.16356903667925937,0.19761615851009107,0.08355018477376297,0.13410830139728058,0.0740683249095545,0.2828215414758667,0.31011924542590774,0.39239822475054953,0.23689474386748754,0.32217583689433793,0.24214004238208597,0.23506109193248703,0.3249499836381248,0.2036947367124442,0.2811841447105101,0.29613317526803173,0.207342723384783,0.3201490944039581,0.34268835797054653,0.1756931891285951,0.14307762929321755,0.2986329506314038,0.28456417982870863,0.3342550634432032,0.2665788846028002,0.317292918837882,0.3561274063585572,0.30518886961537717,0.28517264025027433,0.1669577256097612,0.2271682295301768,0.1664052276323773,0.18637342221672193,0.26695038728141496,0.30852554131271215,0.23530190628030356,0.22594003689325914,0.22197839927182283,0.27384467987757066,0.392813147441862,0.4066508582389671,0.25826215763879856,0.23506201495838308,0.26780627160837533,0.2281080992063237,0.3362751540554637,0.3555813706747124,0.24139125573010778,0.4196385087373985,0.20502813948728038,0.3420613492693514,0.21670422835388514,0.282210385622504,0.373685530677174,0.23886493131150133,0.28832044447713345,0.4611876799851524,0.38876933686295867,0.3526593147198823,0.4692019069111477,0.4143904469198114,0.5312585477826648,0.4599607552046434,0.47807669000017616,0.47150474049064217,0.3076426520522646,0.6085584464818181,0.43923260781814555,0.548064615991072,0.7615261420743842,0.5848791936687832,0.5471075855442118,0.45200555433529843,0.5632365908397855,0.6926311089688792,0.49860437705535376,0.47847257093331585,0.4392069869151253,0.39002060900993174,0.35321722504833475,0.33176466341398225,0.3730786679713577,0.358082217576034,0.4934410953780295,0.32507338346917025,0.6340403409737483,0.27035448093038994,0.804525374632012,0.4443721057883584,0.5678967996441502,0.5020991175275749,0.48006317698334433,0.20299286141938266,0.26450744628114875,0.6413252053395563,0.5392330329114632,0.8837922331326542,0.7396758398427703,0.3290179323982514,0.3967628578696444,0.23375115629512322,0.565895972136931,0.6769701244029183,0.3940158635221179,0.3309075704519989,0.39263321964973497
55,0.1804956446706285,0.16126231019704362,0.17818129537858174,0.18341600112818013,0.1293817894780479,0.4094456876890825,0.11451339405142025,0.15675468106271317,0.20629256838477772,0.11278661623724229,0.499272666160557,0.12116284246952147,0.2715190464077084,0.2015533078212396,0.14428148369515348,0.17702741462970806,0.1896755972436237,0.12326007583175325,0.2600659819009621,0.29092661045999046,0.25440702268160653,0.10447077611315891,0.11558159453621031,0.12150418310744415,0.19390147826497028,0.5334428159095135,0.20428166479861398,0.1225409966709512,0.1406831040733133,0.10670950177538341,0.6358125987842875,0.2818804260999702,0.16906564769590504,0.12325034951949132,0.2436365033923681,0.3118190191852719,0.27832629836244605,0.22939781766826461,0.08524908334094139,0.1936772028598347,0.24737992799688657,0.10288544031151026,0.4093613190582499,0.26969611352232636,0.8849306222499972,0.4847617965019748,0.36308320004208416,0.46959701017048117,0.5751401003309151,0.3874307155669746,0.20796168703820905,0.15973002550074167,0.07076670500916671,0.07388510008277904,0.07408555107911952,0.12257529156160762,0.17486308025470476,0.19239691377940338,0.12314830589510062,0.12444202234800561,0.13135143563436624,0.12167897296884667,0.09730310175289214,0.10419030010821018,0.08695445841154614,0.12882536908417763,0.07779874871976467,0.0900958986648992,0.10201926472573097,0.08428118216013814,0.10665934442944469,0.12324353087004036,0.16379424464941927,0.08936493440505022,0.1406643600660279,0.18808123301297175,0.07349484629678948,0.11224239643178457,0.07064599878264988,0.1271537471472438,0.11559876472533037,0.0741381151448357,0.15864030832824072,0.08810871389505182,0.16812369107451441,0.08255362679833433,0.15094734060178117,0.10711820145355944,0.10916167219631845,0.14840853077669725,0.05205407884642199,0.11671718670824749,0.11309656920648115,0.1310011915925352,0.2640742683320777,0.08718069850940346,0.11829351996024406,0.22299981227663312,0.08679721818419728,0.1834730591011694,0.46816100105772895,0.45443238203509906,0.24980001740943258,0.4612561576677373,0.37079293011224,0.44038350063487797,0.6849277276086322,0.6765978715225869,0.3412944124966253,0.5030592355163017,0.39388364186628766,0.44503486079431365,0.4356052938836694,0.3486338448956744,0.4108281170629198,0.42738176681401807,0.34210608064735337,0.4160080770522213,0.5794362188626176,0.3486625149801925,0.5547724659130684,0.4332384418995231,0.23654528694414012,0.8751894579606849,0.6118395436824787,0.6940563879485759,0.5531868373248503,0.33731530885224714,0.37781953759421494,0.3456706051717524,0.4957393255977316,0.44562984453573595,0.6599743557897886,0.4495268099296854,0.4309231439860477,0.4851655886845002,0.6499276216360047,0.43539123298148363,0.35496793513827885,0.46014315163441066,0.4060209719728579,0.40650194375472704,0.29373739039246205,0.610710556380076,0.5368943204238796,0.3824316304962041,0.3347238364881665,0.5,0.3465826964357934,0.481580802418891,0.13718027529647647,0.09425697657735788,0.10554610238817785,0.1280317966287572,0.1578444572431027,0.06316141121518093,0.14791110853395484,0.06747608554458262,0.0726885734818904,0.09367638490574237,0.10859723180782066,0.10974947986062689,0.12620584316330286,0.14222290015031758,0.10960540040918021,0.1016221481014481,0.11037085329496177,0.14816043352833308,0.1293778903157633,0.09403563366747747,0.1585623573070526,0.1235972975664984,0.19375734695876623,0.1391692032056877,0.13780693301974223,0.10950024672118519,0.149789834651617,0.22733955993893407,0.20479846706186722,0.09506667081166909,0.11198437531623817,0.14705737467730184,0.1956051894264954,0.2842718294831792,0.09646387568019121,0.0686532511265131,0.15391054124017567,0.14782126247625216,0.09391514083690045,0.4688501572138679,0.5811339526552959,0.5345370358890853,0.2618404099857433,0.24927598072838442,0.27411770816751035,0.5630152423992607,0.8849306222499972,0.26237292117292865,0.6569421800567072,0.6266830674556091,0.0668567443956245,0.15888832930967378,0.14014986263363227,0.08822547067600683,0.09303021741704331,0.09242823279217582,0.12203586577842307,0.11929657336669475,0.12230018628986128,0.20213216427956915,0.07754427125941499,0.09822224873869101,0.08162263038860118,0.11915737643694713,0.09295654351515403,0.14534044608802366,0.08565418380729595,0.16041729499623303,0.11969158788160084,0.19574767543943417,0.12707145959295352,0.12112660412936893,0.07510247514203872,0.0981187832003867,0.1091438328215032,0.1392698113956803,0.09984032071297211,0.14748688206212335,0.11338992028842187,0.07003330067923363,0.10080444809009215,0.12899277319232927,0.08442513276759445,0.13401549943138813,0.10932804307483479,0.09902278443866852,0.11163009484218445,0.1304976917700995,0.18874302874317161,0.11760029977098252,0.08553760773584107,0.15948139675536654,0.085656679535841,0.09816324770531559,0.13814953159285526,0.07963283429210588,0.13956825903660675,0.1445382471143074,0.08352895116865378,0.13960778401664953,0.15365311639472834,0.15109434349298312,0.1914772378248346,0.1086006731006276,0.12742231741596177,0.11324613746549017,0.1673006145772481,0.10833742497125398,0.18726965380471006,0.12257515066528168,0.07552179940550119,0.10437015334692279,0.0683748138345679,0.20440376564403617,0.09619914412137898,0.11854161480027614,0.1642818817918017,0.0641969519033131,0.08515066114732317,0.1987531171304473,0.12705881421108378,0.06895429130914965,0.06411997548154347,0.1091669019133944,0.14053182768933592,0.1053598571942247,0.29518078785119495,0.09430055559689854,0.1169917267493722,0.06389450297566468,0.11956464021712276,0.09276840924996155,0.15603444657519971,0.1996884576474134,0.31959450130953293,0.09883954921281723,0.08973994431517707,0.11886516102031985,0.07803690924341178,0.12463027544004734,0.11012886655176479,0.14820963971695678,0.13464468919152806,0.08840812041936175,0.11773977739128971,0.10579675640115849,0.15929959504367697,0.16253519802913308,0.10910808913444525,0.08278696055185775,0.2382373279313621,0.2676984183015977,0.20108676709414153,0.30278267497033096,0.11254823667648706,0.1291566977380264,0.2161165175579003,0.2838588833680441,0.137037019918818,0.19655374583075869,0.1549956617212398,0.2537284652461471,0.19652518310859812,0.19167769657808453,0.07959960750837436,0.2534466578694372,0.21106854014221377,0.1877268588815515,0.288949262920556,0.268611001332383,0.301943593812546,0.2278713701894992,0.18224142988821945,0.11561694641754172,0.20242081190867978,0.16564110608847893,0.12712133670840453,0.27411770816751035,0.2302913520255646,0.3245719448163792,0.22055522580921794,0.24927598072838442,0.2618528705124331,0.11685774069331822,0.5924744888131279,0.611873412863774,0.31907817619611145,0.38813071158828205,0.7838442742498196,0.3428668974942518,0.23440650064500845,0.5772350474683725,0.15128877132949148,0.6569421800567072,0.6475490812597974,0.2757727829579405,0.34998926833216315,0.2294325602524815,0.2618404099857433,0.5630152423992607,0.09561937308856217,0.09357294104475233,0.16887614270789575,0.12568309760293805,0.11821344059579553,0.10310294308488621,0.11313174469425769,0.09744059845025577,0.18327378826919827,0.24036575803504612,0.1574025275182218,0.11393115766942141,0.11371182518465772,0.14615101158935295,0.15616459911029357,0.12410251262212413,0.1982508604429576,0.158703390571305,0.28872626832290793,0.09385723653852995,0.210326545285065,0.0847453114926654,0.1716543796353297,0.06479985971467006,0.13244359293993146,0.2232480750724407,0.32100703107951456,0.19340472110482954,0.15296357955889983,0.22354083623360077,0.09547925060783957,0.13714708588642666,0.14134288741536194,0.17803364694936064,0.10986614989035848,0.17616980623334988,0.3385245726189777,0.10586257575479685,0.10958059566607303,0.5040734664479516,0.3614013260682237,0.2682940494749516,0.1224548802243619,0.11986630965992429,0.1559610005862343,0.18514038318495096,0.0798400193106813,0.13058531205926183,0.0699562496711581,0.2772292561060966,0.309021557942342,0.3941433580607657,0.23506507357238204,0.3240806391540896,0.2406418867579474,0.23592104569523786,0.32488659850920365,0.20421035868775084,0.2826677212401929,0.2951954970409667,0.2070471893966669,0.3224901943011387,0.3441623743256037,0.17526686412026338,0.14250846432117392,0.29981862503890855,0.28332271016820243,0.33410107694893143,0.2660831893473712,0.31702178171042705,0.35224296556989987,0.30768803709445036,0.28688934210195316,0.1658052033866677,0.2274179111263247,0.16699965548820084,0.1856613623176422,0.26726871603214397,0.3106784086714439,0.23407099564896494,0.22432390552761228,0.2223634588255372,0.2744647969803867,0.39431198935893375,0.40571104624645704,0.2559689914628501,0.23528069943454277,0.2677518950474562,0.22668598184013078,0.3378967811632948,0.35431524882055376,0.24029341352351086,0.42413679305375196,0.20547225146584047,0.34456649591550714,0.21544736633656836,0.2798257727078257,0.3770751669579523,0.23850048466417184,0.2908496952389441,0.466216254297132,0.39334192845216154,0.3520879532095639,0.474714812116685,0.4152032084063447,0.5354606917805206,0.46536526768572883,0.4835991819427138,0.4749527898211582,0.3106345821828439,0.6136599054583025,0.44205961973201446,0.5529430919722207,0.7673311506240401,0.5882703427250304,0.5482020765668316,0.45539228185979397,0.5679059852953412,0.6984749150053192,0.5039086940757651,0.4817386716035291,0.44241125673665416,0.39468236426318326,0.35436097473171946,0.3348189781184391,0.37546461434644607,0.35995305592899085,0.49868478795637894,0.328557348871516,0.6398081409145053,0.2728532587858197,0.809209956929478,0.4478218442751112,0.5733755621761556,0.5053714144168803,0.4843579099399832,0.2029908028823525,0.26237292117292865,0.6475490812597974,0.5434408948707636,0.8849306222499972,0.7388530005103009,0.32219725928716947,0.3937218238027329,0.2302913520255646,0.5689773144362249,0.6782789969476095,0.3934201087352851,0.3224545610913241,0.38813071158828205
56,0.183446106077517,0.1645280957488222,0.18168254872357004,0.18611087709924556,0.13160724985186967,0.41641376393160034,0.11653787931464021,0.15900359694945287,0.21033601513541378,0.11464099990683463,0.5054937814369421,0.12301857186631271,0.2752753091741983,0.2035229881261852,0.14666169502391746,0.18015937905061308,0.1928516269049011,0.12529153913278113,0.2647067773916645,0.29648829480670835,0.2592252339540265,0.10574586708470335,0.11755766849568694,0.1241197198734989,0.19660258124054708,0.5403585355207258,0.20720315110277598,0.1246812021518584,0.1434150389397384,0.10870472216142013,0.6449815029645191,0.28710625456718486,0.1716648159900982,0.12548843912693997,0.24807052953637132,0.31751013429587605,0.28298493834355243,0.23389601257392179,0.08616304332821734,0.19543899538679455,0.25204917067415367,0.10447314163891308,0.41647894083833703,0.2740834483514831,0.8867757537241169,0.48434665709877067,0.3641672308964764,0.4638598224499426,0.5806972877687235,0.38300313913224104,0.2033300927528291,0.15362588345558625,0.06727946452934697,0.07111548898513032,0.07289574045780811,0.11817224755689792,0.17481756463276943,0.1861306594108988,0.11759763450617,0.11899781919155006,0.1301073957969846,0.12093295754425137,0.09056650464072125,0.10162445643843965,0.08439260590995501,0.1272203282518658,0.07558338710165102,0.0846894317999789,0.10120872978677586,0.08375070149573549,0.10530356805717167,0.11931543185501059,0.15638126134080355,0.08755312663175407,0.140750914294695,0.18635332987014153,0.07117731940225025,0.10893651271957894,0.06906456517562554,0.12380918855052703,0.11432185430044461,0.07294160327612009,0.15727355043893,0.08625353354343335,0.16024527390099086,0.08183607659370906,0.14514131502129046,0.10513289753238486,0.10565596325032522,0.14478527098176464,0.04973647369999956,0.11496252769668724,0.1103757700656014,0.12862877214161406,0.2630668018201793,0.08575045012153437,0.11366950320245739,0.2232092641852127,0.08578009193215952,0.18155552489446436,0.4670679078154649,0.45431622750888123,0.24562748211246865,0.4571927059284232,0.3708970060107126,0.4355421945046095,0.6887931951381644,0.6774706735836318,0.3373629846489842,0.5,0.38342760211392835,0.442800840443331,0.4350956354421651,0.3463856951831511,0.40579057205064095,0.42476214105460686,0.3291334419125709,0.40227048259856946,0.5787083362039432,0.3433219340465058,0.556974818973585,0.433263915585969,0.23005023936634528,0.8770260646351522,0.6122106185274188,0.6985817293107681,0.5533918954177871,0.3327915208511846,0.3723582994157518,0.3356363279173382,0.48987361244359773,0.4453713528984903,0.655769919889186,0.4392366752940239,0.43083471898912873,0.4788256304354309,0.6482987516742933,0.43547806990732185,0.3459309299143162,0.4600298915777207,0.4051459869409251,0.40344124778835166,0.2861242246960233,0.6165605543328019,0.5323716265194726,0.3772874182538416,0.3306962708985063,0.4982001673104677,0.34243647963421797,0.4841404144332202,0.13566218681645448,0.09454908225513192,0.10419446307059976,0.1291017292047082,0.15815342877445382,0.06185787041322677,0.1483720345966335,0.06841745213138117,0.07224503713662211,0.09381584323252845,0.10718047603895242,0.10962433922988324,0.12596467248256582,0.14417258257225263,0.10844938717058406,0.10040906911993663,0.10893939672636777,0.14955774420165813,0.12840835056590572,0.09449158145491832,0.15873882880301626,0.12589517070897538,0.1898218771279162,0.14008138504340883,0.1390451530196284,0.10998329046602562,0.15076989484500147,0.22370960589759892,0.2039509556968665,0.09550986134209227,0.11105827592508677,0.14732043594205746,0.1967043848857587,0.2872188891892188,0.09778617834002445,0.06831362253078843,0.15214730884604055,0.14964854644694314,0.09435356429962538,0.4668189448201553,0.5816549680773642,0.5409891363290634,0.2641826668549446,0.2531622214616064,0.2780651424552819,0.5620893401731797,0.8867757537241169,0.26409543573277383,0.6560859441191962,0.6233634727989875,0.0663083154151416,0.15828168970677403,0.1396032002981621,0.08445044765334886,0.08746722456887934,0.09316490657292176,0.1231207294319896,0.11749167548566541,0.12289502860284485,0.2009187476298574,0.07615602970263535,0.0989076367215993,0.08202559344138871,0.11993612184179836,0.09172462158750994,0.14259213514174962,0.0857616337654955,0.16173488452285656,0.12038922471922042,0.1934852563528301,0.12477921264080916,0.11915562829323967,0.07475273641687652,0.09858607979136935,0.10907378770687726,0.1396360531830284,0.09967539677462689,0.14767715401359183,0.10987218714137326,0.06875300288382258,0.10091569910980047,0.12815236033183408,0.08286854170530222,0.13547605992145662,0.10703150985778664,0.09769448566780603,0.11251472362281578,0.13091423151260007,0.1879078053399631,0.11632677734173746,0.08527323998871283,0.1615196831379605,0.08537351321845021,0.09896285034443808,0.13670002135841108,0.07978493568834577,0.1387627780503634,0.14302684054203085,0.08367160942564966,0.13764045021403448,0.14765308451847337,0.14870897753132128,0.18289173926584812,0.10549435070170277,0.12389983693133377,0.10861702717123112,0.164593247082515,0.10692169942072216,0.18576211070524784,0.11863987254902031,0.07405096140093959,0.10359688469033923,0.06487670797695544,0.19161917669712103,0.09209966682554949,0.1142537897936422,0.1586143169273767,0.062216473003463446,0.08260655915106785,0.19197257022447323,0.11644909341554444,0.06387638027510811,0.0625644122476694,0.10400004336202384,0.13380244809138142,0.10287669083256823,0.291949385913029,0.092063509226612,0.11211578600253624,0.06209256638036842,0.11591420828063992,0.08932402832055164,0.14715420545404478,0.19669040988915132,0.31439566334011615,0.09703339696053825,0.08504851841250827,0.11789659032300781,0.07629556540830051,0.12274339216548324,0.10555946654863879,0.13953904620274082,0.1326725583832703,0.0858639608505194,0.1131940121780507,0.10362062192283106,0.15555362427807484,0.15366385172245967,0.10573620125097805,0.08140986788780114,0.23358748813994357,0.26355998917694057,0.19495601286636244,0.30235161191690674,0.10798073757138704,0.12270780545777638,0.2112165197187087,0.2808762108997458,0.1332700895099913,0.18908100790181848,0.14933548688260367,0.2500823543223961,0.1905412409935,0.18790208020070864,0.06792061881276201,0.24912668767207913,0.19806951467176825,0.18428131945929782,0.2881758874372834,0.26303113026552927,0.2960786987064058,0.2238975824853413,0.17756484249710403,0.10645709045806218,0.1975489657830124,0.16203127871643386,0.11985048200079806,0.2780651424552819,0.23259939757367498,0.3300353597022013,0.22414111347931698,0.2531622214616064,0.26494209728275164,0.11895521204010828,0.5931028470074213,0.6118638596745725,0.31929112348967637,0.3889964861881907,0.7873055567251859,0.3430467911647793,0.23865787575056308,0.5772074965247129,0.15353614920017145,0.6560859441191962,0.648414629718781,0.26895126200378994,0.3507804445560194,0.2333699878891512,0.2641826668549446,0.5620893401731797,0.09705617008484513,0.09455922169067121,0.17047237954599093,0.127335175100606,0.11981955659068177,0.1039425026072387,0.1142622139505689,0.09902975288407101,0.18624769799182384,0.24378631715403087,0.16055803667934854,0.1143824672291609,0.1149517375375575,0.14903594754477834,0.1592250766564971,0.12438695568418934,0.20067543779782038,0.16081135191568907,0.2917885094660594,0.09559592478504975,0.2144997170853311,0.0861787049997943,0.1732873681728977,0.0658632651151847,0.1335497268473449,0.22592411288800407,0.32579399009063037,0.19433352458201547,0.15597099013326987,0.2278040655179826,0.09711182533092466,0.13922674843914518,0.14209420643774673,0.18160527438212137,0.11179772389960185,0.17924244792541388,0.3445480194456163,0.10680212586168725,0.1113379632427477,0.511719225885453,0.3680189419164567,0.27363775556627257,0.12393530157081112,0.12186231033339501,0.15743636827499974,0.1850277172089343,0.08083200270285729,0.13305473525111333,0.07073851035481138,0.28265799559508065,0.3072892114894834,0.3860233310528579,0.23229480463592744,0.3210807507946075,0.2363331612265701,0.23212926985199833,0.3121487042432137,0.19592615891791765,0.26931733371296585,0.2937409734174904,0.1982569648141721,0.3130127997685622,0.3387979503264964,0.1679436977134584,0.13429584357088664,0.29671573589306854,0.27962518705961614,0.32896307850058215,0.26164303916186815,0.30891814598948697,0.35013987800757473,0.30313689710900893,0.2765910916809877,0.16370587226648725,0.22243597731309173,0.16108725315222483,0.18078018654867767,0.2637348547672568,0.3004995145655166,0.22618041892642016,0.2159033572656397,0.2141437991598626,0.26729169079629833,0.3895371339415731,0.4017490825902422,0.2502082190383139,0.22278320981830335,0.2603185887187843,0.21897843897175895,0.33428994568679615,0.3486648253498401,0.23614551783082105,0.41720024258891386,0.19973245468810874,0.3410763694287342,0.2087328302347019,0.2746645017292575,0.3713544232313085,0.23446013884778083,0.2822013766099386,0.4681620177491741,0.3948155500783098,0.33909320843409607,0.4674578002407499,0.4130788390868477,0.5369314145521695,0.46556106335271075,0.48627355370033787,0.47318304383988974,0.307232013977337,0.616424600652977,0.4436722255561806,0.5523918104125245,0.7725921229312169,0.5856342042316245,0.5505026335619407,0.45513836976285926,0.5699013768567707,0.7032043974432399,0.5051630533247439,0.48221032975556255,0.4369307177190249,0.3939864869629103,0.3540048668714745,0.32798717090765805,0.37192259073917855,0.3603983868549041,0.4958994837316356,0.3231006340443907,0.6396604252157165,0.2672200967626849,0.8122671702889428,0.4423057301058829,0.5750512041650189,0.5042993340372443,0.48299117150709503,0.20593342814444704,0.26409543573277383,0.648414629718781,0.5414718024768446,0.8867757537241169,0.7420753743836022,0.32230515332213294,0.3919068461115567,0.23259939757367498,0.5697820121403684,0.6804862922344612,0.3891270114407751,0.3228357223592372,0.3889964861881907
57,0.19949665865134014,0.1792482603477611,0.1977169004102488,0.20244091171304557,0.14351461829242895,0.4466536977263952,0.12727952956868638,0.17318416236842338,0.2285974456626818,0.12518657798231214,0.5387585192643398,0.13430075427618438,0.2978097069468837,0.22097631477305624,0.15983368784400453,0.19605190617304757,0.20961712193608706,0.13679730286568492,0.28657453434186797,0.32032397164860926,0.28085865382522046,0.11543008094266383,0.12832868546063714,0.1355199540950207,0.2138402698140779,0.5744990895409139,0.22493570896239112,0.13600781069223145,0.15641026921072665,0.11874819070769216,0.6796109594108428,0.3105726769946038,0.18680967905655155,0.13681465548382254,0.2688191576611445,0.34285658758591997,0.30615464233892364,0.2537282124662771,0.09424893531436485,0.21242120020829636,0.2731472479869883,0.11404669284104652,0.44638330696639184,0.2966886400320853,0.8955231378589654,0.4880530597458693,0.37925289223849556,0.453872410486596,0.6065657324395108,0.39862097669656793,0.22076265089969715,0.16574691204633618,0.07333769991899808,0.07689209897046168,0.07946113195448212,0.12816882380754746,0.19026863159363627,0.20135433471231567,0.1275730500453215,0.12974351585699828,0.1410030942746714,0.13186559191703662,0.0986055300467501,0.11065262269600418,0.0918893731454965,0.1385274878226792,0.08234473372149309,0.09169312522108308,0.11001048776676425,0.09127289053748167,0.11475437144085421,0.129819720052886,0.1690877872380252,0.0950678009767113,0.15290318147387605,0.20151981819971954,0.07757671701000257,0.11851376797640767,0.07516227264983988,0.13451023626738412,0.1245214455926541,0.07968423190775753,0.1699989150345792,0.09408302263272827,0.17296731277984556,0.08930581659358994,0.1573249197812061,0.11411111191422885,0.1149855155099847,0.1564712775092394,0.05431196045476461,0.1247459649950261,0.11987415116698741,0.13941655194073388,0.28321889899984776,0.09358069378962575,0.12357939487634195,0.24106148872116284,0.09348029201969232,0.1969671082342217,0.4785471985582772,0.4502590741675032,0.2507448227990605,0.45140521547209866,0.38410836061705755,0.4460347295486342,0.6870125962093304,0.6830597864459762,0.352868762551681,0.5122488013469912,0.39004689212725285,0.45751104609724247,0.41984795202963654,0.35295031902478147,0.41199344785158865,0.42761209653646404,0.3419244280445446,0.4177753176065463,0.5884968904034975,0.35092887117059846,0.5540764072007474,0.43846532183433895,0.23971783767910426,0.8710066336047191,0.6275548918071189,0.6787244831460031,0.5435847868285342,0.34346105433084484,0.38604750482871386,0.33984683381465797,0.5055135433066678,0.4638685568294134,0.6534171169996826,0.4440301962820383,0.42819435064335754,0.48691701925604813,0.6558582085151998,0.4525449507306972,0.3632850395488365,0.4695824052209506,0.4098491019621423,0.40412840349947254,0.2956643107951874,0.62970424504341,0.5412018588155102,0.37069511123083876,0.34395599790009024,0.5186026638845167,0.34816271348025896,0.4846588802980244,0.1472607026189955,0.10325348434478321,0.11358840636437018,0.14051148886878995,0.17188272740755928,0.06740234786727206,0.16147700231820505,0.07482917278115575,0.07891378461669984,0.10228983461466845,0.11685108982083459,0.11948087118827133,0.1372080337955297,0.15685389360638202,0.11817105417687301,0.10892972342813856,0.11861447586278684,0.1626741145631898,0.1393254096562615,0.1026465709356823,0.17231056023529978,0.1373580594155117,0.20460323928348112,0.15267774943205425,0.15103273805413897,0.11987859076236806,0.1635788245761287,0.24126057417974467,0.22090683220210672,0.10433649225109065,0.12065691520123922,0.15994536706050466,0.21317926207840032,0.3104676951882638,0.10671281418342149,0.07463508869741542,0.16490944141853092,0.16281812765862314,0.10283358166835221,0.48311931722489654,0.6093801276889395,0.5749108579666534,0.28435312766229204,0.27379622246699287,0.3008426068877539,0.5794364255920239,0.8955231378589654,0.2844710115034841,0.6824885678515413,0.6357517153825913,0.07232701901792071,0.17222019129070354,0.1515428486704814,0.0921789512861454,0.09548335171536382,0.1016791338433155,0.1342536175816199,0.12794211300711378,0.13403131207430885,0.21782327458997375,0.08308233090197048,0.10785582721322673,0.08964326313232995,0.13072613952389867,0.10003933879659965,0.15438927747859066,0.09376237537071508,0.1760677111825728,0.1313014427503807,0.20911480017601636,0.1359919421079977,0.129784968560124,0.08169456882457027,0.10765628002761352,0.119026824424047,0.15201323476098516,0.10838479064226725,0.16038757576948615,0.11958421969909527,0.07508511968036113,0.11015119524638683,0.13943444936640925,0.09049010515678291,0.1476903795523532,0.1166386597864747,0.10660880359951386,0.12278368181067623,0.14271331622538652,0.20357584320221755,0.12642717156598482,0.09312287391155749,0.17581427475623146,0.0931644028861931,0.10805655418833426,0.1489444032210112,0.08708573716465129,0.1504253551398843,0.15537990728655482,0.09138876817068631,0.14993943447482716,0.15940462548272938,0.16052296644263886,0.1973937473261288,0.11419967755627491,0.13384492101216872,0.11800602842632502,0.17711663291116064,0.11574218544315573,0.20101526722100405,0.12903972960762866,0.08054486930561944,0.11303429126079412,0.07087031152361478,0.20658344395102024,0.10014425378781877,0.12322008738435997,0.17178038431588527,0.06773590398291096,0.08978509802015677,0.20805447371674213,0.12615471112310472,0.06927358393629257,0.06822317418072799,0.11306083012629775,0.1452135820994942,0.11211580927932407,0.3150108138968224,0.10021887205812596,0.12202317720518474,0.06755224687409933,0.12598067881318087,0.09733549751410231,0.15986283989267935,0.21280830387388605,0.33607759238565493,0.1057394554544463,0.09268676087608962,0.1284478917705193,0.08311432982569467,0.1333936582381422,0.1149734750970205,0.15100418085540135,0.14405615062892474,0.09353529662830051,0.12293504463652538,0.112573670253865,0.1682629849294176,0.16606500182533823,0.11525921649027593,0.08851182616292319,0.24232684705567442,0.2708065547447408,0.20364995852126733,0.31795400162010934,0.11648768387342878,0.13227223026080936,0.22075135579855043,0.29734709205680643,0.13908741894950216,0.1988958985584196,0.159611786492722,0.266820297201673,0.20080637372988341,0.20149481628534638,0.07340332437045394,0.25887237170594823,0.20575915312654514,0.19754860187696233,0.3053977385763509,0.2781833739088324,0.3135488084610022,0.23959100976673475,0.1889913792637523,0.11520335192651665,0.2094595843642424,0.17154617661437244,0.128971870288334,0.3008426068877539,0.25158804730144946,0.3550958430212289,0.24297701551455964,0.27379622246699287,0.28508500166546935,0.12958138124567098,0.5926038318914832,0.6416760187551385,0.34033305867765773,0.40970543606220056,0.806893617523801,0.35113337603200223,0.25859655617054345,0.5965783281932229,0.16701775544842212,0.6824885678515413,0.6234221889712273,0.2788593151639228,0.3706226173349798,0.25312895688298587,0.28435312766229204,0.5794364255920239,0.10593392482874586,0.10301063913931985,0.1852907623768637,0.13893484168045767,0.13062500678392808,0.1133073603585435,0.12455178718807391,0.1080959454611613,0.20230213097768168,0.26401939522301454,0.17475051277527742,0.1240849193065614,0.1251822015135473,0.16238977039672864,0.17344615557637377,0.13528933666075338,0.21806222961260435,0.17487014972682347,0.31457946544649207,0.10426308911525017,0.2330532804028348,0.09419759012841955,0.1879914641310958,0.07193046687528515,0.14507290575547793,0.24478535498463494,0.3513768826069361,0.2106731846301252,0.16999198569666796,0.24703703456751036,0.10613099538067428,0.15167957721479297,0.15388557766140776,0.19756916749156206,0.12207864902573207,0.1949274243393011,0.3711380017977607,0.11637516236215062,0.12149769410159628,0.5452054394436817,0.395942696853261,0.29614685588762657,0.1352706426948822,0.13295560868869938,0.17032075457556062,0.2011360611219951,0.0883604521560275,0.1450976922686824,0.07721026625779714,0.305572095654982,0.321721436100153,0.4018856237478976,0.2482319966604838,0.33464381512541186,0.25222991070110334,0.24576095504096696,0.3343593127850767,0.20997998893780434,0.28196474896309454,0.30870329022854004,0.21261332990689696,0.3285646279240587,0.34864349359986313,0.1808942758727451,0.14489310081832618,0.3141341377935344,0.29692498433730474,0.3379416351040604,0.27707962391192964,0.3263000258060499,0.3671791110352425,0.3177611530776001,0.2898441263827042,0.1759923903560956,0.23657122636254957,0.17213580221414293,0.19457905731725056,0.28021339776330556,0.3149618932023983,0.23938866704503559,0.22752683176447586,0.22990498494724498,0.2824242797616163,0.4037346812181938,0.41734678808793435,0.26399130071586585,0.23503953862210436,0.2741057910335354,0.23223691959262527,0.3507425730128001,0.369940882051601,0.25285291730837156,0.43297364244201275,0.21455143920366948,0.35682425715579,0.2239564294137283,0.29312049465393764,0.37978795908147833,0.24973687814138934,0.30046316420534747,0.44862117597429696,0.4008777360423501,0.34626547555004783,0.47390000964162604,0.42043219111133634,0.4805515122052152,0.4554759410222877,0.4894187617936976,0.4803518322776762,0.3181112270669746,0.6117899070278008,0.44909535974103076,0.5393727604519656,0.7501387274455276,0.5867532052696711,0.5666546859103025,0.4685054936326578,0.5789317572684276,0.7076336787403599,0.5,0.4831049021944943,0.43369908119836553,0.3894167112949579,0.3671359598517766,0.3290361233116924,0.36578087987206265,0.36605027305215554,0.4922690646500839,0.33362351115291133,0.6345273530538973,0.2787102850865695,0.7817708002029882,0.4436953961200931,0.5757663807454807,0.49862338076847956,0.48444993418974935,0.2230048267868232,0.2844710115034841,0.6234221889712273,0.5382608270580471,0.8955231378589654,0.7628973620354983,0.3411927254690703,0.4131995235081398,0.25158804730144946,0.5859655116423541,0.6865423400331431,0.40967245244611705,0.3448976304069671,0.40970543606220056
58,0.17872287019192779,0.16635845638263191,0.17995296902777747,0.18502006916574643,0.1338686400863457,0.4115769363851677,0.1162652027300205,0.15684205763896208,0.20493514485959674,0.11801541292377049,0.4784474450277837,0.12912618899949735,0.27608548720556736,0.2067486985214847,0.14858430509259646,0.18305225917398316,0.19465804497121586,0.1267501889791669,0.26699972809100225,0.29605844977303586,0.255103325721977,0.11078352450383655,0.12062361065202454,0.12390392650953141,0.20283580457013883,0.5082240756801726,0.2152011216450922,0.12393069483622332,0.14102354842586506,0.1110301905331047,0.6472962125747382,0.2877916837537827,0.17578483588625982,0.12756925363314509,0.2172805424422911,0.3130156930099385,0.27903846285481804,0.22574306463221616,0.08848086760151352,0.19674183437481452,0.2415572231902383,0.10853945499311946,0.42133849303342985,0.27377058710738433,0.8966775520185135,0.48964610830430877,0.3775239398239806,0.45576695660489397,0.5950945101563874,0.39607297047052414,0.22022776867784388,0.16643885398938896,0.07353976355516623,0.07728604810599149,0.07961603402897044,0.1285281464079906,0.19031127854568308,0.20234775572841945,0.12802033619123332,0.13016645408185,0.14168895185284602,0.13216570411182327,0.09898334657660235,0.11071259240640352,0.0918556140661545,0.13894242647054889,0.08234697254015921,0.09198643136881124,0.10997640837302924,0.09116494170100553,0.11422405701670912,0.13029334999544362,0.16996607606447067,0.09536439249969797,0.15218379250175817,0.20070243939286658,0.07783627147732852,0.11842900973186132,0.07486743758181158,0.13446180106846828,0.12465740944046033,0.07983388294087834,0.16930753401771637,0.09403635017959144,0.17325806240471853,0.08963939929114673,0.15676265358730468,0.11363213911768455,0.11442283461586644,0.15692671096641675,0.05446929509498477,0.12509101049987914,0.12015621375505936,0.13995212985578553,0.28307895672045635,0.09359480740342652,0.12398049045157744,0.2419432890094414,0.09349702064139698,0.197749991693843,0.4801693094774995,0.45202108625477544,0.25159697963415906,0.4518297658645435,0.3859996156698866,0.44799475164097413,0.6885821262166046,0.6850270460829408,0.3543069086904197,0.5135894961034688,0.3914478857041104,0.45902808055114086,0.42118417723525003,0.3542366884547701,0.4131778387681815,0.4296286696516315,0.3431868500947105,0.4194710054876274,0.5904899190748889,0.35259947166844796,0.5562910003165059,0.44001936984108125,0.24069794312828052,0.8723848133879408,0.6291635983373719,0.6810213107557641,0.545552663990504,0.34497774854759145,0.3876733015199261,0.3414382929295027,0.5072171039290547,0.4647179351237434,0.6556210648351715,0.44586292131716554,0.4301687577741401,0.4890300315096825,0.6569819196173369,0.45436782217881466,0.36466683322779936,0.4714828486625473,0.41147205690615607,0.4058493254374096,0.2967204182676011,0.6312973577478138,0.5431956937117929,0.37248411340148513,0.3456060780876826,0.5195940294488897,0.3498477676043833,0.48681418874955584,0.14580826263903968,0.1011186048584477,0.11191669149213856,0.13684330493812324,0.16774210991093363,0.06717304754671838,0.15949894566009648,0.07286626135605034,0.07831550377565655,0.09994898792268192,0.11529273945982577,0.11873353954134247,0.1356979155112753,0.15346886139223692,0.11629318785628806,0.10868068407083131,0.11781160445631877,0.1591306822380888,0.13818084002914566,0.10233213138722652,0.1714489447750992,0.13309346599290495,0.20220354864274592,0.14987326268689805,0.1472902848168247,0.11769551644307608,0.15909801113601285,0.23932822239555263,0.21731309224854412,0.10339590268432353,0.11919291678489907,0.16001428150930308,0.2053648600648923,0.30685916217886644,0.10524493453312567,0.07444047748111438,0.1643115597548741,0.157690350692554,0.10112089232419652,0.48358088179529635,0.6067818907966466,0.5136194471107065,0.27483483736042935,0.2516031579184561,0.2760899863404346,0.5780010575211194,0.8966775520185135,0.26662330990972616,0.6752718265140978,0.6334088700524909,0.07106999192517904,0.1653357637202093,0.1501871810136779,0.09138171517394789,0.09489083815173815,0.09718713269611412,0.1301687974133846,0.12479654808096574,0.12873410476741554,0.21534640337731936,0.08271285070293333,0.1051479430111597,0.0875693097358754,0.12673756403881264,0.09893792407128865,0.15346589647245823,0.09034340086029224,0.1681541228567084,0.12715622433975982,0.20632741745890149,0.1336988254242103,0.12508858472396267,0.07753047557508608,0.10454269316288467,0.11664836111354249,0.14888359538216245,0.10416535674206107,0.1559366519450165,0.11895555102032784,0.07356644340045315,0.10889256024618232,0.13389926251171191,0.08931673878062307,0.14268299022223974,0.1152321787295334,0.10567086816359583,0.11752206562257372,0.1391817392847705,0.20030881774225295,0.12390195241529955,0.09060722307651137,0.16528502503388853,0.09217953548762037,0.10489461874515227,0.14701763970801418,0.08542866308790642,0.14804375366030154,0.15348295487156882,0.0861585915559534,0.14686166408517198,0.15929299799299557,0.1595770543141487,0.19760244474717548,0.11424266498383995,0.13414145951955592,0.11837253548682403,0.17752515579292516,0.11626267567504067,0.20089230566986394,0.12952753274188722,0.08083325942062969,0.11254046415700614,0.07073625797098793,0.20741132327216405,0.10015305278960374,0.12361808939198404,0.17186049079783694,0.06788147737114181,0.09003178159168612,0.206377425840798,0.12659152337888413,0.06937054100953333,0.06848140748439069,0.113189290446425,0.14427148528125644,0.11222741526181668,0.31629550896001524,0.10024847415346894,0.12253333322443505,0.06718797644827124,0.12637856076559162,0.09700216789099203,0.16015155748517584,0.2136210563236154,0.33544770273937974,0.10588495457858449,0.0925603444154548,0.12841153841354958,0.08289165035909962,0.13378687106834286,0.11544138256426817,0.15150402549819342,0.14443760963912977,0.09241816674482661,0.12308153672676658,0.11237496913602263,0.1680711578517513,0.1669159725260092,0.11454334046089731,0.08871839420840799,0.2433297934050087,0.2718011257989412,0.20449401295709768,0.31883564574162826,0.11684775374481948,0.13286601488563832,0.2214894122727321,0.2984286853371537,0.13973433782584777,0.19987630094036357,0.16000794909611693,0.26768218065531924,0.20157121950606416,0.20182127951563378,0.07366738266731876,0.2597366059496846,0.20677856046206877,0.1980854970142577,0.3066830751185108,0.27910095566466053,0.31432536563993285,0.24023900443681212,0.18977736023163538,0.11534562479376054,0.2100757936817308,0.17173870070688502,0.12931922722095823,0.2760899863404346,0.23315072836231465,0.33182000940479106,0.2250192873048794,0.2516031579184561,0.26765618356743637,0.12142074766889488,0.5936984045537209,0.6311330768494661,0.3361618396116537,0.39967874586079577,0.8050186442190361,0.3526998118393311,0.24557419669319736,0.5910672920612813,0.1579319370630331,0.6752718265140978,0.625657506917281,0.27859459803763775,0.36516112382894683,0.23088484732685832,0.27483483736042935,0.5780010575211194,0.10016308873353785,0.1008396325853621,0.1798925650482951,0.1261448392618545,0.12386285770593553,0.10854857235805415,0.12128735510219335,0.1008763006650013,0.18663407158931533,0.25126556505322695,0.167192524653889,0.12184382158200369,0.12142007708078884,0.15446641969032704,0.16561359972311662,0.12922879392411635,0.2081305242302225,0.1643859131636256,0.30019906883381775,0.1013132576091379,0.2123286599866704,0.08941905591106647,0.18176860694037456,0.06894804980599134,0.13881344009494645,0.23430834023804814,0.34247145401582646,0.2009670999508082,0.15638378048937218,0.22817333698113207,0.10236772077983436,0.1456195645020112,0.14697087623887906,0.18466380875280775,0.11435991470666473,0.1883342121789352,0.34398243210097845,0.10950082124932004,0.11694783268292785,0.5144834851730683,0.37080088814434364,0.2659920994495457,0.1268017114493445,0.12409108053174656,0.164808548192243,0.19016779624730773,0.08473078627681296,0.13606792234839216,0.07481962928287533,0.28242362141366073,0.3215505224188008,0.4031737151265995,0.24774139993852795,0.33592054733684706,0.2521769681605186,0.24608480761601736,0.3347845733998749,0.2106891457915422,0.28289991328223274,0.3093361589365362,0.21287700494335293,0.33000887450226646,0.349973721179655,0.18085486782706706,0.14537111743360542,0.3150609490963513,0.2970099071080562,0.3390434659022038,0.277730149210873,0.32712375594413,0.3675740161136787,0.31916483584161315,0.2910990243775866,0.17576214308059668,0.23692217563715712,0.17257265532474364,0.19401385842360752,0.2802599547249809,0.31632051137668704,0.23970829181926823,0.22825869397444154,0.2296382696146575,0.283399926180827,0.4041046665639685,0.41793133965616347,0.26408303652520737,0.23534633183133147,0.2749607848208945,0.23332221328664393,0.3520834297718691,0.37002079185185544,0.2522212629049154,0.4337386931525694,0.21519459221126613,0.35832014229695797,0.22367212924952617,0.29176536541568043,0.3811272946886567,0.2498354421465525,0.3016342855759846,0.4508572235898465,0.4027110794159483,0.3479616046966201,0.47569642807080204,0.42118018518862643,0.48259039038764906,0.4576594465640158,0.4915822190711373,0.48208508427687824,0.3192444651381914,0.6140059614536886,0.4508269950080749,0.5416601147288351,0.7518784633494767,0.5890260996885626,0.5662445844025297,0.46959287114934134,0.580089668493478,0.7093626480317929,0.5021668274782662,0.4847364852223477,0.43579421225726134,0.391326955286907,0.3682918181617745,0.33059576907288035,0.3670155828797026,0.3675785075015474,0.4942717422842331,0.33505372408234746,0.6368532984330744,0.27986014155570915,0.7834941070098362,0.44479042783521217,0.5777379831370337,0.5,0.4861396174946565,0.20955077101480812,0.26662330990972616,0.625657506917281,0.5390607692250422,0.8966775520185135,0.7551326328332302,0.32981734239928207,0.4074124727317606,0.23315072836231465,0.5874300359860067,0.68556690208318,0.40307177906805736,0.33662659969119313,0.39967874586079577
59,0.17639589486539808,0.16372459614800405,0.17829983970649355,0.18302844919064698,0.13177983733357013,0.40990601034687535,0.11447347062240876,0.15587665879270574,0.2029521321478679,0.11570285386379431,0.47663983521402364,0.1221161830457268,0.2711603649406661,0.20308411620720312,0.14721710839504054,0.179432992802677,0.19133867435623753,0.12549162873085762,0.2641052769856733,0.2919603408398914,0.2524640532978605,0.10622597810466705,0.11934006214727855,0.12299721729866142,0.19949197266606578,0.5069359763620171,0.2111662953267187,0.1221798628646612,0.13957173635163034,0.10905906040665259,0.6447448952821999,0.2826321039220695,0.17365239809161326,0.12651643643031907,0.21627145169468076,0.3089362205054025,0.2768366966088279,0.22382621181430773,0.08686942319395652,0.1928685343655996,0.23942536189233132,0.10609274216496667,0.41216887464192,0.2723404049563575,0.8963173324412592,0.4840140043216715,0.37181553663188627,0.4554036472979378,0.5909404667758915,0.39347014955752146,0.21154771339791378,0.157084284852141,0.06780556084248868,0.07006696756683706,0.07261447176579927,0.1224577704961839,0.17563246466502502,0.18684189608364932,0.12181769998121539,0.11734448970314426,0.1339661406004783,0.1198210532765367,0.09540879210745856,0.10359798349438587,0.08568400813814447,0.12968030191453017,0.07677594742061666,0.08768208896052487,0.10284049725185085,0.07663284259913494,0.10650639734301148,0.11760815002029879,0.16549812316556767,0.08715539268365569,0.1436754767289702,0.19357894373556217,0.07254994802805403,0.1102697013294659,0.06940250508942658,0.12748705583491604,0.11408048230854717,0.07453625959564747,0.16090491343977276,0.08766498790082689,0.16600133063322153,0.08099030276919017,0.14846683226774804,0.10809888343784935,0.1086107129494176,0.15008473911518927,0.05053570080057279,0.11880693006693077,0.1150030105796529,0.12973363502613955,0.2589191476119205,0.08768621887628181,0.11729016496461397,0.2255119093350081,0.08543650740109499,0.17484020659838695,0.4789554013951215,0.45159443783945397,0.24804259481521773,0.44930820597536925,0.3843997871287571,0.446336888078647,0.6863347903304149,0.6842214276218792,0.35188802314634704,0.5128953887573954,0.3880782090259549,0.4565603557095945,0.4190191645645849,0.3519289471469005,0.40986852366611815,0.42728275202749555,0.3400503680686018,0.4157781557856689,0.5904085499338708,0.3501227933949327,0.5555894002803857,0.4390502998908674,0.23761033959021938,0.8721968750425769,0.6273556916763778,0.6812845762399287,0.5444361929449282,0.34335459233595134,0.38435378559735633,0.33928474114180074,0.5050700261160385,0.46225388286547264,0.6554413831233401,0.44523326566352106,0.4283874097882898,0.4873298002106399,0.6553571659062816,0.4497260982159629,0.3631004437546842,0.46875023077828415,0.4073516940234089,0.4035224913618016,0.29521668140664237,0.6278705473816382,0.5420587748808479,0.3714853132582797,0.3430579524017937,0.5162951555584697,0.34884474953874756,0.4864288350135385,0.13836694769814017,0.09438293428316291,0.10668484793699184,0.13177504729969114,0.1587527973104822,0.06384509805613248,0.15330441953558582,0.06968650722286662,0.07188789334065315,0.09600123507318836,0.11157157445073018,0.11348955493586133,0.12821512704303095,0.15043334329130165,0.11108838913869712,0.10351248817055425,0.11226448342819917,0.15352783012326277,0.13390518864255907,0.0957303039658498,0.1604599671396746,0.12303571162774507,0.19558259558113844,0.1435294235265413,0.14464105359879287,0.11130926606939184,0.15587191115491905,0.22980612170003734,0.2098558042858919,0.09602796941985559,0.11165613337625846,0.1500699667094486,0.19889760761782782,0.29157750013817263,0.09924794374192059,0.06984373461493687,0.1575655393030021,0.15010884426194004,0.09661682606982724,0.4789671542701921,0.5997998784995973,0.5123410805786357,0.27203031406081013,0.2487956275576405,0.2730457901452399,0.5760782995547513,0.8963173324412592,0.2645378435064524,0.6680423078902193,0.63295993493403,0.06896598973920898,0.15656280360213304,0.14525434428115236,0.08758159656901476,0.0892103301284819,0.09340070667594358,0.12255149575290047,0.12168877766158703,0.12676142270649027,0.20714098073157938,0.07854676166623609,0.1026484278952422,0.08521055124603827,0.11937030676071858,0.09464019824015013,0.1430731197256745,0.08853452654439509,0.1643018821897163,0.12150916800481248,0.19616567898118298,0.12915052755877088,0.12084641751127945,0.07615880377758133,0.10261463475663135,0.11358133967620454,0.14367809124194708,0.10060888315485839,0.14725817297633126,0.11503867754870711,0.06978155925287577,0.10241365572168915,0.12960468754489984,0.08423818956431917,0.13961992563342762,0.10938498546148501,0.10099771510898403,0.11519678436354086,0.13520669942826236,0.19589244670586525,0.11817162245917912,0.08843967492791738,0.159539764852637,0.08804968875016306,0.10311757265839805,0.14190994854309025,0.0808523669173773,0.14186461454446764,0.1462925274792113,0.08511119112353616,0.13897374867326728,0.15070712476562076,0.15323025667396528,0.1912939211684126,0.10830689921735603,0.12877422154255413,0.11033561463990094,0.1703362300229574,0.10804182577108257,0.19119416314585724,0.11697168045950179,0.07572825101398128,0.10554981210738013,0.06636796474260187,0.19849694136655593,0.09498436636700225,0.11663217112339752,0.16668829811355068,0.06273276720050724,0.08420980121304922,0.1935722380923004,0.1218553975995258,0.06614088092075421,0.06287989164528196,0.10628598065112016,0.1330117700677832,0.10313235290073341,0.2902762162100969,0.09488403104921905,0.11628278771054157,0.0636498958925984,0.1183161780519063,0.09352961747499444,0.15298052696555153,0.20638237866122677,0.3226969863953961,0.09624845550293826,0.0876323403255529,0.1206765067043658,0.0786754804270049,0.12348673647950059,0.10800690006450264,0.14429979917348923,0.13178222325194044,0.08962618727324134,0.11376013710149835,0.10515212920621064,0.1609915207500886,0.1560720561609673,0.10843761885498915,0.08186523087814956,0.23709250753981626,0.2687300050673065,0.19954156423776848,0.3075827463038411,0.11232975216813712,0.12825639910195785,0.21749562083568508,0.28969787913662615,0.1334480059819153,0.19699054949977501,0.1523350206670191,0.2585414113268888,0.1927736632751953,0.19646041275361947,0.07194824141915179,0.2566642663135543,0.20171213059068283,0.19136433014094478,0.2950590388125316,0.2715164663034213,0.30916861493562064,0.22980842700569015,0.1869043448280331,0.1114752715464129,0.2019548805247664,0.16732843467525838,0.12264860695278967,0.2730457901452399,0.23160395290887437,0.3263304274125798,0.22235661383903038,0.2487956275576405,0.2651085643320932,0.12006514900452314,0.5915535802340312,0.6267587371939894,0.3273985275554503,0.3955976264045282,0.8012328716263816,0.35144311496094494,0.2407047991554191,0.5868544709372083,0.1560009188711916,0.6680423078902193,0.6260495942115916,0.27607946334843436,0.3604186486620613,0.2294628153774152,0.27203031406081013,0.5760782995547513,0.09773534434537401,0.09698290634867601,0.1741111040027704,0.12398205962066755,0.12135416708898217,0.10595230834519853,0.11682682768986874,0.09951956682048291,0.18194313371385107,0.24918100023250067,0.1634405064108011,0.11801412736848793,0.11609565497363616,0.1516902278370167,0.1628679268103721,0.12628747426385223,0.2046693590193539,0.1603293832304019,0.29282077972686393,0.09724401247320058,0.2106208351145762,0.08789542173444498,0.17838299445284844,0.0666524002953649,0.136627966334659,0.2305910774905947,0.33363498892499854,0.19721447305715223,0.15447343461821605,0.22513240440090831,0.09761159400760977,0.14167885165413707,0.14463575749803803,0.18293247149619463,0.1124659812315032,0.1825695779789438,0.3415300029710273,0.10731024011688195,0.11091827030052548,0.5087218627199346,0.3689639492113216,0.2634984760473358,0.1253169286009126,0.12184641538575769,0.16093682747885996,0.1876927217555856,0.08348720202224813,0.13428422217109492,0.07190615399152689,0.2801492400868646,0.31680611607608034,0.40043870215456145,0.2424969251877961,0.3332852266918328,0.24521393211769127,0.24129732360921463,0.3286529204955895,0.20661748147765835,0.27908472952330254,0.29910733213776153,0.20840147560877054,0.32885571820628023,0.34624436134892955,0.1776475036416585,0.14133320853958642,0.30982165719221166,0.2921869045645784,0.33496486291473904,0.271678150559692,0.3231516128153835,0.3623151953606547,0.3142083605627448,0.2872849969109854,0.1716650747448425,0.23238031791137215,0.16745392973416784,0.18840172763481688,0.27463780520226344,0.31359766438125103,0.2369754872006261,0.2249836861940655,0.22598702451104447,0.2786436000136354,0.3998956721410466,0.4144133581726239,0.2558370996362396,0.23246186474243835,0.2698093049549525,0.2297160143622119,0.344638231590489,0.36436334153906624,0.24116029518795057,0.4312578915991787,0.20887771858494775,0.35181222017167235,0.21924396660882683,0.28757350497710765,0.3787487888561343,0.24400692749101105,0.29774345614190556,0.45120307247683034,0.4019140257176461,0.34441701130814395,0.4739699748369609,0.41915100050775445,0.48222822270199117,0.4580672481204553,0.49048040462472675,0.4772673712284109,0.3185906419968829,0.613628182252361,0.4504078872747824,0.540682872622178,0.7520024833879984,0.588953809197472,0.5628349087606723,0.4685357869225901,0.5790442462450025,0.709588452842414,0.5025656102382995,0.4841990294893186,0.4352726557165487,0.39073251602998516,0.36307858989728103,0.32857646268838303,0.366007877711932,0.36528495564795205,0.4949014722612025,0.33168835372148986,0.6373428252797335,0.27884002035422695,0.7836415900468026,0.44358224509121025,0.5778847880674811,0.5,0.48548947232369266,0.20717851949904464,0.2645378435064524,0.6260495942115916,0.538197880256408,0.8963173324412592,0.7506314740117119,0.32643297178340946,0.40177897693043363,0.23160395290887437,0.5865649497769561,0.6829971167861157,0.39754929980293885,0.328984468221754,0.3955976264045282
60,0.16971565751684792,0.15819603462015552,0.17560523879817047,0.17604662248636194,0.12643403925745578,0.399845102574648,0.10993513454614812,0.15155019043022955,0.19207450591691133,0.1141394980319832,0.448228496247268,0.12048524923722725,0.26527739036469944,0.19554839377492828,0.1428970622030591,0.17091576162382993,0.18413371199314565,0.12022286909283286,0.260392095232966,0.2848665300954236,0.24639585972558165,0.10605522880140905,0.11744390893698009,0.11569118557587421,0.19379628428916718,0.4670531300147055,0.20808179482870104,0.11636520812165108,0.1347382565076629,0.10529625962563272,0.6137018223781558,0.2648333301604141,0.16992193312145343,0.12223941196516863,0.20691113758566215,0.24227249584562638,0.25842078510852196,0.2180594835310491,0.08404822749349983,0.1884645239040995,0.22536613944410955,0.1036846031736165,0.39560000714453314,0.25846717432649013,0.9025662817193998,0.4931143242345396,0.37831823818508903,0.4645056648605652,0.5973534259348248,0.4005622074431634,0.21388702257285896,0.16039354507584636,0.06937952292463145,0.07179792217357361,0.07394122872349951,0.125096569827285,0.17872879553216892,0.1912231088477665,0.12458190605441555,0.11987187866934557,0.1371067981816193,0.12192101826653812,0.0976314785321335,0.1052446085350035,0.08712908743325809,0.13224297192258994,0.0779370514635449,0.08971905794944335,0.10468811488860652,0.07789250059513675,0.10818631417547053,0.12015159655841356,0.16934639785630767,0.08907950229114503,0.14477322393093706,0.19687747277585732,0.07419641313512249,0.11184710680178023,0.07035109226268244,0.13000895068027385,0.11607847714700215,0.0759142011519468,0.16314215148133437,0.08885849335773621,0.1691845832513219,0.08278711658737214,0.15007559528054792,0.1099118294080429,0.1097929999391567,0.15348158550234692,0.051746223811791725,0.12120806926349359,0.11771284269025917,0.13257921119650184,0.26323309261539274,0.08915185631218925,0.11990388465965451,0.23057918862069549,0.08676876784396914,0.17857556710323508,0.48816493500116254,0.460594568441945,0.2536633604490922,0.4577486746147347,0.39264201074038874,0.45517522874192684,0.6960605800701429,0.6940716307695267,0.3594792304783694,0.5221217372486464,0.3958670210484293,0.46533266579125465,0.4274804728884106,0.3594867946048238,0.41811683712013303,0.4360891057165496,0.34721562117586524,0.4242667056677376,0.600408354478784,0.3578415336029398,0.565525988366538,0.44783975201354087,0.2431078867388179,0.879199796006026,0.6372786508899304,0.6913003906596344,0.5541981415803403,0.3507916907015082,0.3923762181388357,0.3468164566899722,0.5145426824078905,0.47089037458118,0.6654851786241374,0.4541723902070074,0.43720099294723724,0.4967877131820485,0.6650556320044956,0.4585570605266647,0.3708218844416109,0.4778499586724477,0.4156858739731968,0.4120017433141482,0.30181092133234855,0.6375627452056981,0.5517912222725405,0.3795671272819441,0.3505077649734848,0.5255613788353977,0.3565798355353089,0.49590546767993493,0.14015569965254715,0.09236888360886542,0.10766284322413189,0.13142093460615478,0.15918989930572103,0.06500091378755501,0.15313051824686408,0.06950372971672125,0.0729009994780141,0.09597592288885926,0.11265910058700446,0.11455713455965699,0.1289930912710956,0.14926941382985537,0.11130384326093923,0.10517446204551695,0.11393370675989978,0.1543672279128927,0.13562585538832161,0.09741422776137532,0.1618505155758304,0.12080534191442949,0.19879360179898842,0.14366098107847425,0.14593693469133284,0.1112077803943986,0.1579441152462877,0.23297636962864732,0.21140598183879644,0.09624412377051994,0.11292756327207198,0.15307922216327718,0.2007731128628205,0.2926165279919577,0.09857909458700687,0.07103419997935256,0.16063845485797368,0.14898442545695545,0.09746796543054825,0.48790007008082437,0.6084477785722402,0.5045035939786797,0.2735956000022629,0.24614458828454455,0.2592909720120816,0.5845702049542472,0.9025662817193998,0.2633365063395624,0.6728241299650342,0.64229035141365,0.0690669976496322,0.1521808126367079,0.14668907656057173,0.08859968466220003,0.08996384565527116,0.09269834684702205,0.1205621196236345,0.12090022695444136,0.12630316102769268,0.2052488273075791,0.08004168830918545,0.10161465178991658,0.08460146333618701,0.11609322074940565,0.09475759117323879,0.14491445100330613,0.08757851033789377,0.1568712409992793,0.11989932293999228,0.19519431331124149,0.1299911534356305,0.11859100113991317,0.07399855252568444,0.09931117434922165,0.1139817963799441,0.14062695636549727,0.10109592935123701,0.14666344845273804,0.11658600938534869,0.06992319115375523,0.10099702377314101,0.1296544235000524,0.08485889952099013,0.13730809161131097,0.1106267615383677,0.10149310041446624,0.11299980775505147,0.13335015322731147,0.19709524552698166,0.11839807904078636,0.08775408146947528,0.15611310385529764,0.0887658298271572,0.1025650502177281,0.14124765590452826,0.0808152597862245,0.14081411118559828,0.14647432892878476,0.08394998102125806,0.13985349261438618,0.15387997040001977,0.15587641898405447,0.1952635772558302,0.11069603320650445,0.13161495334046114,0.11288445533750135,0.17423769728169036,0.11065217609636901,0.19469702708037184,0.1198202547961329,0.07740034495933779,0.10699372022523135,0.06745910521617349,0.2030606136802926,0.09699085680115493,0.11929021603775536,0.17024290447472223,0.06415304548949174,0.08583496773283283,0.19545921568734792,0.12470280356359142,0.06757169760565263,0.0643110309728423,0.10817222332597154,0.13523143677505278,0.10511328315112156,0.29657972444894587,0.09669492318249684,0.11911566478622726,0.06467375614160042,0.12104715959117052,0.09549661885664806,0.1562819047400783,0.21103254022630635,0.3275879486664419,0.09796191186909287,0.0892277819150058,0.12261844773268393,0.08019337129677395,0.1261996288993813,0.11051103225442105,0.14768448630499664,0.1344007225829571,0.09110796727259296,0.11620355017416195,0.1058153078062255,0.16417959919958935,0.15971408159189682,0.10972464300158224,0.08369477605169828,0.2425689930351349,0.27474776901981046,0.20427202300813352,0.3140328779753301,0.11495362917565499,0.13133943967250694,0.2224640342327634,0.2960581907574513,0.13665329612582067,0.20165734778208277,0.1556812312384308,0.26382822995530697,0.19727379171678516,0.2005828932769469,0.0737590168274127,0.26254898373015123,0.2066378521122273,0.19574938878417958,0.3015750895203888,0.2777334125571853,0.31562823398908446,0.2347037934301206,0.19143226015921322,0.11410307038703627,0.2066592367766168,0.170907979040265,0.12550344819621717,0.2592909720120816,0.22890555356883546,0.32152433403948366,0.21487426731421122,0.24614458828454455,0.26245342021350293,0.11728775998217134,0.6013408630440227,0.630626057171566,0.3327444233084226,0.4006861972448109,0.8087372651787399,0.359228406186306,0.2326610729923294,0.5938323954847808,0.15476253007758178,0.6728241299650342,0.6361881823720944,0.28193816187556386,0.3653029122866708,0.22675161186347592,0.2735956000022629,0.5845702049542472,0.097677256063883,0.09729619880256057,0.17435541910198815,0.11958192476555496,0.120923349893588,0.10342322536509951,0.11654637528590395,0.09579571257857278,0.1744629805844906,0.24564351877664148,0.16075578197510154,0.11864257511792142,0.11475750454198286,0.14843619806274577,0.15902944084748893,0.12287461646744025,0.19943072326935596,0.1549374014034477,0.28385963811782644,0.09631871681745185,0.19628337890707814,0.08590010551962435,0.1801497701528878,0.06542615607907865,0.13713350233568022,0.23094101948730172,0.3240285853554151,0.19563540126161327,0.14834304449258906,0.21204146447869532,0.09645500197362922,0.13979354480867145,0.14558973412524234,0.17532773319802497,0.1103099026121912,0.1736868095179317,0.3207149664253983,0.10425137058798217,0.10874273097943887,0.46681496786671295,0.35938722737002327,0.2518427774539058,0.12334083001032259,0.1192560368825174,0.161673169846431,0.18448268792500866,0.08228856664886874,0.12958913085541346,0.07152718758111742,0.2725000715183411,0.3235647121621903,0.4085259835895412,0.2471248443358407,0.34050583969339365,0.2501199757478628,0.2465810845032793,0.3352509732467306,0.21140091919459725,0.2853380088038616,0.30552509832297803,0.21321514787805518,0.33624012245626966,0.35364170351766777,0.18136368322802832,0.14449567285639353,0.316662481477311,0.2980238037163032,0.3421045579473848,0.2775924180210868,0.3298681031064681,0.36941282368227735,0.3211856566364345,0.2938655514918729,0.17520996131220312,0.23755046477519237,0.17142944790840997,0.19231605428005072,0.280441919449397,0.32069802035417305,0.2422695210820215,0.23014040502622446,0.23075394589814835,0.28485849160416965,0.4078388836871848,0.42225334171383744,0.26118549658613344,0.23768533147600646,0.27588315714479383,0.23513970502618176,0.35195487335154374,0.3714849330303408,0.2452167196093088,0.4398539966723426,0.2134939408646389,0.3594179402929253,0.22409504015671244,0.29233311098789905,0.38678746607717485,0.24932372268206038,0.30432176283017176,0.4603392429827823,0.41043733956648987,0.351992112951485,0.4832593927735902,0.4275342298085869,0.49162568272266216,0.46727988793571984,0.5,0.48643494748470706,0.3256878229729373,0.6237509840492153,0.45934068635270253,0.5505076311344996,0.7613517712351283,0.5989844701564941,0.572024387909259,0.4776942614609021,0.5884967898446692,0.7193348970230433,0.5121547479246036,0.4935219405688841,0.4441879937105271,0.3991144635417614,0.37075310818198715,0.33598038278613773,0.3737874519434444,0.3731382893855828,0.5044243872208036,0.3390162057095063,0.6474823067552445,0.28521293616358323,0.792575723474833,0.4522920021162149,0.5878697380926754,0.509467293694364,0.4947422159599054,0.20473471389610343,0.2633365063395624,0.6361881823720944,0.547868352391587,0.9025662817193998,0.7555684075059207,0.3300507614423551,0.40759646058306964,0.22890555356883546,0.596426161419182,0.6920926461364503,0.40377199629285976,0.3302469239049538,0.4006861972448109
61,0.15747319667458237,0.14541478076245362,0.1637973027427987,0.16662524342736384,0.1185701392321209,0.37127883620755564,0.10179765258879103,0.14521039562145155,0.17955287260623964,0.10578412040254803,0.43224952447358456,0.11169572831307228,0.23955541326986585,0.1877093399778874,0.13684015386368353,0.16116627688547713,0.1728543971602844,0.11182474518937424,0.2386532845870747,0.2676490701069739,0.226566149468861,0.09436483796913275,0.11093307344848491,0.10803099887095713,0.18083779045375237,0.4496726395062888,0.19579337653620987,0.10888183141946006,0.12784276471250666,0.0965431556405758,0.5920983335365145,0.24587352885399427,0.16021658181225218,0.11610850590228772,0.1962823950598812,0.23343338768785538,0.24981801683600335,0.20194963848171366,0.07833884742446051,0.17857259859313657,0.21419720211264393,0.0977323429982393,0.37256525078943425,0.24392452414116095,0.9042042820264069,0.49495135266279544,0.37423360529045735,0.46857517219412337,0.5893388492860911,0.3979055898812597,0.20993641367818372,0.1600797783703195,0.06780005470323591,0.07162796465460686,0.07199406161626953,0.12352890714383113,0.17171283190969744,0.19061370890912666,0.12397610898380207,0.11708212654239147,0.13636188962000162,0.1196735540965913,0.09648997741813004,0.10362514026185399,0.08476222284862689,0.13026296959476802,0.07587311367259453,0.0891562184803667,0.10289114768819785,0.07476057551766624,0.10375914062111613,0.11863935442644202,0.16925681786202207,0.08754002473052935,0.14056625720466132,0.19065002185290958,0.07258952916924188,0.10875360075801344,0.0687433352355129,0.12779900882896378,0.11255712350670988,0.07330526333343901,0.15944991532440445,0.08670187045461131,0.16834004780557266,0.08082060317902129,0.14608481242813975,0.10698003694749292,0.10797003797082105,0.15142542828479721,0.05078571729836834,0.11995617176402684,0.11547429279540733,0.13056735173389256,0.25640493228503913,0.08671618326314467,0.11883433219517481,0.22620705471098845,0.08441433517637686,0.17631852878019172,0.49130094607929775,0.4646020883567932,0.25453479451322514,0.46012486445072764,0.39537042207990836,0.4584882118893213,0.6982615576734756,0.6974491480247369,0.36091607487291255,0.5257500582992721,0.3984875538384881,0.46710051073738357,0.430281514775645,0.3615021776322104,0.41932737283084875,0.4389854929747372,0.3494508456943054,0.4270350127793522,0.6044969503339996,0.360483936695125,0.5694168954049418,0.4511755110606569,0.24450380037638764,0.8819532207488167,0.639602200356551,0.6959239453760097,0.5578446792225491,0.35341578962497433,0.39386849397241575,0.3496402486929445,0.5166551200322915,0.47073501885196,0.6696646879304482,0.45790663255404496,0.4404028245524141,0.4998346065444239,0.6673856426139229,0.4593996928335674,0.3728295012826224,0.4806032732460075,0.41763656927183057,0.4145162267525312,0.30357451074908626,0.6396611221518966,0.5553293337195786,0.38253025851119016,0.3527547161947464,0.5255204450180485,0.359435949119854,0.5,0.1336805760056663,0.08772369898392707,0.10211488943587665,0.12426953254338513,0.15184829034990932,0.06292074158283867,0.14794159403127294,0.06539490980415819,0.06885190082592052,0.09108062055359378,0.1061274241939868,0.10950896045542635,0.12280295582283718,0.14475669905172184,0.10569385056860803,0.1030464886969813,0.10900798949992307,0.14320580374658642,0.13103008115937043,0.09381130310299501,0.1565736829220924,0.1113055427728753,0.19319540145572922,0.1333167367762561,0.13978003263814764,0.10497769987586214,0.14977146207231185,0.22468854938216487,0.20090972484339453,0.09083926747545268,0.10834785399102131,0.14730081657973504,0.18966665570095553,0.2710184343138813,0.09456952171218136,0.06736299617462904,0.15419308386607955,0.13861004509534447,0.09108060260239992,0.4867827330822735,0.5964623182087688,0.47387104125074175,0.2603115428621755,0.22875961771368147,0.2440685152756218,0.5832273476300152,0.9042042820264069,0.25316690981096557,0.6641153361511538,0.643701301839626,0.06691854523935248,0.14360419755765075,0.14065481004619185,0.0849715791624559,0.08747848787179946,0.08575226975858241,0.11188317827936223,0.1172380692538848,0.11982144932674987,0.19611015398689313,0.07678732598007543,0.09686656046667796,0.0811639983401673,0.10890242812309936,0.09125995107909446,0.1390464255238898,0.0833884630852858,0.1486304933992596,0.11189122312067479,0.1892134841999089,0.12452898789884759,0.11413383367189212,0.07146188222463834,0.0957283661420344,0.10621003761971848,0.1344076228493758,0.09673780308590663,0.1407452933711255,0.11345351534944548,0.06650605115544761,0.09666965377735126,0.12244567521428451,0.08084723381616399,0.12872727361101977,0.10471991064738961,0.09753806732048387,0.1078355402582527,0.12786482377427633,0.18790206399867104,0.11302665039215976,0.084116130125511,0.14330247784223638,0.08409077295625544,0.09766519860310519,0.13579473476375403,0.0759385163507218,0.13626956072316998,0.1394134019572234,0.07960704228778614,0.12927297558069972,0.151193870614848,0.1539809586492049,0.19303811716194186,0.10805278293532194,0.12983769424531033,0.11138478306741062,0.1729292402411835,0.10995720035552559,0.1900307870042356,0.11677885314138381,0.07650658218515949,0.10290982622937672,0.06607855296555865,0.20223380874977293,0.09493181628423619,0.11789933398783281,0.16938462606278948,0.06310550857096664,0.08542117573375674,0.18965018009484957,0.12389764401719039,0.06693482750648116,0.06357652233725963,0.10658020115782063,0.13288820051438577,0.10183599594646198,0.2928455293909882,0.0947509108933654,0.11777089452839395,0.06315147673325128,0.11877993355421235,0.09310808582701235,0.15349955890386935,0.20985838392969136,0.3233787722244801,0.09534534021061725,0.08733286706159882,0.11942446014727226,0.07791829149912055,0.12345094293439252,0.10881729601266188,0.14678149658776418,0.13217042478715724,0.08868655678220705,0.11331740387999778,0.10467298440762285,0.1613289723415786,0.1596411604250011,0.10671811156862099,0.08205276833788089,0.24273089393763791,0.2758139886096299,0.20462916047245072,0.31223937860206274,0.11409278782230536,0.13112621370651711,0.2220512407933649,0.2949486462542241,0.13697758945529515,0.20281738491799672,0.15563396753712544,0.2633248312255265,0.19750619195717367,0.199598673091257,0.07379918177593658,0.2630638431874691,0.20786679362148575,0.19335894483807547,0.29998024216847496,0.27700948530799974,0.31475944885442997,0.23279456940696042,0.1912796458456234,0.11216185386757849,0.20644012597563888,0.1706311905192186,0.12504019651851472,0.2440685152756218,0.2185204736552565,0.30580881609954447,0.2045814867880198,0.22875961771368147,0.2501966379201015,0.11258186208104248,0.6040700509947212,0.619993640426207,0.3203176325833431,0.3943325646119554,0.8025685148998534,0.3617530616607979,0.22048880728929499,0.5901921800364047,0.14655469898681217,0.6641153361511538,0.6408974724478849,0.28165853993212797,0.3564608201067405,0.21250506831532556,0.2603115428621755,0.5832273476300152,0.09155194633525776,0.09258812847940356,0.16275305176748966,0.11318647470476406,0.1118751727729631,0.09831215614722266,0.11057159730231181,0.0917688433248639,0.16472079109742088,0.23456139453810154,0.14997756245600302,0.1156875714492317,0.10862978257379197,0.13910294630798392,0.14908119353067095,0.11787594888984132,0.18854430822371648,0.1446154990980535,0.2720735396008156,0.09119398995492123,0.18512524030893074,0.08026072885042657,0.16862279595214502,0.062024925264995145,0.13030907624315768,0.21407727734211912,0.3060696567759117,0.18556588731541201,0.13978989864286306,0.20343966648594247,0.08730870899001753,0.12850507247663812,0.14016782193709376,0.16509399503606792,0.10257707298383201,0.1645746669347249,0.3069019368223055,0.09978591176751572,0.10031932305602898,0.4502211374607513,0.3438048629466144,0.23883042968928503,0.11351752314252661,0.11042561714705923,0.15393149367284886,0.1743131638287646,0.0781809169318306,0.12194710161462097,0.06700778087315684,0.26078551168819775,0.3213763169987487,0.41078299352365555,0.2443580859758161,0.3422012775683875,0.24771421819642203,0.2458361688745324,0.33327731482391687,0.21094125767055028,0.28681960929985406,0.3040550566745399,0.2111552497268845,0.3380988276613467,0.3555531986824657,0.18021452119539072,0.14444821597017266,0.314946298850166,0.2973592526455717,0.34363226389737767,0.27751121728819683,0.32993354115312723,0.3688700613882221,0.3225253213410755,0.295186329366516,0.17268266510537822,0.2370716312715081,0.17048153186505355,0.1890751767856529,0.2790671234104909,0.3222431692518388,0.24225966816139965,0.23087781724633538,0.22875511642282698,0.28480985175487694,0.40722821434256806,0.4233296419991014,0.25851242605405733,0.238009838589594,0.2751283494130631,0.23562918438351588,0.3526293702722766,0.3695153531936023,0.24195215420681193,0.4415821884434592,0.21254171883126804,0.36058801575996524,0.22167116083355698,0.28954353176463865,0.3889127991698238,0.24703060144523492,0.30587467222186915,0.465022192091454,0.41373333116172406,0.3541609987375173,0.48678509694845085,0.4288970410689039,0.49595910719188796,0.471993035779927,0.5037614198918636,0.48861085130051496,0.3283744927277211,0.6278110253073128,0.4625192522475875,0.555077159765226,0.7652408449273002,0.6037989728587361,0.5709402514433146,0.4792512317370182,0.5914482303808763,0.7228294792485253,0.5169275767412019,0.497101371219306,0.44835074642299844,0.40270699635495755,0.37066062745387784,0.33858736862261285,0.3767893407492193,0.3752003669897399,0.5087261690013423,0.3408679306310035,0.6523582172843041,0.28758836257092657,0.7964080654802752,0.4556658434009748,0.5921526307409167,0.5132723416609091,0.4983888812494157,0.19612568014403686,0.25316690981096557,0.6408974724478849,0.5503443939209722,0.9042042820264069,0.748516475703989,0.3226418159177359,0.3994946142536525,0.2185204736552565,0.5981319122404447,0.6916022075342401,0.39859017842692224,0.316002038767192,0.3943325646119554
62,0.1480629670687652,0.13404409136860607,0.15761737969365108,0.15734871442168175,0.11198246944464563,0.3575387417299255,0.09598846421739526,0.13729480551928686,0.170228346536204,0.10073736117110665,0.41972380103728013,0.10365086657671307,0.2240457342127713,0.17598936662995446,0.12796751268988493,0.15283104240228884,0.163227615210482,0.10643801721220103,0.22311395394231615,0.2509486331039994,0.21476845715801385,0.08955463631167926,0.10500966718559346,0.10210072999093733,0.17272741992505702,0.43717899900632684,0.16725012069980771,0.10196072396054745,0.12151041827990516,0.08783900805812273,0.5691210017281625,0.21975131844354323,0.14685078654607586,0.10957482510195926,0.18646257007190314,0.2215834914586855,0.2369637549070872,0.19282029163016934,0.07377025014118677,0.16714980141157854,0.20514521555281795,0.09238315164858613,0.3462136192150025,0.2278368493601014,0.9029525878809033,0.49261027419058934,0.3689323325892149,0.46889911990341104,0.5786116471399545,0.392683318180866,0.20468282385691094,0.15795304807395816,0.06700390569575598,0.07135922562050734,0.07108920511052397,0.12156891973865158,0.16400848377948962,0.1902588503360665,0.12264692612329775,0.11532943085306169,0.13427862764750553,0.11701202866249416,0.0955399401503606,0.10089674358724288,0.08345284247022633,0.12792928221032618,0.07376806849548312,0.08822490931343596,0.0998092814596423,0.07340362194708949,0.10096656171507523,0.11739329969465939,0.16820713390571707,0.08619880662026214,0.13518544251815268,0.18198423065013114,0.07112708190117067,0.1070901472364355,0.06754942966978716,0.12488614732560199,0.10970814984784727,0.07153526201817895,0.15387887542797518,0.08440946669499916,0.16615470476140204,0.07925295964578782,0.14321975910013574,0.1057207555584555,0.10535579221196922,0.14834363371828296,0.05001230479139007,0.11707730505329039,0.11375084050028095,0.12913467596083317,0.24875951357909765,0.08443625581592362,0.11725931863842287,0.22315342881629685,0.08279775561526148,0.17352821610720026,0.48935125874635355,0.4648307623124843,0.25399637787453544,0.4587877362678523,0.3947874135437407,0.4579634580262899,0.6971495011604003,0.6962346614391524,0.3591747686518185,0.5247978289938013,0.3977547628424729,0.46587609459413604,0.42970815411054397,0.36056737996441257,0.4182707487781534,0.43837352199510826,0.34840299718676004,0.42629464034142095,0.605036521209176,0.3598045375131712,0.5693624320464032,0.45015875199249633,0.24389603495976675,0.881486948299758,0.6388459699607016,0.6962447144314183,0.5574079330626193,0.35324731885538374,0.39174074468950715,0.34968588991687943,0.513961271572426,0.46647304961824143,0.6697818796968595,0.45814933030972205,0.43974248029048446,0.4994739827753967,0.6636363482948137,0.4563469787056147,0.37201330251049625,0.47841147045120125,0.4166006992291611,0.41388250957755934,0.3034623360209381,0.6364467914556591,0.554401531362581,0.3827138497006487,0.3524210106647545,0.5204183486996175,0.3597016035360143,0.5,0.12884320446653386,0.08348530507785112,0.09875160681190409,0.11849769376670549,0.14618694599118565,0.060975340353016216,0.13692276384862856,0.06204540316598206,0.0661305790339134,0.08658233290866624,0.10154902375753228,0.10578564190529605,0.11642603291924825,0.13658693149136814,0.10016363045355203,0.1003721545496623,0.10500949091488654,0.13528338849051136,0.12574779820861415,0.0912334180405755,0.14936851276944596,0.10518109193783898,0.18795881667417835,0.12459297364331146,0.13433714830619292,0.10053904608398778,0.14365449909226724,0.21928009562007023,0.19174895537733427,0.08461658442948272,0.10306255446473045,0.1430554296317873,0.18112085552583612,0.2589865702119649,0.08846937081362516,0.06525899236346377,0.14908321167818028,0.13018773680883022,0.08564133856141676,0.4816944068603618,0.5833835537394871,0.4565011356682235,0.25026401673186116,0.22182769531023805,0.23706114287447477,0.5769686443648926,0.9029525878809033,0.2438756777518385,0.6513296422086619,0.6403101179093054,0.0646393703538436,0.13839651609527082,0.13827810402039498,0.08331447981100681,0.08622941282980323,0.0824158881816307,0.10764587252557767,0.11435296324771294,0.11565167770236484,0.18842229090303175,0.07561957161220778,0.09122357096811295,0.07810986145812449,0.1048030889485162,0.087883464500491,0.13656176137546283,0.07929100221945895,0.14081906526952803,0.10591401126253197,0.1857232513563427,0.12103547463637876,0.11060147147594779,0.06835730177502353,0.09060361451525933,0.10163176404987229,0.1281584992521353,0.09393688241350318,0.13694641684213416,0.11190043061727384,0.06441203659918826,0.09243266002279593,0.11854932513635508,0.07805831508195449,0.12305692095795484,0.10171195847346559,0.09460157440604389,0.10165991801550767,0.1214767190133631,0.18331280668564942,0.10996540890020545,0.08242682243347754,0.13907738258603408,0.0809586350176913,0.09323576058377425,0.12804054306645696,0.07317454390581779,0.1334485148156257,0.13620980858872178,0.07570955973360116,0.12317749680099632,0.14981290677618142,0.15069673110013837,0.18902473681739507,0.1060589347326013,0.1281567156896527,0.1097987988138881,0.1699253666703746,0.1088871751680206,0.1865644793455674,0.11601830874145502,0.07538183462443815,0.0977692933664479,0.0643552726345149,0.19925704381579967,0.09327883182892782,0.11694989142412726,0.16490300127955815,0.06204421272344496,0.08392260110507399,0.18485351643611492,0.12279536864162677,0.06633951582531383,0.06244048518728662,0.10521825476299829,0.13062763201258243,0.09934167358137724,0.28935806687322463,0.0933290377609145,0.11663262513654993,0.06194818160502902,0.1176810728030544,0.09193783073627693,0.15102968253202242,0.20769875663170767,0.31502370812413516,0.0932167337834584,0.08575865129557436,0.11429843300625142,0.07678983356605895,0.12194731515406776,0.10697543260164988,0.14598106795058086,0.12899574605497244,0.08627118454264404,0.11072153108489291,0.10342730578104431,0.15800823826790478,0.1582806001645891,0.1037547511581951,0.08121669214567662,0.24167008229582876,0.27476027199096165,0.20393998806908875,0.3050149676502726,0.11326258653059995,0.13030295361199473,0.22011260622829343,0.29230954277742993,0.13640903413266947,0.2022969631216146,0.1532744162959988,0.26051327533049684,0.19622657645384622,0.19683910431601925,0.07344457220209488,0.2622178377414792,0.2075929162085528,0.19042305628522127,0.29578452286178825,0.2749301653882027,0.31078054331358373,0.23133768535213795,0.19057323278748262,0.11133612994105457,0.20486917200536758,0.16935611139196027,0.1242867501919479,0.23706114287447477,0.2070628845396172,0.2925868527798623,0.19684067017485707,0.22182769531023805,0.24038028079880858,0.10680996212916294,0.6027120136610613,0.6099427331584379,0.31459645368602085,0.38798078665601243,0.7954532622918206,0.3620377156622354,0.20766584232303198,0.580081677750178,0.13825849422218506,0.6513296422086619,0.6413235764023155,0.28029388114705944,0.35156762455242063,0.20444256331080213,0.25026401673186116,0.5769686443648926,0.08705397983019658,0.08971106532850814,0.15800247815263357,0.10913683291285459,0.10863655538068295,0.0944128782430349,0.10740412244766151,0.08612660594272392,0.15922237982214626,0.22870274305108773,0.13759752985371498,0.11106461792317346,0.10290581208560623,0.12834720027067015,0.13954806465458125,0.11424391922207588,0.1809131504725171,0.1364960823059822,0.2601601356937807,0.08758537937715949,0.17786707377907052,0.07629937539375808,0.15896793333750026,0.059407432476803246,0.12666715721583977,0.2070424106776383,0.2966681137041892,0.17615479765473896,0.13484094906134436,0.1918696051640565,0.08349515444167233,0.12318524932923824,0.13430238757035218,0.15493131663604298,0.09601667512384882,0.15773002210642162,0.28241587469000207,0.09502135970107317,0.0968356024141186,0.4350484984712427,0.3303049427267084,0.2303659791157866,0.10825654115349415,0.1030417977889504,0.1494663298594744,0.16964816348845657,0.07426196614246183,0.11524385771095169,0.06534316766375325,0.24902798858242492,0.3195680537754766,0.40854655385223304,0.24026605762016917,0.3408413004491422,0.24554250760493324,0.24303556468631182,0.329886281020368,0.2094623629420893,0.28541200448732296,0.30223375166498,0.2096703125157504,0.3377886364716063,0.35446472576250354,0.17781148727174734,0.14338319882271455,0.31334714239096173,0.29504725252003894,0.342239404084013,0.27558775639063715,0.32761573100071006,0.36603872211989574,0.32204499014072296,0.2942231121273675,0.1703193541732294,0.23509400250097057,0.1688788023285489,0.1862113737930462,0.27634085998497104,0.32153590446788904,0.24042791809764874,0.22949894499349832,0.22439180751893273,0.2829780251363381,0.40534324567836766,0.42252529352854107,0.2560004599557273,0.23681719846176896,0.2718648297817118,0.23528503721885807,0.35010272263801767,0.36615641831952794,0.23793758411521304,0.4393588958033391,0.20918597835477115,0.3594458097182407,0.21884107908853356,0.2842325613346791,0.3876232671738694,0.24398409474109395,0.30509735113573677,0.46574502143445085,0.4142664327560045,0.35414398757739485,0.4870836559542443,0.42719393875647294,0.496369362575943,0.47273216928236395,0.5039715813815757,0.4871175660923188,0.3283872446189583,0.6281967035624515,0.4621467501442367,0.5557608530909441,0.7648681176702672,0.6044743259911002,0.5664159284285963,0.47867971126099096,0.5888027466973182,0.7213177628819674,0.517378211488897,0.4970381967379387,0.4488993929306433,0.40315177293222004,0.3679311718519306,0.3387543995927589,0.3767948241320732,0.374600577123832,0.5090372596631654,0.3396635009250436,0.6529237219087238,0.28722695709791457,0.7961435845771739,0.4544658781212949,0.5924357954288997,0.5136275981769629,0.4984024758655291,0.18391941933439138,0.2438756777518385,0.6413235764023155,0.5486226812144636,0.9029525878809033,0.7360528498665764,0.3151151802404123,0.3852900885131876,0.2070628845396172,0.5962341943376884,0.6852409361543764,0.39290750058905,0.3054389491680748,0.38798078665601243
63,0.13972445970714253,0.12272527413995316,0.1483187907005732,0.14104396731165703,0.10697813528689981,0.3484124586377856,0.0899496567723046,0.12728372176956537,0.15817068645207433,0.09589893252793369,0.3799244743190656,0.0953685001731287,0.2115173866882354,0.1627923499377304,0.12174944290319889,0.14162921836278852,0.1518849975002775,0.10022193006714408,0.21242392822643874,0.23532592494542925,0.19551643993721934,0.08583327827481602,0.10066997775705311,0.09721097028093462,0.16357110757435755,0.40477481052490716,0.15814153032862566,0.096228765494484,0.11411053500891433,0.08291792674427323,0.544590306832364,0.20260591336258604,0.13817213796873284,0.1051261496719188,0.17298856011954433,0.20930866252277236,0.21822932538985762,0.1787745146012143,0.06997431287298628,0.14049387012170378,0.19191920300097776,0.08841655471883536,0.3247132046596024,0.22023024276427783,0.9029378338836215,0.49159057328386635,0.3656476715840373,0.468557459245839,0.5713279739734632,0.38578776442729634,0.2003628654605487,0.15595064234662126,0.06579163803168697,0.07088682157825232,0.07000725679312991,0.12022818144239522,0.16128152614346325,0.18880813845071542,0.12168076769708924,0.11378030699244435,0.13346666968380516,0.11532527401984571,0.09461126837145695,0.09869423608327155,0.08202085991277941,0.12701262760498921,0.07245487325337452,0.08680511694881521,0.09660045019839292,0.07206585732479753,0.09808260452462891,0.11551666864183052,0.16762467601472053,0.08505660970134121,0.13118572988639854,0.17830628483382827,0.07021360083659278,0.10548118103199311,0.06551951888949914,0.12289264925239785,0.10826784338892537,0.07088424037992225,0.15022718210702346,0.08216882336285303,0.164155493075393,0.07852524102014546,0.13852826813060892,0.10368566668177615,0.10093129938642453,0.14553578159169422,0.049048807551723916,0.11591049974969159,0.11220183423149321,0.1278918102084038,0.24338052379155783,0.08311269852243608,0.11579002479884559,0.22115551231826425,0.08171919861078947,0.17157502901477228,0.4885024211917923,0.4646754157247176,0.2533720371810916,0.45729972482668535,0.394718637560864,0.4577361480335529,0.6965174855341594,0.6960819804925193,0.3583599935799945,0.5237347108943269,0.39716675287973147,0.4654596293892379,0.4287452314828806,0.359914301466589,0.41715338540721336,0.43822599321251465,0.3476838939149879,0.42473389028264585,0.6050272078835477,0.3594272911998494,0.5693805677451921,0.4495446571607511,0.24331523469603444,0.8815834090516372,0.6383262634500618,0.6964734900132795,0.5572601687006495,0.35287721137851646,0.390907636907767,0.34952299179928403,0.5129028542656215,0.46498448495458655,0.6697783504976322,0.45786294656769966,0.4394473376030006,0.4993655804708038,0.6623251184912362,0.45572334598190656,0.37132495248453534,0.4779240839619159,0.4162695564820922,0.413501823247749,0.30303562400284567,0.6359258057907788,0.5543015240515801,0.38255656148931505,0.3520954131714391,0.5188553771790403,0.3596156907468324,0.5,0.12514125492625394,0.07904362109999064,0.09505517339364422,0.11396376760834237,0.13965973029840095,0.05943792687972016,0.13259461391827865,0.059429255568836936,0.06445947653202477,0.08289428893047468,0.09890589321532128,0.10400644339798149,0.11253673681852905,0.13080752551887298,0.09725816270098975,0.09815064842015675,0.100834382740417,0.13057854987805795,0.12268944250313185,0.08961890395176308,0.1440355737910889,0.09993838682289136,0.17983660215135222,0.12103441834158335,0.13020348848433305,0.09790349192283765,0.1382744449198846,0.21387088436765622,0.1844475410202162,0.0817221171807957,0.09933188714269947,0.14151221879396259,0.17138699360853948,0.2506709950904764,0.0851822576077067,0.063637276199357,0.14662996112947713,0.12458435107117871,0.08255445029419706,0.47963926060021056,0.5708957695527632,0.4367876975411147,0.24244774947490566,0.20915739579171977,0.21734558555897465,0.5743178774515894,0.9029378338836215,0.23396401876621542,0.6387898618625616,0.637417278141243,0.062111769304036946,0.12832836724046193,0.1354414892889576,0.08082416782926294,0.08301878688368503,0.07835162551371999,0.10306688629545324,0.11106741439894774,0.10754972414042419,0.1822048598485786,0.07339828029282336,0.08846871061005734,0.07483524612434467,0.1008064456387312,0.0839013458063389,0.13313811249990837,0.07374306768938776,0.13453044638650768,0.1016077340808842,0.18004838744508733,0.11640531721761882,0.10435230135791296,0.06507889437597536,0.08666789428558874,0.09624089041318495,0.12323125405613033,0.08838640617677851,0.1284495830676331,0.10707974915376506,0.060502561247091635,0.08848766431191979,0.11223315139052759,0.07434137525678908,0.11906245333832288,0.09649807221644058,0.0898472190483447,0.09861249230304603,0.11656033836641855,0.17748555891060858,0.10448888466166162,0.07870748402941985,0.1326719790058799,0.07800544476519611,0.08923956918381992,0.12430613175544392,0.07004711745734371,0.1287124941282397,0.1328070093827295,0.07246329939506035,0.1170394547583079,0.14808508566703138,0.14753305608069822,0.18662070422652277,0.10448056527935734,0.12672979030226705,0.10827142725009853,0.16825555269242642,0.1082648228753309,0.1849569004864513,0.1151141259958317,0.07467330645363868,0.09490946772806708,0.0629957810237286,0.196463550737754,0.09163271212342838,0.11606165801214252,0.1621220056368099,0.06103509586450406,0.08242363508724482,0.1774573272855966,0.12186924807565913,0.06549809262805939,0.06181057921633004,0.10385560199498634,0.12400194409336251,0.09721992738993124,0.28736204986654845,0.09204314481014353,0.11572465825107725,0.06060065522580138,0.11649377596503818,0.08994005679652872,0.14959199807682544,0.20696942466716828,0.30921291982672794,0.0922287297713793,0.08401153983337173,0.11257480488939065,0.07530787336388145,0.12072923802581781,0.1058800288926075,0.1448118402862526,0.1268903530776404,0.08427314719644374,0.10819456444754716,0.10169191015041978,0.1555196070247652,0.15716793331366763,0.10050465754274884,0.0804364979085932,0.2404694185611802,0.27381926060663786,0.20330300280755054,0.30300159826467243,0.11225989309959616,0.1294101209177132,0.2189996670082559,0.2914052952399989,0.13570054483894645,0.20175486107969298,0.15060099767214363,0.25911254597404976,0.19482239119448364,0.19552031235569278,0.07272052091856562,0.2614969897586068,0.20698876345131723,0.18886995791275785,0.294562753710906,0.2737939154165768,0.3094437261738412,0.22962084995228538,0.18986441278184063,0.11004023487957981,0.20317590727129253,0.1680971319946305,0.12253589956625188,0.21734558555897465,0.19727461306814198,0.2768815562213156,0.1894966556750015,0.20915739579171977,0.23078766824916963,0.10153966712446749,0.6019129158094803,0.5967965394907213,0.3075887885506775,0.38229165326305037,0.7925890192255002,0.3619268415211645,0.19202100934713673,0.5726135029946757,0.13140345206854476,0.6387898618625616,0.6414417577874297,0.2780297385886632,0.3459248448744682,0.18980616460457667,0.24244774947490566,0.5743178774515894,0.0836380718717118,0.0865764951381921,0.148795482197021,0.1001049576179952,0.1036142863769397,0.08964561503612734,0.10212852883956114,0.0799207252369164,0.15057367378746722,0.21949581170266996,0.1288616893794745,0.10589130293535831,0.0980593346196178,0.12048330841668142,0.13157884111205032,0.10737248075579409,0.17117383248246343,0.12868368964469457,0.24373399328024048,0.08499720250706655,0.1669479663215413,0.07195267215358725,0.15116070391368253,0.057038136992644595,0.12131853684468141,0.19543912511352035,0.2826006453883255,0.16553817662670367,0.12601727791621453,0.1781623592832936,0.08079271416889433,0.11846628220897448,0.12906055443223963,0.14424479611442165,0.08866436762832874,0.15010179883462993,0.25881957197008576,0.0898612683508122,0.09065440298615501,0.4003576138670679,0.3183031550924462,0.21616668117533666,0.10152452456966943,0.0973209373798074,0.14425252331786032,0.15839991163035794,0.0693564879015579,0.10722455235893624,0.06260862378986698,0.23462960931092625,0.31786829640511316,0.40720571807912287,0.23810780862041236,0.34026422383316024,0.24397760967304416,0.2416289860023465,0.32672625263188215,0.20836247513722184,0.28411557459358294,0.30130397552751986,0.2082246550102339,0.3375305221960375,0.35391854316328264,0.1755924941771203,0.14212360625795428,0.3123685422451049,0.293275213551631,0.34129530443729517,0.27387154044400697,0.32635620198578175,0.36441615259690374,0.3215644385185509,0.2934567464407625,0.168569271585728,0.2337630952189087,0.16794498869414942,0.1840437859073797,0.27415187481560344,0.32059744303010973,0.2381238292652701,0.22839196218613644,0.2216027643551618,0.2820186705458221,0.4037373582868228,0.42109995534690603,0.25307730169692144,0.23472816923029227,0.2707207383089164,0.23492034243628124,0.34922638962993013,0.36225374137277844,0.235339051568059,0.4377963980050211,0.2075492080513276,0.358550182448938,0.2168995641915087,0.2811066688574907,0.3869661682562303,0.24217248545721215,0.30419611954733994,0.4659883522308992,0.4142016208059548,0.3538998034287594,0.48672119122266044,0.4262001296160739,0.4963963226741368,0.4729739841438042,0.503922948794598,0.4865108816863606,0.32792635593789243,0.6283057761555172,0.46202764864200263,0.5560407467407457,0.7648553201914554,0.6047231742381827,0.5645729159782297,0.47817096140874826,0.5876912687073046,0.7210860731694994,0.5175011906031664,0.4967147027719987,0.44910491850410295,0.403259754413016,0.36667455469276766,0.33852226502036364,0.3762262894594919,0.3743387769091724,0.5090281277309778,0.3387091682475837,0.6531727384391822,0.28666194730133876,0.7958260324769382,0.45352374857571665,0.592489182851746,0.5135220469074881,0.497658611850038,0.17300046758363075,0.23396401876621542,0.6414417577874297,0.5473816158798627,0.9029378338836215,0.7287670628145194,0.30455310876361985,0.37407785075662847,0.19727461306814198,0.5955721575225152,0.6831141365571709,0.38685796542830375,0.2980135693276671,0.38229165326305037
64,0.1334951769534547,0.11752887381638011,0.14402270381369364,0.13346559689948867,0.10043890641876574,0.3329952769579315,0.08463467033567562,0.12120204983896021,0.1494183257571755,0.09256963625939052,0.3659237825909082,0.09193231987076067,0.20356781967618376,0.15611769936877362,0.11702172678862743,0.13588910100411045,0.14838564740704596,0.09476094528638523,0.20499200908698556,0.2268499912662012,0.19126474111968816,0.08244389566410304,0.0959779236735464,0.09176118114513743,0.1313906594383163,0.379713136122961,0.15341298963670347,0.09246150488361538,0.1087657622070185,0.07933475692580039,0.5293314719944822,0.1961785608236013,0.13212143615791094,0.10153423179951482,0.16609555000759546,0.19934518531762146,0.2089011637037259,0.17342864913865397,0.06589642051054567,0.13506543969227225,0.18685906909704042,0.08495300526607574,0.31577015738770486,0.20759368855129534,0.9027564826751443,0.4913126307081753,0.36372693421576074,0.4685064990340435,0.5671387981568657,0.3845080348077675,0.19470882948321167,0.1551370110257163,0.06472045716686237,0.07063211733258812,0.06868554528655035,0.11922633755310741,0.15708088923559493,0.18778496333516226,0.12064006811338479,0.11235163048538954,0.13271405193726404,0.11269162733449412,0.0932299487628322,0.0970558365584534,0.08108418377691129,0.12426022569428696,0.07159072212575912,0.0859890805388176,0.0955348748509901,0.07116002544318745,0.09597806212560289,0.11381617954602097,0.16695764642086097,0.08435372291350351,0.12834032512369675,0.17619962118290278,0.06954652285113672,0.10408559850323784,0.06413199098867006,0.12049403753288335,0.10671673258440406,0.06911685160412129,0.14863570189463438,0.08008580165887669,0.1627895500995683,0.07764445082486093,0.13605767893179,0.10194064569289807,0.09922138855044427,0.14433702043757013,0.04799912470679546,0.11434544503975008,0.11087417056424054,0.126939416531761,0.24116850154005143,0.08196220049789815,0.1148985264307929,0.21982115368908783,0.07931142050774254,0.17026420139241316,0.4883119911523066,0.46456376187392556,0.2531348500705133,0.456505770602909,0.39465014902947604,0.45751810616496313,0.6963709169841814,0.6957762193515483,0.35786273984945327,0.5234058521473239,0.39675202562012024,0.46477829892252875,0.42866873062358857,0.35969027775171547,0.41670274637406657,0.4381942302144155,0.3471621792854491,0.4246846788835804,0.6048391608328991,0.35932139582381994,0.5692448360577064,0.4493432305589685,0.24291143379821623,0.8814430598791322,0.638029902363346,0.6965252323548086,0.5570754548557502,0.3526912736628136,0.3904428168099582,0.349359101056967,0.5126654257592325,0.4641433890739163,0.6697274531365753,0.45752614518723855,0.43936768290391326,0.49906837537239335,0.6619418554587877,0.45479187823288025,0.37101336064265455,0.4777531673459672,0.4159657695570469,0.4134106665153311,0.30246898326257965,0.6357313167116974,0.5538435305468019,0.38247669822083175,0.3519428296250564,0.5176954223080936,0.35952726539428914,0.5,0.1230744016047286,0.07682790235038772,0.09299518085911507,0.11094156831655577,0.13722983279237178,0.0585262678082743,0.12862234462761368,0.05740442199921125,0.06314135553568012,0.08032744009703274,0.09540669472451502,0.10086135812367014,0.10887412868094493,0.12796277842498494,0.0945870503881604,0.09713995938799758,0.09868219800640177,0.1276905893142788,0.11900677767890677,0.08847611368408326,0.14179375210646683,0.09679239727858091,0.17835915678334746,0.11734789040306559,0.12804872594412142,0.09517624276752523,0.13544586673729975,0.2112832655423007,0.17979728788077742,0.07953312653361277,0.09688154912938685,0.13959251020642172,0.16680737133065338,0.2458346292558392,0.08190817081854163,0.06247622381489992,0.14379329586852296,0.12194530882759358,0.08034700627698788,0.4786692494101338,0.5688416101213327,0.4230057468637006,0.23711749737614285,0.20555002462250538,0.20589493197155473,0.5726423542479782,0.9027564826751443,0.2307634738837141,0.6349922778405541,0.6364583489903237,0.05991956295300194,0.12431018183444087,0.131470280045763,0.07866082362328142,0.07978269807391192,0.07531290183365591,0.09893806573942276,0.10801263028476826,0.1004217610004482,0.17594094927255488,0.072063496760715,0.08556061516612412,0.06996269642701058,0.09797300949057375,0.08100886968049348,0.13093469040747496,0.0697698996938605,0.12651827604207566,0.0979147067599343,0.17480067040329894,0.11248622556301757,0.09977381639411254,0.060971189837248585,0.08275687231705442,0.09223600261254172,0.11764031333986602,0.08629022515789952,0.12504543893999132,0.10515990513351403,0.0585579835683786,0.08577378987921758,0.10957402582301345,0.07227588421528819,0.1110466039998046,0.09434501825421837,0.0876377083462716,0.09431989069084534,0.11185390803211814,0.17534408945633362,0.10261365481663431,0.07500070641092282,0.12487493584917608,0.07539423325645911,0.08594607198616755,0.12020398096634499,0.06842308687468346,0.12693219021027502,0.13012637053221388,0.0697905932053331,0.11421184618203317,0.1473012116007194,0.14638159583398092,0.18517564123538732,0.10339995873310825,0.12559911032724036,0.10771777971651086,0.16734840996567169,0.10766438830772351,0.18191939708049887,0.11430106940170581,0.0740747414244266,0.09320323765975114,0.061791622472935126,0.19577313717127254,0.09080102200554219,0.1152619806972246,0.1610590624560042,0.06059516877969062,0.08183318058225697,0.17495926914497173,0.12098320851232724,0.06498087310298273,0.061347338462698686,0.10300905169604868,0.12203100979539949,0.09607630544370382,0.2865516524615447,0.0905179249561221,0.1149460614299177,0.05982123682268059,0.11510964819803526,0.08842947461021933,0.14800872072699844,0.20531750920422176,0.3078755996139193,0.09099842958275273,0.08274781643336182,0.11121448196479633,0.07411277368730296,0.11970552655931022,0.10429462464722394,0.14369234696909383,0.12616882036064403,0.08209484511542653,0.10743706636598738,0.10016289895594677,0.15406333074745604,0.1567358900492255,0.09824083018991192,0.07995298368608383,0.24015638933117234,0.2733930924828626,0.20292178448658504,0.3024963935172367,0.11175800727887597,0.12857553556422907,0.21868751078496973,0.2908899045735276,0.135447121543239,0.20152197110839976,0.15010928677997515,0.25722651178082545,0.19451125722888463,0.19352261475451327,0.07232999222038483,0.26069060939829336,0.20672637346351175,0.18754240482478834,0.29415129785536476,0.2727603734659151,0.30860983051888724,0.22806914347902418,0.18922975576872147,0.10882509434320764,0.20281158914102082,0.16712496704801594,0.12204457908596267,0.20589493197155473,0.1933127834028372,0.27204010260909195,0.1786076427624369,0.20555002462250538,0.22467591116803787,0.09741717443956854,0.6015715379007227,0.59085334666156,0.3039385325735747,0.37754605344127357,0.7908456834164794,0.36186881082864264,0.18661440081053593,0.5708567671928485,0.12614588853644915,0.6349922778405541,0.6414878596280282,0.27743648649111574,0.3425809872624206,0.17602029269986486,0.23711749737614285,0.5726423542479782,0.08026320812881427,0.08411122175175967,0.14276741089807865,0.09454179247255956,0.09980612639555275,0.08665758577293226,0.09850787293860097,0.0774108992166308,0.14634898214520398,0.2133252193111731,0.12539107230118418,0.1041309421981722,0.09603367577424482,0.11538690467433532,0.12414925720571068,0.10358913611419329,0.16029766603490536,0.124131323103437,0.23605967025032404,0.08234002195736556,0.15692292120917595,0.06906278424462886,0.14749933182330144,0.05522583125457248,0.11787020448347452,0.18997882849829417,0.26820548229916064,0.15949011611974195,0.1161043372885312,0.1722924791694277,0.0779536775689833,0.11436331365695396,0.12660908980810448,0.13870086606095455,0.08449086735576683,0.14505842113028955,0.2520609689159564,0.08705156213455467,0.08811289353929463,0.38339405046914476,0.311359348823686,0.20674812689155897,0.09503061206655972,0.09371133015958832,0.1406861739551275,0.15193662224958526,0.06619868408949503,0.10421764758852792,0.06105992633559265,0.2263743590231172,0.3170922583010307,0.4065843208929314,0.23625354083017358,0.3400166562322805,0.24250686759679918,0.24086204423778101,0.32444962932309485,0.2075797638781478,0.28355597109411135,0.30036665238254934,0.20768617542452428,0.33724769076985595,0.3535187868131813,0.17420988448306607,0.14144226558302697,0.3115994828762787,0.2919866687024866,0.3407858364312759,0.27314020020107177,0.3256385214153952,0.3624798553618206,0.32141536473404275,0.2932267787019549,0.167568990535103,0.23297437258901643,0.1672314267506122,0.18247168729476526,0.2727753293940486,0.32021207803977525,0.2373877459788385,0.2275280755484168,0.22062120413151887,0.28138841055933683,0.4029445140994755,0.4203091055685041,0.25249395289705934,0.23398665758935588,0.2696236109653294,0.23449177598612037,0.34876298016608576,0.36084113400788587,0.2327779813234091,0.43715422221404443,0.20643325786255606,0.35828944493144,0.21535859416658587,0.2784631001374763,0.3866426110607982,0.24099512661730704,0.3034517210563643,0.46608255807000953,0.41423044831356304,0.35383009396287846,0.4866281657471645,0.42559464139521563,0.49642651661009596,0.4730517278054166,0.5039783079746027,0.4862618488757813,0.32776469330863467,0.628332069221512,0.46178230786078756,0.5560771664405536,0.7649075442678237,0.6046837473484334,0.5634308636697235,0.4779222295578823,0.5873373654507967,0.720995614550844,0.517552462674129,0.49662428591184893,0.44913364503276654,0.40328196802666116,0.3663228708966192,0.3384751931522443,0.3761346238716863,0.3741636610274677,0.509035719026061,0.33857506597636366,0.6532182291214974,0.2864947880024481,0.7958178557728506,0.4533266002158187,0.5924596760154859,0.5132537941044073,0.49766513445886884,0.16897689924912396,0.2307634738837141,0.6414878596280282,0.5470375477703251,0.9027564826751443,0.7266676209226397,0.3019592171781683,0.37094505554130763,0.1933127834028372,0.595293446433401,0.6825001407462878,0.38451574190980375,0.29459085567572774,0.37754605344127357
65,0.12564921282175567,0.11074343577672252,0.13851710988859434,0.12410219287091073,0.09387662155383658,0.32278699838698055,0.07990381490221576,0.109308147432161,0.14207687480463727,0.08910680744214328,0.3461841557403038,0.08721982190522215,0.1951677074080932,0.13606494223235832,0.11087191249800721,0.12825848122290373,0.14189531500013075,0.08958789687908342,0.1972775231024405,0.21466420590750435,0.1845459305133722,0.07934258964156948,0.09135967067047168,0.087985834731937,0.12406788982530104,0.3559150468127984,0.14421907288175884,0.08655672923931457,0.10347014133875287,0.07471943117291235,0.5138760585241519,0.1849917202912864,0.12072964956894616,0.09693550305737353,0.15426792796783195,0.1832630183804843,0.19451396917445085,0.16617795540363756,0.061728969649182286,0.12426524523862459,0.17783196783206856,0.07985884644548658,0.2997398495123549,0.19335461227280415,0.902259066721609,0.48980951376272974,0.35880348261030326,0.46815465605124373,0.5525534178282451,0.3801821734420977,0.18276857137851943,0.15257638751438118,0.06383995022843825,0.0701410565266174,0.06760655384766145,0.1174646654965722,0.1519213668788253,0.1863420670294459,0.11830351779779491,0.1106612081971331,0.1309406381849353,0.11017019323556032,0.0920040131723332,0.09436575234371936,0.07902999443200265,0.12195646147361572,0.06997284731088083,0.08450208015617333,0.0925005910813842,0.06983108221047651,0.09222041205191078,0.11208974586367648,0.16561432193314884,0.08293496839305214,0.12299410036553282,0.17201034004233118,0.06879603456154715,0.10164639358138472,0.06199334838638915,0.11689186119238015,0.10475598157638555,0.06774822914015766,0.14439474175704503,0.07766081913745626,0.15864593275846517,0.07648753929470775,0.13228857634565483,0.09887749451479999,0.0948355621587218,0.14190334708288044,0.04719361816776657,0.11188167761140955,0.10873187795799177,0.125782327478974,0.2372539213591428,0.07977846480481643,0.11260445906416372,0.2178904536978491,0.07814545962421593,0.16736898662189814,0.48643386695206225,0.46359289649540447,0.25202821320696756,0.4540721201407911,0.394449361487323,0.45681703082743463,0.6952963384582271,0.6947967193501341,0.3567006641189544,0.5198684145646241,0.39546006504960196,0.46346911984445194,0.42766027334931767,0.3586063682119881,0.41530864655858435,0.4381604932866422,0.34482149970280906,0.423484096072984,0.6040978955880199,0.35870988795801495,0.5691195102934583,0.44780401716738505,0.2410469426843429,0.8813042093962655,0.6367609383454768,0.6966972625033814,0.5563458830192783,0.3516904517807119,0.389188995457175,0.34881475891305336,0.511479330425169,0.46112981204590475,0.6694052016474004,0.45666521279354044,0.4392004489734066,0.4988472272019686,0.6594203482245503,0.45387410265438277,0.36996434509639164,0.4762571570392983,0.41474711503778516,0.41281980081661984,0.3013149477540342,0.6337552054806933,0.5526879500059314,0.3826991649675553,0.3513048271080548,0.5145760137109998,0.35931868723759863,0.5,0.11937657758856879,0.0719682006461736,0.08941105513853909,0.10569882263641284,0.12826522091540005,0.05719793403102691,0.12060635692267097,0.05498098008819563,0.061471870444254395,0.0762494026073316,0.09203962455963244,0.0971300190328539,0.10415995693338109,0.12249624660454472,0.09082554625803807,0.09477015780339038,0.09541062285441715,0.12282154782551225,0.11525040116888219,0.08665665484329099,0.1353195539767892,0.09268968234896746,0.17335506683557578,0.11373317557097751,0.12362785198230275,0.09113705650745252,0.13177796169811118,0.20493020524542183,0.17135888420784406,0.07556216285138251,0.09324550005345789,0.13699732252614327,0.15880145979799665,0.23662947530161715,0.07812153914266895,0.06126148514448726,0.14075327972459728,0.1144748887770668,0.07837584471200065,0.4759504295018542,0.5604590195856544,0.40686260236899974,0.23073254653211928,0.19826444554351652,0.19641354337675654,0.5677317596010194,0.902259066721609,0.22303081315884954,0.6199967758511216,0.6319551513611967,0.05757270102169598,0.11644064550031774,0.1287141130818218,0.07572465459929856,0.07664259322059819,0.0715668826098026,0.09450572871799345,0.10161719963730231,0.09562713448572768,0.16977330987396688,0.07002446592093292,0.08165278629889172,0.06713252849399143,0.0941886043799286,0.07670430231319714,0.12761289959754674,0.06643147222608414,0.11537215967139502,0.09255483793956687,0.16801858617840748,0.10826416528610561,0.09315817236579305,0.05706964509306278,0.07822783169107694,0.08937079428906258,0.11073655274455385,0.08230488033888761,0.11807422118324873,0.10264180232811349,0.0558406822037788,0.08221172328713577,0.10471708553954606,0.06882382599593995,0.10543840026147633,0.09136565849752765,0.08419706703611596,0.08768722131946505,0.10596436479784888,0.17184964975466566,0.09871826750840518,0.07183733289497174,0.116950341096418,0.0730507196493857,0.08211416671149896,0.11280419547538167,0.06598461948909884,0.1237253392234392,0.12634849275604232,0.0668342492097006,0.10940934661279167,0.1450359239812562,0.14068798912684743,0.18138177519290732,0.10192001537875905,0.12338797542622626,0.10603659727074322,0.164459878547209,0.10664644440124349,0.1772245101223986,0.11351125847711963,0.07266792475834671,0.08950136340600523,0.059808697521551824,0.19410112875183383,0.08878301863057325,0.11397347250815759,0.1566950807461176,0.059555264611778735,0.07955465266934436,0.16881096927010153,0.1194103870179849,0.0639226390682609,0.060354821552036864,0.10073200031266338,0.1178111941044665,0.09397135967738857,0.2837131405555968,0.08791221819818618,0.11363133080856902,0.05859736147092087,0.11322016046509231,0.08621898117514182,0.14559365548572545,0.20247521333302032,0.29946738266875406,0.08932061716436834,0.08005602960661451,0.10751046686575083,0.07174489975818954,0.11749955923757571,0.10271791319997303,0.1420702104702134,0.12410923599673573,0.07880568332245896,0.10558394338671917,0.09737952559577179,0.1500147200284626,0.1554407624190809,0.09397485277165785,0.07862476333250468,0.23911070921363808,0.2720576184785084,0.2015246529388378,0.30007587953221015,0.11035724968744842,0.1272591361319182,0.21762875644060564,0.2891729163139475,0.1345490497420665,0.20062962723211497,0.14765802183127075,0.2545426053619346,0.1932782176766219,0.19003710704583776,0.07159407313882549,0.25917040486211007,0.20586676414667826,0.1848132479642154,0.29276326239834516,0.27120094485809765,0.3058938494822956,0.22501838799444762,0.188045160557329,0.10775411286147873,0.2002631271577675,0.1643239140329985,0.1203916153098179,0.19641354337675654,0.18584378295574489,0.2652593541443886,0.16640860460162843,0.19826444554351652,0.21786704985197725,0.09274650325601264,0.5994706571929915,0.5771980012163973,0.29854780438367834,0.3676655663455133,0.7849704538280939,0.36160365059784694,0.1803648299227545,0.5645605586017357,0.12012406940750797,0.6199967758511216,0.6417691933758536,0.2742380126034262,0.33750856654613437,0.16870641395082342,0.23073254653211928,0.5677317596010194,0.07689483537846686,0.08108051421422013,0.13787196011328662,0.09028749155866433,0.09664897624237512,0.08243786722240598,0.09446003538183079,0.07297938285318972,0.13706572905467795,0.20738943713156743,0.12088652482913265,0.10021288619362234,0.09361904864314852,0.11104278883248875,0.1192868522804782,0.09862985939611424,0.15426313654472845,0.11788082132269495,0.21984349262353176,0.0794639754007731,0.14958370644987762,0.06676457537762615,0.1425162109948973,0.052260614994280696,0.11261768449214016,0.18416473191242644,0.25956060134855985,0.15106604417805647,0.110694348356139,0.16366070387827492,0.0755586184578434,0.11123429040405475,0.1222961280774344,0.1333862288872253,0.07972464321443418,0.13950375195762377,0.2401800062426126,0.08265217754771648,0.08454839577160234,0.3669928988700596,0.305201492488117,0.19653862551529333,0.09157516074778771,0.08898581855537957,0.13639554334808424,0.14684959657097163,0.06383469652334095,0.10028367884900236,0.05974532588777259,0.21603461191738305,0.3148859568767882,0.4037124671146175,0.23147452508776867,0.3378879084792318,0.23908508083295943,0.2383859132392443,0.31950050758562476,0.20561224765115305,0.28109944032362744,0.29821901161478914,0.205759585733288,0.3366490437173443,0.3519274775004223,0.16965888357802805,0.13913385858629423,0.3099857692603435,0.2867841281628042,0.3382980315232632,0.2695806835995528,0.3222303624208339,0.3580577576516244,0.320452499705528,0.2921238527116409,0.1642059290854343,0.2296725436768282,0.16532729878063235,0.1786535662251998,0.2677125806744515,0.3191333034977334,0.2336789381377865,0.22594065535400898,0.21710184370530694,0.27989132693503005,0.39999252498395876,0.416976087045953,0.24972036546030207,0.23095616236339345,0.26771292389207013,0.23348633566275978,0.34657241773257286,0.3554059863607266,0.2273575364385052,0.4343436871312407,0.20365329620752926,0.3570455401349014,0.21138609348394444,0.27060414852555414,0.3846937568587038,0.23746556308355238,0.30017783752871174,0.46646317019326433,0.4142580356370483,0.35371977860798454,0.4856828972444349,0.4235803867552005,0.4964723542592444,0.4733162603439337,0.504020455670741,0.48539386955702657,0.32657947443730384,0.6284406963508202,0.46094556994890734,0.5562927597986873,0.7646098266031921,0.604600467537564,0.5591511498818107,0.4764245597065039,0.5843207722395359,0.7200181550948002,0.5173459846606318,0.49569380827369147,0.44928106786023736,0.4035272096959167,0.3647838118649146,0.33841944085132714,0.37515829974594284,0.37351102991244023,0.5089287628923653,0.3376588197601845,0.6533632921215644,0.2851377317436097,0.7951740789960724,0.45153429576216997,0.5919829271407239,0.5124918136303853,0.49673134870563806,0.16190928311851704,0.22303081315884954,0.6417691933758536,0.545274413679099,0.902259066721609,0.7173735378073285,0.2937306609036614,0.3617891121624155,0.18584378295574489,0.5942523208797676,0.679049459939977,0.37688467283045823,0.2870775745560171,0.3676655663455133
66,0.12077873153802243,0.1020923116048883,0.13176213742087584,0.11658431674093195,0.09011688583166888,0.30900792922217013,0.07400236645032687,0.10687205291611546,0.13322042702200088,0.08638227726790537,0.3249595634929542,0.08265818257803847,0.1853084958463097,0.13183606262516867,0.10668323287512993,0.11655147990461645,0.1311254261802982,0.08600222285101788,0.18905760376762182,0.20096736232485135,0.16715507235310123,0.07664421449815673,0.08976651733084562,0.08434857847404231,0.12111815567847495,0.34037860018494703,0.135670781505408,0.0823399361868693,0.09935010149478285,0.07098963790573787,0.48167286819316335,0.1491282571921907,0.11528327202702726,0.09385870803551233,0.1473683259914722,0.17146010943759837,0.18562101010160748,0.1602787610206835,0.05899492575801524,0.11827062978814074,0.16596259061587304,0.07800384243536695,0.26461971820022046,0.18665813089738437,0.9029112657472955,0.4898850057785237,0.35812019449142274,0.46921789148916393,0.5499181899784228,0.3790461120441446,0.18165914914853842,0.15244769847383588,0.06374167718067003,0.07023409869431674,0.06740960569223997,0.11718376055647184,0.14947670776521016,0.18679417467137738,0.11845144331202084,0.11008343325460146,0.13101212045077093,0.10978931842390338,0.09215807774592288,0.09364853459274647,0.07866213581122694,0.12198503467358413,0.06962944592470799,0.08450083158318389,0.09187457489179718,0.06922265309397124,0.09146351332513991,0.11206385814701247,0.16572684197458276,0.0825881253892844,0.12140064824898034,0.1702229329230026,0.06858651702724394,0.10101441208211703,0.061774614887451396,0.11664521365339431,0.10379819187293338,0.06746545191489195,0.1426202336126926,0.07697045522729229,0.15799264960166814,0.07632009879683843,0.13131362625572884,0.09882328981223643,0.09403964174648938,0.1412989662714973,0.0471983085400669,0.11136991961672893,0.10869380613671509,0.12536755545954792,0.23460842743577237,0.07938643996815198,0.11262492063337382,0.21686384121937174,0.07773677943979518,0.166932052101043,0.48713063294151127,0.4646833634900046,0.25241525007054877,0.45478571472186646,0.39524422113537017,0.45777398512885614,0.6958347043158809,0.6958228444169616,0.3573579567602553,0.5206203932238637,0.39611620725045726,0.46414326367315784,0.42845711567448097,0.3592138950823093,0.4156377047955877,0.4390887742161712,0.3454931950885638,0.4237671176975608,0.6053566810019513,0.3594569850984388,0.5702259115395143,0.4486687611106245,0.24158007005809712,0.8820221811506664,0.6373858544359023,0.6979121449357037,0.5574102573410079,0.35246911426757377,0.38961251491667204,0.3496989422164859,0.5120420158619018,0.4608837445566689,0.6706680897637671,0.45775320827239796,0.4400311308720166,0.5,0.6594269080770552,0.4545016474252004,0.3704067634636643,0.4768097171302541,0.4155997251311946,0.41365522283086553,0.3019790166391041,0.6336413950754664,0.5537676370950886,0.38364962425892923,0.3520691678076998,0.5150291482603394,0.3602513076177445,0.5010914278554399,0.11787338120164925,0.06968651470579545,0.08807879047408151,0.10253005033856244,0.12529130110028786,0.05689906095204178,0.11768318135539413,0.05369499283089574,0.06029425283685541,0.07465967353316316,0.09098266771184449,0.09637003319943005,0.10233891107737669,0.11927264186830921,0.08924935477046736,0.0942732133278803,0.09435981573812136,0.11948617776614279,0.11403934723896436,0.08620469964948219,0.13394047732503422,0.08725802207218014,0.17190252356379787,0.10805512020696906,0.12117782003878808,0.08906276869153362,0.1299832414177825,0.20225821013177092,0.16744492163644753,0.07330471673114713,0.09187814215849799,0.13632115250311694,0.1554920527999748,0.2268516058473362,0.07684890512729203,0.060670176582523605,0.13951966686089656,0.11137485928019619,0.07601557028624106,0.47563153806772374,0.5568966169413107,0.395083960046015,0.22602898209538524,0.1915475398095875,0.18817886680796603,0.5670463140548642,0.9029112657472955,0.2182873145117964,0.6128590567804575,0.6317977556752395,0.05701926998836071,0.11325550608406265,0.12826535257192728,0.07501812339871039,0.07641382774923056,0.06955371851649983,0.09127559249732886,0.10098957309879142,0.0937935279721821,0.1648406436332669,0.06973939399582552,0.08031757333866363,0.06634223076148926,0.09237112219372345,0.0759657417873455,0.1267034254053021,0.0645674994808434,0.11197840463417608,0.0895975563846163,0.1665298403307176,0.10740879087043265,0.09140583103684319,0.05630797716061964,0.07692639756263431,0.08712653949811644,0.10829940286123463,0.08152122156025488,0.11591143839130802,0.10225370536735645,0.0549019829486278,0.08010303456829349,0.10225346094999721,0.06772759235742543,0.10300491291907454,0.09000424160654741,0.08341628579692362,0.0858016274436818,0.10264202829933333,0.16672528914065932,0.09748754817515726,0.07138364427848587,0.114403941982677,0.07237858718060075,0.0812600807600774,0.11108194731015131,0.06422613916747422,0.12207263198174234,0.1247123293902882,0.06535701571906338,0.10708517753867819,0.14464634354712336,0.1398313942379178,0.18059466861753004,0.10177128263898982,0.12321409198202471,0.10580648377824886,0.16431390921848454,0.10672487259099916,0.17645875531996835,0.11360370919220208,0.07261612878248169,0.0880232956918402,0.0594915529962442,0.19372029452372286,0.08837845740516836,0.11397576929263342,0.15642244173283226,0.059434787476390416,0.07954080055472201,0.16582463344670417,0.11955055906290035,0.06394175608042607,0.060323878713716916,0.10044080939434674,0.11698883419480222,0.09336241829748759,0.2830170411436772,0.08777865080443437,0.11363742780455621,0.058304685248023014,0.1133671882177556,0.08590786990684385,0.14542845478819366,0.20266240013296288,0.29549959409939075,0.08887007782337575,0.07969384672255941,0.10601971809360244,0.071639303179442,0.11754510570842036,0.10262774928857288,0.14196035558034836,0.12330688688520863,0.07846302673615979,0.10463671500533511,0.09723918628753936,0.14928823384555923,0.15559932657514464,0.09320591115328702,0.07862188625103472,0.23935216100987566,0.2726697189324703,0.20199407150996995,0.2986986874366655,0.11036145777015216,0.12738393327002318,0.21764398371501048,0.28936137371816095,0.13474429962488843,0.2010265552895032,0.1474413595451438,0.254270409947147,0.19337593607723924,0.19023664643205018,0.07172227920949581,0.259686858551739,0.20643670460152708,0.1846171087323598,0.29256161386055735,0.27173490766652897,0.3060381780770016,0.22516191014277986,0.18840620552080156,0.10783229688207274,0.20034053288545461,0.1645573607956794,0.1204628354350964,0.18817886680796603,0.18009456615572006,0.2535005338040073,0.16206631145942096,0.1915475398095875,0.213471970392761,0.09065004728068182,0.600221571233454,0.5713888007629675,0.2953349469920431,0.3663639606460317,0.7832080561529113,0.36251256663351006,0.1718277367058969,0.5593367936225333,0.117113651061584,0.6128590567804575,0.6429751833209184,0.2743575763218591,0.3358200485467058,0.16411032769732803,0.22602898209538524,0.5670463140548642,0.07590973050925232,0.07987680819085996,0.13553628058720413,0.08722307692955367,0.09497087388246905,0.08066163174124064,0.0933528861040388,0.07047881012900103,0.1332768873383764,0.20426087953827554,0.11139253203933108,0.09860225853992355,0.09000916011507665,0.1061459450513117,0.1138181158854299,0.0970278170103488,0.14735145681298156,0.11337891658754218,0.21230361241766849,0.07803307195327436,0.14378031995636031,0.06465080984238825,0.13956571228911274,0.05126631906047496,0.11121056149386555,0.17960328171107365,0.24962497069966105,0.1472184532076164,0.10771005202803319,0.1537774437599866,0.07359139332130005,0.10855437144422275,0.12035235412821177,0.12237737134847071,0.07691084320474073,0.1351883179473503,0.22355034761647952,0.08004485793707272,0.08177182450838338,0.34462289986628214,0.2956723124942695,0.1895658169716704,0.08948831817767622,0.08600762501108072,0.1351589723143718,0.14487477348016264,0.062254324027550934,0.09519431785446208,0.058745356686162986,0.21013665352911803,0.3149484280549283,0.4043359581748549,0.23101584285874888,0.33850954262564215,0.23861545423015296,0.23822970976342406,0.31808957447697717,0.20572942970589814,0.2815295272243967,0.2984210375595663,0.20570296118311504,0.3374557565433758,0.35260002076560015,0.16942613954853247,0.13909798931493011,0.31004010160213313,0.28698996686783285,0.3389172858939353,0.2696954926761216,0.3225286207858994,0.3584259339238235,0.32095659326055714,0.2927138962416477,0.16391797665121088,0.22973805821892934,0.16543645365102777,0.1782725630886446,0.2675899236347782,0.3196566013410638,0.2339578667150337,0.22620728017449587,0.21622031477687853,0.27996641928337074,0.40011283093772787,0.41730900951030325,0.24916130931373426,0.23114356036832773,0.26788317114066085,0.23404929390852025,0.3468804789860678,0.35495740036655454,0.2263683723631802,0.43471832201101357,0.20311034081880874,0.35735476881230865,0.21129193597789198,0.2699629710825564,0.38549853499159925,0.23731488391348443,0.30055519858347834,0.4676730126841966,0.4152831451571868,0.3545701426589407,0.4866974788932873,0.42426881832312524,0.4976655553554481,0.4745516192492196,0.5050724067992884,0.486122052455393,0.3272873444557792,0.6296462033574016,0.4618722027956118,0.557532985216642,0.7655037718218094,0.6059335087136672,0.5590099614510311,0.4772211877223319,0.5847071972694218,0.7207928539307948,0.5185971088016402,0.4967748934891216,0.4504586181874347,0.40456428521529253,0.36498206609695527,0.33929528603456127,0.3759512806862815,0.3743031258515507,0.5100881984088126,0.3379330210031336,0.6546932337316154,0.2857045043434049,0.7959584679159672,0.4523011084955063,0.5931592889138787,0.5136752739893677,0.49750763642421225,0.15521350285035718,0.2182873145117964,0.6429751833209184,0.5459956778979781,0.9029112657472955,0.7083846498339887,0.29152513155890947,0.35774817737049014,0.18009456615572006,0.5946947869745786,0.6790203779817905,0.3745379547280564,0.2823013481152846,0.3663639606460317
67,0.07056213284156221,0.057086312091970126,0.07350099940069976,0.06709728093273393,0.05376791825304916,0.17770335587459862,0.04328411464187942,0.05953295137020209,0.07331046952362019,0.04918926934345269,0.187642032489705,0.04837453155698057,0.10894838384503869,0.07894142469976562,0.06152010335517921,0.06890325212206994,0.07833745340490939,0.0474902169420055,0.10854617964380642,0.11685194884193872,0.09398612223290892,0.048730061690130944,0.050893070045526345,0.0463488616841754,0.06658358774768702,0.19470952350571624,0.08613091674577222,0.048519722793176956,0.055520609456137016,0.041273436794646234,0.29091507968048325,0.0874319573393052,0.06937449679922203,0.054961186348940094,0.08298442015496332,0.09510923241124902,0.10475874691089526,0.08934074448972573,0.03478859978575399,0.06880854220882304,0.09396329218386745,0.04648059199008503,0.164909256135074,0.1043037581291616,0.7853757046959393,0.6790447617895075,0.31288568258215965,0.5108163084401868,0.4005496577069424,0.3389069900137033,0.11591859565403162,0.1465082137131033,0.05658253802432345,0.07699805914991753,0.051907480493691094,0.11207315435725551,0.1002567244901662,0.12285297805289974,0.0908591228282033,0.07950168358824194,0.1095603748350692,0.07535460820220052,0.06578277366542995,0.07378724020549021,0.06502225681251761,0.0823278401419949,0.05772691828709631,0.08375645515945107,0.07507048021643647,0.06088304238932318,0.06560034073726206,0.0760839716679601,0.14495859259248856,0.09779184428187304,0.09662502793555316,0.1384460498030362,0.05749680161477899,0.08887232925238231,0.05092419322533792,0.09556315408912408,0.09066909274468704,0.05339626376894324,0.12712009937244184,0.060532974007809104,0.16853586777404916,0.05533350804690529,0.09865211399615448,0.06623324950925424,0.07317834583321203,0.1353015604033997,0.03848407266154885,0.1069560957655512,0.08544642130994273,0.10835604584962932,0.20421244082885648,0.05835591263381934,0.08560152302174617,0.17416201219004324,0.059681821899346565,0.13360077810213877,0.5002779612985859,0.4259396602728711,0.308267321684789,0.4229417331177341,0.4606849546139382,0.46113215640510585,0.7144324339203418,0.6699019551477663,0.32491563338768614,0.4809276115720965,0.4284051129235985,0.4217456899125064,0.4833269655757094,0.4013380284152721,0.5238408430171988,0.5104531799672118,0.35180440570783855,0.5006086187375419,0.48994000044805974,0.47299734978886876,0.5916919771685426,0.4672978216545103,0.2615070143823708,0.8237341811455315,0.6037950088565331,0.7147403020609411,0.5764824421060641,0.3463385968774706,0.39533374992986403,0.42621162091477993,0.5101641211129802,0.4285135033344628,0.549518491047587,0.4270450486134172,0.5925052820699883,0.45875411176096825,0.6612039827624359,0.45447992043769847,0.3472430408158138,0.5669001635896769,0.42531915911338003,0.4863919797454225,0.2874924304988642,0.6529782485379028,0.5,0.4592837471994322,0.32472146733962126,0.44398422929849035,0.408265442388267,0.5540289028826433,0.08776395046704533,0.04676034132541995,0.05926303200699912,0.067694093921573,0.08548266803845173,0.046179743350848845,0.0797172356289817,0.034332498832229996,0.04805051780946412,0.0527397049129712,0.05982508042568124,0.0612381828856704,0.07663269932092753,0.07665792157216011,0.06467797284343413,0.07465948393883404,0.06577324070930113,0.08148850976864352,0.08759904692748477,0.06937581149666261,0.09307113454927496,0.0541782323568909,0.12504403867297065,0.07406207548532551,0.08478841438704376,0.06300449138494912,0.08578198794300396,0.1633429184414411,0.12084028118715984,0.05197978249693358,0.07878677071453954,0.10211559293663375,0.103675453247984,0.1411085859005602,0.05132485356267591,0.04314771578862919,0.11440148085042279,0.07461319125066312,0.05850025672244308,0.4534288942664314,0.4358303940369924,0.2326133399580551,0.15755983560356623,0.11539234515813201,0.10844007790207044,0.5022279340716576,0.7853757046959393,0.13656033971504666,0.499743239556002,0.5569639683890162,0.04068768055878591,0.07205538406643763,0.08413930593319274,0.05148372745392227,0.04914129591004279,0.046378180035013816,0.05857884721793305,0.06295868417293848,0.05551981487029056,0.11965998224346319,0.047385538296890295,0.0512556715840512,0.03890650839492649,0.05825859075218798,0.053219949554858204,0.1014525093638291,0.03871795197844641,0.06839891319786962,0.05970103733151699,0.1155412242566175,0.0672064888527264,0.06059791922637037,0.03522254331840746,0.04584754946396308,0.05414543415844142,0.06957416403086025,0.05383799835493264,0.08139200808450098,0.06510748405220468,0.0380431044241486,0.05484602599363542,0.0691527497854697,0.048964897516725725,0.06050482267160384,0.061281209611870224,0.053393173579783015,0.05329682570100802,0.06636541102071303,0.12077037199020646,0.06847463905752071,0.043254252332045606,0.06678590234380266,0.0487367975240377,0.047525344908523226,0.07339231071196883,0.04726738271365416,0.08840694336274046,0.08674786967371917,0.040711764889308166,0.06992628274892143,0.12978271534529884,0.11956168862565819,0.17546292909743144,0.08850468911840403,0.10524031694176428,0.09631975171200435,0.14904826588631181,0.10048616068136673,0.13939062365713373,0.0799129952833223,0.06578334194831936,0.0650666180884304,0.04384350464599973,0.16052192608639548,0.07635639705207975,0.11556439686879583,0.11146969542086071,0.04853558060103247,0.06316242140683637,0.12068896540033647,0.10171505905046796,0.05510226445436861,0.05125465767384585,0.0789224704589182,0.0903337740854292,0.06822345822552323,0.1911201878581782,0.06386901382095012,0.0847215788226694,0.04728190228860707,0.07786097252820146,0.058483580599711704,0.1010856864736761,0.14103827716927675,0.2524146299595953,0.07368554669705718,0.06442961775778278,0.08413407144587004,0.05044314906738623,0.08006559066622265,0.07958634593578517,0.11727859088010106,0.10545855419201777,0.05662594676336863,0.1035946205157553,0.06824239344652638,0.1371005360633636,0.12274657550643109,0.06362959394764278,0.06403318647383938,0.3199025882040656,0.23029225727856006,0.19194300815860055,0.38435566175731517,0.1055374840710609,0.1347938647030663,0.25918616430834984,0.28959714489632105,0.217565025292229,0.22058406603123337,0.17796260489110682,0.25897394398860507,0.22332084399158358,0.1596185026446314,0.07008048062254446,0.2598652622903064,0.2273327145052041,0.1810316145494273,0.3534350799195656,0.23032666628227616,0.28275448472713594,0.18845399811166608,0.18775277970492676,0.08703744324707896,0.2314150664654162,0.14530506356854944,0.12182433687172833,0.10844007790207044,0.11214646905377201,0.1622166553958957,0.09691861973490246,0.11539234515813201,0.14158410536413946,0.0559008687730862,0.5903790096926148,0.4180849163827961,0.2449739927477662,0.27583132111468067,0.6706611507783775,0.3348647522066115,0.10123064909231361,0.5111673591328587,0.07206383755141388,0.499743239556002,0.6756003006821387,0.2608891997041345,0.2589817213955161,0.09222851634687979,0.15755983560356623,0.5022279340716576,0.045154882403835694,0.05452144624407684,0.08203395674405733,0.05048680038125508,0.05685333787147029,0.051596038901118635,0.0583691622809287,0.04249056483835123,0.08011741155555663,0.11750510603438358,0.07217352440871594,0.07818386276685763,0.06716939924337484,0.06246511838422264,0.0653440284261938,0.06312733756435773,0.08494444270554702,0.07009884742256223,0.13859964349884468,0.049281672301024315,0.0790335924284773,0.037864523495273805,0.09149840652810204,0.03370964992743508,0.07044719196821747,0.10826438532502236,0.14889137150057563,0.09513945130955737,0.059278409762867024,0.09214011188422899,0.04301159278954336,0.06501994713327042,0.08296345975432617,0.07207699916530741,0.04416092032982166,0.08042900131815223,0.13020072088886636,0.05240484653747446,0.049963646879831125,0.20016750931052252,0.16915371970947124,0.10611252644228475,0.04985460518013285,0.05046223891754098,0.09073204066609764,0.0828345939427827,0.037986706371820556,0.05542735424365275,0.03861429886992118,0.12127840610427787,0.27803107398371796,0.379205114314779,0.1928736382704388,0.3104412192904945,0.23836075712544136,0.23126217829831508,0.3010068918880717,0.1752176639321763,0.33448106233576935,0.29676119834367476,0.17445205011311082,0.2952888903812103,0.3625673188122337,0.15000985206278383,0.13153725192558985,0.28960259500274166,0.22776340461668754,0.35998713796616866,0.2657222364458718,0.28237648188191267,0.3060042202972407,0.3286278906319595,0.30152270555823346,0.13471055308406232,0.21385796091963316,0.16457894563652242,0.14260820178924993,0.22802312145755987,0.367499785498003,0.2048944760506699,0.22599043458244905,0.18498667755518672,0.31429368769472465,0.39141424400583724,0.3844667865353595,0.2471614969472392,0.2103041826134845,0.26447212133670417,0.20681083072666184,0.36434942644746215,0.3014458577554393,0.20470187185240385,0.4069323011838273,0.2236824822403577,0.3951265876522566,0.17922904464877354,0.22888714246581487,0.3606325605458476,0.21027988000142028,0.27363953220318515,0.5019905205816096,0.4112896768429801,0.3737404060749846,0.4828708470141566,0.38824853503959,0.5451261015830128,0.470330669812149,0.5336429658539281,0.5547903429972172,0.33261733842987407,0.6178036841982996,0.4215278470609909,0.6119747923456273,0.7204583408128103,0.5070899118394324,0.5008570498654066,0.4157383788563698,0.5430258520557636,0.635829353690966,0.4769215872578527,0.455447011341397,0.41878905744572936,0.4651904761757897,0.39974733841562515,0.350934938158869,0.42234081529256406,0.3794691545729888,0.464982237385715,0.43042285460876006,0.5872222751989137,0.28909139788312344,0.8141402867093407,0.45990385886213303,0.5336670616810533,0.42444742980896133,0.5305587637389974,0.09763324785661665,0.13656033971504666,0.6756003006821387,0.524763940201938,0.7853757046959393,0.6349756560695252,0.2227022476128948,0.3337177453485589,0.11214646905377201,0.5470210717840054,0.6059980524587225,0.3053473190790168,0.20358889510827294,0.27583132111468067
68,0.0669373485055158,0.05393698575746686,0.0661983530534388,0.062110359462884235,0.052089954761683765,0.16999156417558403,0.04037677001297568,0.057618269452097914,0.06636075254045759,0.045850898907168314,0.17326655339337116,0.04599852659787973,0.10108486100610614,0.07672896167711973,0.0586953104472594,0.06271965011319713,0.06629865137177782,0.0436887814869481,0.10340005367715699,0.11119697311345367,0.08396612268327275,0.04694614650765916,0.049122272293011804,0.043252273482282666,0.06528601904789666,0.18256430033839466,0.08297104138372158,0.04548953292133373,0.052456190906468136,0.03948410080427478,0.27625075349732686,0.07983506126987161,0.06591354368782931,0.05224139027797925,0.07833079022616651,0.08954660491898181,0.10045808070536477,0.08337834603634187,0.03298840883108256,0.06521227456710266,0.08451292411043376,0.044935439058141236,0.15494821686462612,0.10074140287782907,0.7867343676164814,0.6797021757285175,0.31159124457210885,0.512507403008954,0.3965393129562975,0.33363505499385626,0.11563347316792982,0.14647320982185663,0.05637529977995204,0.0771245324082861,0.05177974837338728,0.11209669878086592,0.09983946179514325,0.12320098390661349,0.09107600880691902,0.07953655158773543,0.10983151655914825,0.07534917513831119,0.06592540769376953,0.07334428642899915,0.0648146822220147,0.08250976098344487,0.05742613971171717,0.08378511786129872,0.07466985863958842,0.06031072835976237,0.06499364651514306,0.0760535226778285,0.1454487469495238,0.09752593361242201,0.09576288870099603,0.137452390281801,0.05736100793669163,0.08778485398016245,0.05061671504923182,0.09555204229584224,0.08991302540666757,0.053316529700103255,0.12549404091179284,0.0601207441299938,0.16845532907007077,0.05534084874006906,0.09795272931555488,0.06604186547124236,0.0721041738840621,0.1349359269111804,0.03851549164885748,0.1071062115923005,0.08550493437324469,0.10841158547773522,0.20293750860349513,0.058174306255214026,0.08573939221902172,0.17383703694199637,0.05936067946608903,0.1338370488540257,0.50165504003794,0.4275323731599183,0.30881023611465974,0.42332020645737556,0.4624063286445673,0.4625494787371297,0.7153607132846511,0.6714837681421482,0.3257841373607362,0.48192679959292173,0.4295006770164287,0.42280170613112145,0.484367744343159,0.4023541524618831,0.5243172300943452,0.5120876129788627,0.35288671942115657,0.5015919179087693,0.49182888242603695,0.4745238696130364,0.5936966163559145,0.46882461552207744,0.2625227104551028,0.8251888321207171,0.605313078737155,0.7167957244738039,0.5783201159476579,0.3475975210362643,0.3961597231263494,0.4278633140304834,0.5111319111950007,0.42852387106258805,0.5512764819616386,0.42877130816931663,0.5941858582227995,0.4605284367922384,0.6620116135661093,0.45587893759257714,0.34801683175400844,0.5682749156848966,0.4268123563558365,0.48797915117295343,0.28829195234942573,0.6540608872710918,0.5017890576288757,0.4608596716878729,0.32593511936231057,0.44440728308131383,0.4097786035822476,0.5559339511296637,0.08625537069444422,0.044931393506556505,0.05770673854668329,0.06571418435868415,0.08333019353451754,0.045688930373472436,0.07867929866228085,0.03279778633436059,0.04720107445160093,0.051347882292492875,0.058906221558615024,0.06069981980101202,0.0751416937402214,0.0736860014907944,0.06363819020121375,0.07417508921290528,0.06477147374914627,0.07800620278953085,0.08677865908804394,0.06906517998039874,0.09253216520230545,0.051884037182718834,0.1206885784842553,0.07161096992529614,0.08176558330449368,0.06166499568940409,0.08336255646517587,0.16138687853696898,0.11829800473939245,0.05113905039636424,0.07803614126730052,0.10176420073696157,0.10094397423679868,0.13473512805663734,0.0508436174035497,0.04217576295343295,0.11351307197586158,0.07271435840461027,0.05692179589792545,0.45201943584807425,0.4304454253219512,0.21741440648164978,0.15237249444238854,0.1064326963518144,0.10041375784328022,0.5002100326950647,0.7867343676164814,0.12867794843335512,0.4927630733903412,0.5575824654574473,0.039961506631061794,0.06956635792588894,0.08309482532223156,0.050924659491017765,0.048615906851562474,0.0451029033356769,0.05684485222013358,0.062008470357015066,0.05396694859514539,0.11611663256749172,0.04691272333331753,0.04998151091185732,0.038208849480684925,0.05608917735213714,0.05250860520641498,0.09978983019494081,0.03721842448347734,0.06672956342826009,0.05782060571716818,0.1146969210250317,0.06606361006472816,0.05895847571085133,0.0345070154882392,0.04440348828931184,0.05246788084438847,0.06809129278884452,0.05295773095664624,0.07877947147433606,0.06415292825994312,0.036801734932586205,0.05370687163211951,0.06690705189405566,0.04817350948421817,0.05928929328242727,0.05985322747094457,0.05260353358709635,0.051801928390299956,0.06442429614457379,0.11513293574227035,0.06608934434290681,0.042444903636761566,0.06515787281009966,0.04783028644282494,0.045858713053923084,0.07215312594851264,0.045468674101574624,0.08466750868556594,0.08413704129243427,0.038709230183727183,0.06827273674885737,0.1286998938670494,0.11891609009922088,0.1743028025462564,0.08811285956098713,0.10504872165086443,0.09588782706727583,0.14861903222187056,0.10065299607937328,0.13939587800323217,0.07996200476666371,0.0656589697778146,0.06406204686132833,0.04357453068317385,0.16035067931297642,0.07586006430262193,0.11565464440165973,0.11082186410430128,0.0484348277541129,0.06313717675500641,0.1181698227683714,0.10183533295434433,0.05501355657899676,0.0512529751908104,0.07852974256948586,0.08921468758146756,0.06785897355979409,0.19118216581265723,0.06372290930723012,0.08484708314612821,0.046913656992740194,0.07797156326981469,0.05794447667886382,0.10080959614503571,0.1415891282059809,0.25092976687489243,0.07346597579584835,0.06418388972455047,0.08336071674554912,0.050263423108573346,0.08021528248765775,0.07963912479689661,0.11742700321208988,0.10460602260979612,0.05620481596006832,0.10286335037611938,0.06755459263696573,0.13594538352471985,0.12297847856427324,0.06315153936533824,0.06388711533735048,0.3201312987296956,0.23109682384117236,0.19247816903599524,0.38391739600858665,0.10544977967585834,0.13497739676999598,0.25890177439197115,0.2898996334627655,0.2180079476924217,0.22127146999459912,0.1772890656906293,0.25926399111026965,0.22347761981252046,0.15974244726685527,0.07018184411084538,0.26053172103664,0.22819165470683567,0.18136019368452805,0.3537852587955145,0.23082536677216337,0.2826092055103868,0.18857126941531532,0.18841724478937938,0.08670387804770074,0.23171317368443411,0.14525182815939086,0.12168580505865001,0.10041375784328022,0.1057042838492831,0.14835552453736656,0.09388138456426698,0.1064326963518144,0.13455126631147962,0.05398523917900566,0.5916993604354137,0.4093483998373695,0.23846948408009694,0.27257574695212516,0.6676993622648925,0.3362974434940965,0.09548746021865351,0.5046441459621208,0.06999978254023376,0.4927630733903412,0.6774515630493126,0.25986864992619096,0.25328268820458144,0.08882529310084808,0.15237249444238854,0.5002100326950647,0.044224737178066964,0.05303479195844929,0.07768216871160338,0.048185702616521775,0.05392817480635592,0.049620194256190464,0.05672272295478831,0.04007138765207463,0.07501388255319796,0.11091267863689747,0.0673672250789572,0.07587624075948574,0.06378623206736755,0.06027696923225179,0.06199670514216005,0.06063327025555143,0.08061490714327846,0.06748891111384958,0.13236299166991083,0.048157246519965224,0.07538048769500438,0.03530337043066645,0.08872279907271885,0.03270514621280285,0.06792636246537476,0.10014303306054662,0.14304820468690682,0.09175715250402494,0.056886586982288656,0.0870564230317592,0.04097415267677562,0.06126070850606746,0.07962759595522395,0.06570110958822029,0.042427710870779234,0.07641709320622214,0.12213490271749217,0.04916968389257392,0.0473693024685351,0.1850525721980728,0.15869538591800503,0.09892886932820166,0.04771553484505098,0.04799483586631548,0.08903411664248262,0.07890399466811682,0.036219258185966385,0.051089259975218404,0.037041512658787745,0.11493178732348419,0.277737461595295,0.3799736276772998,0.1924003739054052,0.3111831756890744,0.23770217316296893,0.2307409573364737,0.30038263950307165,0.17555483739277833,0.3350355719889413,0.29694136978330965,0.17385020732808876,0.296296252254748,0.363461565374088,0.14980943732766994,0.13158452085250816,0.2895696711825918,0.2278864791960319,0.36068564754878685,0.26588817591279656,0.28215972868604866,0.30651770487014585,0.3292773247949886,0.30240424105000585,0.13438837089032052,0.21410854524819567,0.16474659911099376,0.14207816077345226,0.2280118413437554,0.3682570245964536,0.20505193548475165,0.2263832711754442,0.18419197469283244,0.31468764702387586,0.390716547561488,0.3843641016846685,0.245817016097441,0.21057632091279377,0.2650876809167746,0.2074161940125575,0.36516602052435,0.3008479747234596,0.20415441946121415,0.4071438604487465,0.22270086985789217,0.3959036855985614,0.1790486045680968,0.22832444386056683,0.36169647831339913,0.21050234312781813,0.2746482771737361,0.5040635931700921,0.4127372040195265,0.3746074810834329,0.4842615854708969,0.3890598001397796,0.5469917221869318,0.47237893072414316,0.5355470733435036,0.5561977841957721,0.3337517888748045,0.6197590801383157,0.4228949743982914,0.6140207235664319,0.7218957828614665,0.5090985183250695,0.5,0.4166673529460626,0.5439053439624517,0.6372235157037895,0.4788476347602936,0.4569775734152177,0.42059160830462194,0.4669361715659577,0.39944634125432965,0.3521440076432206,0.42333286077793153,0.3806127424228013,0.46657651321432725,0.43112993582320047,0.5893347900637769,0.28998172569374003,0.8154760421871003,0.4608474846118671,0.5355533462694613,0.425950301267782,0.5315756675184897,0.09366234671917573,0.12867794843335512,0.6774515630493126,0.5257478150977148,0.7867343676164814,0.6249359631660015,0.21543968232598087,0.32781625944314796,0.1057042838492831,0.5477158342909123,0.6035733983247693,0.3010717923003887,0.19550257867330234,0.27257574695212516
69,0.06510303543974605,0.05055792353779942,0.06292590591643188,0.05985820767953587,0.05069485497186499,0.1651537417343849,0.038713271242930336,0.05572001437968177,0.0628289417569966,0.043541081672437865,0.17025448149716205,0.03918188328593275,0.09693970502462557,0.07408428112553189,0.05680202914890753,0.059112411322336134,0.06320577993864007,0.04214326994669815,0.10029745058553408,0.10538193462211265,0.07914401806001858,0.04493692696449103,0.0475709458490059,0.0416394275629135,0.06304110614924685,0.17760209752541722,0.07897950136181175,0.04401363546778714,0.04983612411497573,0.037447119696425335,0.2673160754881626,0.07515476688559852,0.06310054202887061,0.0503613625326248,0.07603955605881318,0.08650725412057036,0.09638870759919338,0.07982255932367543,0.03151888426957716,0.06129983682557694,0.08108116826388023,0.04324573757690231,0.14481013381880337,0.09773318597857661,0.787948554999603,0.6804561351032368,0.30981500406468276,0.5141826123913401,0.39404514936428225,0.33242694266358086,0.11467898145522448,0.14554312744910347,0.0552571789290075,0.07658836547382064,0.050998622323600196,0.11142300811653505,0.09607022022965062,0.12251034526766835,0.09066369912452255,0.07810272301831034,0.1088489361299031,0.07402168874967718,0.06560886296474511,0.07088533088806914,0.06402664242160616,0.08161459634063295,0.05625101981776148,0.08275599541736478,0.07237920254968255,0.05809912845865084,0.06304007458443261,0.07430660463507444,0.14563254742382625,0.09594137270826175,0.0932991208290066,0.13572768653170375,0.05645929725237264,0.08677851103336964,0.04934951379369101,0.09451389806118149,0.08833168207598208,0.05244863904874009,0.12324190486790088,0.05871731405367786,0.16745632090447338,0.054176049453805386,0.09629801125042314,0.06524184475710915,0.07040830898772077,0.1326615533112867,0.03790328567070811,0.10615086696349108,0.08487075429519053,0.1076440513683482,0.1996644508193156,0.05756796994378899,0.08516962599227684,0.17092054850875793,0.05746905211352227,0.13180390403419595,0.5029279741634103,0.428998512047717,0.3094608745699845,0.4241070702800128,0.46390731632535265,0.46405583312640886,0.7167396553603058,0.6730154074027882,0.3266735387599281,0.48333413604751463,0.4307373395162647,0.42397895648260153,0.48557560878477835,0.40345652150928435,0.5254030619301823,0.5135006030067948,0.35386133120610097,0.5027943125462103,0.49358738740948005,0.47580560606770794,0.595342310196239,0.4701947743132523,0.2632306359599367,0.8265858193431014,0.6066519405205635,0.7186303006182767,0.5799502379578201,0.3488944220060477,0.39696041097863455,0.42923588832035586,0.5120581029399205,0.4291443924765408,0.5529530074513052,0.43025812038448263,0.5956572911890452,0.46176438735241665,0.6630003796525035,0.4567916527483634,0.3491417787124361,0.5692664561269785,0.4277716728366219,0.4892887331894775,0.28926348380527755,0.6550529869392693,0.503199459728142,0.46239687768709226,0.32715230434099685,0.4445846865431663,0.4112294560439712,0.5576447681176524,0.08373679734431716,0.04274840163197924,0.05553562541950696,0.06339015454937025,0.07982329075581718,0.04456494012517842,0.07598249535474455,0.03021810996078178,0.04515343161834784,0.04907732505371187,0.057400680044163765,0.05945633303212927,0.07229597037905322,0.07193811166649167,0.06207093550817577,0.07264848075875896,0.06295988309062073,0.07428946374249723,0.08491027908731652,0.06750099769966145,0.08799352894413026,0.04806900021793059,0.11665460584610499,0.06749726653444243,0.0795346076746698,0.05971042085341294,0.08103351212513776,0.159401133416752,0.11458042639414723,0.049007439025365085,0.07527533634868055,0.09995872795690375,0.09727766391037618,0.12767699968784008,0.04839501793649248,0.03998112215910832,0.11139864408577682,0.0693673263015201,0.05448844623720028,0.45084713450012115,0.42623955030741045,0.21354299058011417,0.1502376582216094,0.10385766112080108,0.09785062593507177,0.5003497726990274,0.787948554999603,0.12627836565282513,0.48976607893892643,0.5583794885946942,0.03880843436559356,0.06670699943059066,0.08217033420509989,0.05005038366720915,0.047628284950717914,0.04276866115647737,0.05498444639840572,0.06090974678067029,0.05266874964304624,0.11386224373052356,0.04589647672645536,0.048524814893733725,0.03707454360206197,0.053970458327777915,0.05068732313632418,0.0975547318602582,0.03571920967191178,0.06478345484714343,0.055984659798471004,0.11272699983660006,0.06471726616181361,0.05732522314050237,0.03368870130173307,0.04332938721390878,0.05007715459949924,0.06656436435653523,0.05105712307406074,0.07472746649576945,0.0632589029318924,0.035024289305519596,0.05187460693034629,0.06540036492740331,0.04646433025290886,0.05737579537270776,0.05771054492925198,0.05140516987793675,0.05020634789077183,0.06270071212133865,0.1133853414821876,0.06439118847927239,0.04142728424519038,0.06275102004713784,0.04601167697330266,0.044548288382159296,0.07046238266294325,0.04320894237679107,0.08290655438020966,0.08248388183689648,0.03775029174176492,0.0647128916752221,0.12768712715474273,0.11672280484088793,0.1722636576928932,0.08691407379716243,0.10421319106193361,0.09460418352855249,0.14714921604911024,0.09979724884899333,0.13835221669875586,0.07876769295188846,0.06495056198140903,0.061901104816273866,0.04253826043292108,0.15802641307359622,0.0746231417540465,0.1150931049836601,0.10871105591812402,0.04746512089032073,0.06186831982763241,0.11422755112670568,0.10159658857934428,0.05459351546271907,0.05048465019811521,0.07767849758378076,0.08587852625107428,0.06605976347775588,0.18877424435301293,0.0631572771364255,0.08425386856891537,0.04611588902061203,0.07698110460001106,0.056889886113064225,0.09954928008866748,0.14113786819948904,0.24775537465218744,0.07249504885958458,0.063216695287579,0.0811213867960725,0.049416542813539466,0.07920384540179004,0.07857545933023935,0.11687023645003414,0.10222219356937834,0.05498017580422876,0.10080766620704928,0.06642809370633673,0.13340287805039763,0.12193995456331996,0.06194466945754806,0.06313383004243456,0.3198639659828967,0.2313217536336326,0.19222021130592437,0.38165162301414923,0.1050145880664275,0.1348784971054503,0.25860582183269,0.28934750417599797,0.21767784374453758,0.22184662824575319,0.1755003844576315,0.2585763264762275,0.2228189599956787,0.15897221793000427,0.07009917935921062,0.2611355527259679,0.22848787545712634,0.18024549093510667,0.35302944756432575,0.229360096490425,0.2824525077688548,0.1883047896558926,0.18872306196842192,0.08621187393808649,0.23064324646777368,0.14499116275964952,0.12107984267246386,0.09785062593507177,0.1033980617395357,0.1428922272159494,0.09187149971408093,0.10385766112080108,0.13206859486924571,0.05210144179552878,0.5930174902754259,0.4074151846623486,0.23497027981675267,0.2705280401057548,0.6674652143104948,0.33753234770628504,0.09062895519769365,0.5036965668764799,0.06781829963284369,0.48976607893892643,0.6791949666001034,0.2599051744171337,0.25130693497846224,0.08649527406630364,0.1502376582216094,0.5003497726990274,0.041932927833860933,0.05125025520620197,0.07466690044025182,0.046299301068733145,0.05192803567605142,0.048225650849515134,0.054651311275887626,0.03798309954760326,0.07256153872346027,0.10881967286842864,0.06361182531517351,0.0728116003796917,0.060605456613661346,0.05786299222993663,0.058770645129038734,0.059464976211595744,0.07859838302348832,0.06545985249795239,0.12808698656334183,0.04633115974522628,0.07213032108409756,0.03389343263613176,0.08572576431828582,0.03112635824016463,0.0659158751494221,0.09569740703543073,0.13791818466285888,0.08907606847471783,0.05461962154237088,0.08313298947085368,0.038601392515358435,0.05922746496004705,0.07741137816245791,0.06276599831891594,0.040019391056420384,0.07293881490481324,0.1171908796993989,0.04711398310419834,0.044618493614107746,0.17607016164476263,0.15209227466131225,0.09540918857456127,0.04590457911279988,0.04609170063670909,0.08717495742675163,0.07672216085073724,0.034979222969536705,0.04893424498874055,0.035543262695923006,0.11019999694331639,0.27760756615835536,0.3808214289588434,0.19184593903734715,0.3118122788598062,0.2374943982362253,0.22994439697883684,0.3002443860207029,0.1756179512830932,0.3352369878220519,0.2963766739651542,0.17346801682941726,0.2972235679313524,0.36427306058389886,0.14907453489928513,0.131458520784837,0.2897797937428134,0.22789911599717327,0.36118823383704135,0.2657242451965618,0.28247614607023963,0.3065113504963859,0.330033968250103,0.303089147810936,0.13375969475189353,0.21394772469882528,0.16411137899222128,0.14115958709893228,0.22742997169897738,0.36882780919851266,0.20508151156086318,0.2265054990629244,0.183473957950954,0.31477579744464,0.39056080699075235,0.38516028003553116,0.24431927698887335,0.2107432481494168,0.2644724380067155,0.20799158545573748,0.3655467966511524,0.3009513889065015,0.20269379891194783,0.4076799812721169,0.22163448515358886,0.39648680738327446,0.17839220290324198,0.22807988017802128,0.36237753425318897,0.2094723372818078,0.27527727842547933,0.5058799270328032,0.41410658737948713,0.3755793316428301,0.48577146819769945,0.38982292638884075,0.5486907340754812,0.47411336705006246,0.5371277015053397,0.5574530795114442,0.33495444121123963,0.6215045095894074,0.42425835051050265,0.6158573356608239,0.7234711635136529,0.5108958202903052,0.5,0.4177615863899964,0.5452501448828438,0.6387475767347648,0.48055322559295144,0.4584521262044241,0.4221496026717382,0.46853916649081206,0.3992949500199886,0.35331813109015364,0.4246509475573461,0.38170593446345835,0.4682281919190372,0.43178202742320426,0.5911827844849951,0.2909379568441952,0.8169142780484158,0.46207304103411195,0.5373418411113887,0.4273170240837336,0.5331152871340732,0.08993956666427216,0.12627836565282513,0.6791949666001034,0.5269495316651562,0.787948554999603,0.6232186319240263,0.21285138686247806,0.3219904777696856,0.1033980617395357,0.5489765020051308,0.6031601828093622,0.29913175266913794,0.19196789225417443,0.2705280401057548
70,0.05813154252476471,0.04811464454716641,0.06043092050608234,0.05682160328319186,0.048127932457256994,0.15590270474567325,0.03613484614848639,0.05308547341355163,0.058727458172818214,0.04201472946141005,0.15844337570401057,0.03838403248123856,0.08852076168594991,0.07117456928614363,0.054055562922743494,0.0570712167179771,0.060129178173379705,0.03963349606976574,0.0916663162504825,0.10130306274948164,0.07544338139921858,0.043029000248110405,0.044787483766507985,0.03867199799442467,0.060299438975069064,0.1648667500635992,0.07591682574829306,0.041308022804277256,0.046680637618801146,0.03544232028320027,0.2528010878311232,0.07195344034722617,0.06011332408514647,0.04837094331668357,0.06929206288871426,0.08119559527441533,0.09061029087928796,0.07430608410734263,0.0301387489470768,0.0588507166500335,0.07644850578578344,0.041208836226164336,0.1391068076097861,0.09174426634311772,0.7922404055722045,0.6853454029917532,0.3098217785302627,0.5196821911959522,0.3888897602063067,0.3321965069054372,0.11427011047079061,0.14697689187572305,0.05571762821329174,0.07760502209251796,0.05125871098630019,0.11197531075458,0.09629005724522866,0.12400020183970306,0.09145228878972822,0.07886296424700423,0.11003382815503648,0.07417922031124102,0.0660762683215893,0.0712158999750383,0.06404425645592393,0.08204571072925226,0.05624523653539648,0.0836157307176203,0.07283496805948542,0.05820164757263957,0.06290747256885632,0.07512047453629211,0.14747391426602385,0.09678672056403492,0.09269306739673566,0.13483459011109522,0.05690856133825106,0.08654342238749335,0.04930709611846895,0.09427686932988533,0.08839784013243179,0.05255860600591722,0.12286776306896063,0.05871943091530529,0.16875603735113698,0.05468135622407777,0.0960772785607561,0.06505775982147177,0.07018024347301544,0.1339676522935388,0.03819437874653331,0.1070253976907577,0.08552905829623936,0.10872237363648618,0.19919802678121257,0.057447248096471504,0.0857498573623584,0.17268908668006677,0.05761068385118007,0.13315721817000348,0.5078363611408477,0.4339184071849771,0.3126783165240077,0.4273569967701284,0.46920157434256715,0.46899263180283,0.7212807253655946,0.6783017553921353,0.3300255441902723,0.4878472397775332,0.43491165039720314,0.42801213068263666,0.49029237196830955,0.4076451837495456,0.5295263733755666,0.5191271670480531,0.3572070442653801,0.5080350983604314,0.49876253381024516,0.48116437667306733,0.60136549290487,0.47495847416016435,0.2662784643555576,0.8310220415066689,0.6114278676639608,0.7245050515928066,0.5854361913807431,0.353006665616321,0.4013118792008512,0.43417233958285917,0.5167324325888853,0.43217031463049804,0.5585739078335717,0.43512124438196664,0.60150091567284,0.4670469222481256,0.6673049932605167,0.46078917242556783,0.352833698118299,0.5746970775977079,0.4324518318526184,0.49445896334592265,0.29252188505792376,0.6599350033234668,0.5084871028928474,0.4677157477602252,0.33111570166769566,0.4474597819246863,0.4161328926541503,0.5635965886035548,0.08298759565878266,0.04223393388651264,0.05503179394045865,0.0625553470129303,0.07906565669636845,0.04463398143218833,0.07521019880821123,0.029616146232405383,0.04496859783993978,0.04809237148618295,0.05667694819642721,0.059113852032473435,0.07094449791651991,0.07048806267598917,0.06085356731878222,0.07293197735120038,0.06270966567752723,0.07229849297560975,0.08442503478516905,0.0671757760038354,0.0877738810365104,0.04695590718639886,0.11640610906362125,0.0664013239250748,0.07850958541325592,0.05849015848770911,0.07888974741444099,0.15849089548327,0.11281708681514524,0.04855798755750129,0.0746673994705419,0.10007898118042091,0.09462558898252482,0.12666079264175867,0.047546777455787836,0.039884541395670436,0.11127730777355227,0.06723575511468272,0.053634885040712676,0.4538432619351239,0.4243389403646751,0.19226189855546527,0.14410635762612278,0.09716951300598942,0.09075376096671672,0.5,0.7922404055722045,0.1216904857025839,0.48562977417384545,0.5602711043297328,0.03816504299565504,0.0639338984765917,0.0803028721726482,0.04956804146785687,0.047369841879676855,0.041528613283604576,0.053264117981673964,0.05996667643896203,0.05099085806450476,0.11139646493575528,0.04574461800498342,0.047049608742959825,0.03620653999536849,0.051736374392235884,0.050010775166721366,0.09694949571745592,0.03476905666109442,0.0619633995785378,0.05390531666152498,0.11115221330538871,0.06314110683588603,0.05586368157494637,0.0321391884363309,0.041884287602659276,0.04908993294413844,0.06508033633376942,0.04979761557044482,0.07344106679835882,0.06301865147750274,0.03452198436809706,0.05097288792812771,0.06345170100767161,0.04589729064135373,0.05549760077387755,0.05693537295969242,0.050601591078395125,0.04834949462589777,0.06053882973486757,0.11139716365151109,0.06322785020051314,0.039916885796890345,0.05977715253652094,0.04508584776342239,0.04285513581530054,0.06865863729981792,0.04246159805186278,0.08117891975621028,0.08139786988778264,0.035660832260371866,0.06320795336782092,0.1283414390630776,0.11732378399601251,0.17336183594708476,0.08732529653986398,0.10513064773097924,0.0953960649054596,0.14844793185768412,0.100971266813072,0.1386978711720669,0.07954678994457409,0.06555125290573427,0.06170659269411427,0.042702205244077196,0.1598913599930214,0.07501979165957184,0.11614178237013573,0.1097577788833799,0.047936608915047585,0.06245247737537096,0.11432984738393759,0.1023509480187732,0.0550138540567543,0.050988236866542525,0.07824637914454291,0.08622770947757097,0.0664070253923873,0.19114741891893738,0.06340320265303112,0.08527566795912078,0.046125609776627274,0.07771798279648157,0.057218241988067575,0.1002435275103295,0.14268197189473153,0.24912942096216573,0.07270735141703832,0.06336177273243815,0.0816368733793893,0.0494984598039645,0.07979358124801184,0.079421628348747,0.11825336570191225,0.10316085071519787,0.05452170306459869,0.10147199727708989,0.06653839153039232,0.1341288948691034,0.12362967270796865,0.06184107520783644,0.06359751613576925,0.3230980143172626,0.23396504135885532,0.19460230608378137,0.38503835977316925,0.10603496125957479,0.1363548448348958,0.26120742213851256,0.2921770129728709,0.22028698687265247,0.22466049281214173,0.17707117472201095,0.26094689789932857,0.22521989951490917,0.15970690763368567,0.07087340453049074,0.2638688307564294,0.23152500112329877,0.18196308268210049,0.3562462709381924,0.23159227424744222,0.2843459787191217,0.18956917390594752,0.1907260624010867,0.0864326487824314,0.23295452727631716,0.1461403503371762,0.12194822312094322,0.09075376096671672,0.09820333569023743,0.13289258486999556,0.08587414847294572,0.09716951300598942,0.12485428588577863,0.04981474033629307,0.5975190890146186,0.39578615990657207,0.23280008780988992,0.26591961692704225,0.666115342548627,0.3418885789483327,0.08732713341875997,0.502283398858429,0.06385582353005725,0.48562977417384545,0.6853622019554592,0.26183553425587425,0.24653932084183716,0.08046622756223643,0.14410635762612278,0.5,0.039867833459519275,0.050444087759029865,0.07247939431309336,0.043002390168195403,0.04962534651951467,0.04630934816670462,0.05263481209164411,0.036468874938419216,0.06853755570012765,0.10461336041164138,0.06135749171104066,0.07193992222289125,0.05853685191483826,0.05468766833633876,0.05649257493723714,0.05681913799216842,0.0759394011346487,0.06212983057482813,0.12311852681987545,0.045109628029935456,0.067306158682364,0.032323965040588876,0.08316407405626292,0.03034544844108711,0.06407585168392071,0.09192180482521872,0.13369651410885486,0.08491880611575064,0.051417948788772594,0.07858512481776236,0.036868509515865844,0.05571393279563008,0.07574308046076839,0.059644997684177636,0.038134278483891615,0.07002566882332029,0.11114452205308767,0.045438980340795077,0.042992763894945774,0.1683568333006793,0.14560376679099873,0.08891148805672289,0.043392831380944186,0.043607617079709615,0.08458204181392326,0.07226984303282968,0.033523588302846075,0.04638801630448186,0.034458101440575706,0.10363264424637475,0.279506892380617,0.38433999485955284,0.19203762712608485,0.31538411267962585,0.23842080448550695,0.23192618969651047,0.3017699446127964,0.1775813455873656,0.3386113215085246,0.2986554843228223,0.17489013228618333,0.30088639184359633,0.36808086569200127,0.14994987345919508,0.1327733460737638,0.29271700376945553,0.22903349869257283,0.3646668760287286,0.26818706461931396,0.2847703843542233,0.30831333601813393,0.33391849011652175,0.3067230742092406,0.13447039085687473,0.21573222825638694,0.165781777094007,0.14159318536209153,0.22918473061616518,0.3731060735928353,0.20674628637734538,0.22883138309222184,0.18440190033875825,0.3178727144190786,0.39356290370719194,0.3880141111862707,0.24578087701877482,0.21272881837715785,0.2672649776706987,0.21041746214174883,0.36925655775637656,0.3021964712442846,0.20292113227099462,0.4116466804216443,0.22359335853785312,0.4007451285884822,0.17884249430641996,0.22734722685570197,0.3665685299694825,0.21096987320859206,0.2786094671093923,0.511967270997745,0.4192630022391318,0.3801433370125583,0.49123289049590346,0.39338256745671274,0.554618769100063,0.47995313315823607,0.5431324623695548,0.5626336055127562,0.3386970604817162,0.6274920565287865,0.42915471557828333,0.6219979573685872,0.7291165604984111,0.5166476588632898,0.5020454595349866,0.4217753469773129,0.5498844961940835,0.6444758575608363,0.4861895922544479,0.4633089489963482,0.4275169721524993,0.4741869293141211,0.4029080402669425,0.35787236507213027,0.4291294150281524,0.3860640794341976,0.4737584973733524,0.4366167381396481,0.5972812204284486,0.2945246635187433,0.821800618647375,0.466498720514289,0.5429372202457955,0.432026491917216,0.5385078896561972,0.08776045644271124,0.1216904857025839,0.6853622019554592,0.5311864432927385,0.7922404055722045,0.6182317590857559,0.20751238045005782,0.3185631301811689,0.09820333569023743,0.5535788524899223,0.6047433012565799,0.2973101991579411,0.1870168900931255,0.26591961692704225
71,0.05478900355821015,0.04594264462942599,0.05876950536232339,0.054654317010010445,0.04653755195616105,0.1462505195589987,0.034290652397987675,0.05184101543253816,0.056118786756511496,0.04114817765778911,0.15133191033945093,0.03739067369462079,0.07443560480615363,0.069954775615086,0.05270601928495067,0.055303217399288895,0.05718931696772378,0.03804979335165015,0.08496124138841243,0.09850028875896766,0.07147888096768695,0.041235391660086385,0.04341826168405527,0.037148533525104166,0.058810800102848115,0.15703991772043058,0.07356835093669511,0.03983489832814513,0.0446360724206889,0.03409404395616378,0.24371114921616954,0.06902373023773589,0.058119657058330554,0.04694522698076797,0.06646089001993194,0.07890789721782199,0.08849622871791663,0.07051447800003185,0.029165481471174592,0.057174652665308856,0.07422734683614896,0.040076311241739604,0.13379837085591095,0.08547645291527817,0.7942631394195714,0.6876545405057317,0.3092845678246834,0.5226076485645359,0.3871691254638302,0.33106063361587634,0.11366872746675749,0.14749144239773537,0.055862516838357634,0.07806107364767745,0.05132725678475025,0.11196239787994267,0.09612148673763532,0.12476482647458498,0.09171064260860307,0.07900867333739847,0.11055558621820505,0.07419316183289282,0.06604896866121279,0.0710230871357167,0.06378715581319716,0.082337645262887,0.05582666806986303,0.08400543554098094,0.0731173816868751,0.05796991255174255,0.062340758793999695,0.075498812690582,0.1480762564739172,0.09706606646273874,0.09220104777993088,0.1332504829951744,0.056940036494171675,0.08591649295468373,0.04929427192680702,0.0940617528978116,0.08817990584774271,0.052324203652195034,0.12251849334999543,0.0584623935893267,0.1693517401790734,0.05487310777691079,0.09571278503894831,0.06477836918395408,0.07010814838172852,0.13418636520674443,0.0382875579931522,0.10746883500389093,0.08577876121301153,0.10908693433698347,0.19872935484880616,0.05724950927436245,0.08593571216406637,0.17264953859480803,0.05755563974681788,0.13345305034823696,0.5101411179162652,0.43666521106927414,0.31411060719999173,0.42953003448863103,0.471747896046686,0.4712447167690351,0.7226852452394354,0.6807770607342688,0.3314804174547821,0.49004563171973836,0.4373259750013111,0.4297257324000321,0.49258162673375716,0.4096018571673288,0.5312357338255482,0.5219476404264872,0.35918994041764474,0.51014389923072,0.5017732569669451,0.48381738508971905,0.6043353715188562,0.47762531046867485,0.26796335981658137,0.8334410440114095,0.6131673518451695,0.7275857097063934,0.5881622594801956,0.35517835837541456,0.40293298508782593,0.4368644605766264,0.5184961310312988,0.4330233216502244,0.5614520282225965,0.43771929788819397,0.6041981958796558,0.4696927578360949,0.6688464689282247,0.46262403773128913,0.35429802414496925,0.5775716496973624,0.4348680857005969,0.49712139547517387,0.29412669680182946,0.6619816638749647,0.5112879962533061,0.4703938991855552,0.33311163148406986,0.4474113408612431,0.4186023525347041,0.5665521132408919,0.08192793163440237,0.04187372834606684,0.05397725522637886,0.06165686517881386,0.07887405364033484,0.04460095206338177,0.0740957691247921,0.02903463559812758,0.04410492315249115,0.047503635779236,0.055721661543688183,0.05855974056660418,0.06983694312091981,0.07014245699303112,0.06037497154106419,0.07316466377936193,0.0622003988256743,0.06994045861177267,0.08407284906341805,0.06690060222214456,0.08734057983047672,0.046155370686942976,0.11579004314724695,0.06456003546218936,0.07822562257867183,0.05771141626560139,0.07772010727870693,0.15722082624611677,0.11138812618106497,0.04802919098025438,0.07443917072002393,0.10008103586371131,0.09318954346305097,0.12476328883734167,0.047222884944906784,0.039429229889813344,0.11050164481565694,0.0659233685436148,0.052688560183338784,0.45338633869783196,0.42043777063551047,0.17831486765972893,0.1397599237747742,0.09144718264528884,0.08648131079753607,0.5,0.7942631394195714,0.11814481356155992,0.48021162345073565,0.5606633736752007,0.03786606245274471,0.06257701037953223,0.07886655680244781,0.04903179678141867,0.04713645911813846,0.04035613504356794,0.05206598023476916,0.05942841921619302,0.04997334578872947,0.10967701176346911,0.04547620572026534,0.04578933322184775,0.035896995179919955,0.05046321589937053,0.0496060967562818,0.09617581408029086,0.034173538768328515,0.06042877054059892,0.05239219606637879,0.10987575865952748,0.0626978788166499,0.054885831272866614,0.0315432898685416,0.041339371303194206,0.04763322841158024,0.06398554568860126,0.04908759373248295,0.07282244482664502,0.0629382160715255,0.03392260768235744,0.050300928941651835,0.06243304764194013,0.04563272342329783,0.054280785326280334,0.05587597201079886,0.05010535422131801,0.047642605144064154,0.0594267272515272,0.10852337950514668,0.06199582165977835,0.03902286456465098,0.05766530129035374,0.044274856662293804,0.04213090758611515,0.06758310534660938,0.04168244361157358,0.07953923052578382,0.0807193118885976,0.03425321856101349,0.059376504331851376,0.1283305179880666,0.1174214156284501,0.17247593086762514,0.08728907157098131,0.10554185095614754,0.09553102082711917,0.1489316842899181,0.10155779618983563,0.1383621850681347,0.07948563276580212,0.06574665045260797,0.0612851999782319,0.042637143400092725,0.1604157973142858,0.07480101570818398,0.11613539914339643,0.11017267338261283,0.048022707874654236,0.06272936793226114,0.1133173953268688,0.10271454777741862,0.055173134174726246,0.05120014151944907,0.07826543505219996,0.08641537453749493,0.066231655465669,0.19198852047761028,0.06355903927310502,0.08552257392794227,0.04598220259375829,0.07779086483231834,0.05720812866517655,0.10017546007390288,0.14323101911063696,0.24916848646235668,0.07267868086099494,0.06310598314236371,0.0814709740998737,0.04925923158502399,0.08009722238098904,0.07969227751330354,0.11891051117318341,0.10316883138729027,0.05407717439789661,0.10110462074583026,0.06669409140136573,0.1343987987820996,0.1244700393073922,0.06191069912561298,0.06355363094429112,0.3246973217915814,0.23519294295323856,0.19597066619351722,0.38560329728575493,0.10606723930877515,0.13707070836492152,0.26187552407725145,0.29306468982827605,0.22144434016661618,0.22611269870287476,0.17782708215515186,0.26207898422574516,0.2263902431234962,0.1602201506605293,0.07118191686318909,0.2653903069515807,0.23319482121178314,0.1825189042626607,0.3568964083778007,0.23239987746999147,0.2853154078272916,0.1905325353109727,0.19175206496153363,0.08616900000217764,0.23424026234828343,0.14692648073608572,0.12242066074450864,0.08648131079753607,0.0938240041708368,0.12835558267783576,0.083407918041562,0.09144718264528884,0.12053497419156767,0.04886003713619547,0.6002422235573225,0.38624140611586955,0.23025543408043614,0.2648820553593515,0.6652889095287807,0.3440114541948517,0.08486939645088964,0.5007864960093089,0.06203809068614918,0.48021162345073565,0.6884529387522671,0.2626364078650608,0.24231725611932076,0.07821128627567353,0.1397599237747742,0.5,0.03860502467638127,0.0500375024676063,0.07056587675184856,0.04181639994485142,0.04747674863915563,0.04536096809684942,0.051307008650756436,0.03561186992437604,0.06719473732729575,0.10364877766478753,0.059479200024933454,0.07162044673624535,0.05648565679762663,0.05319138156692771,0.055240811188122296,0.055600302708258775,0.07450592785862653,0.060140112468840434,0.12001407620782478,0.04477968302396451,0.06500993037168035,0.031180423874352825,0.08078704467268172,0.02997395729412522,0.06280628857855963,0.08807399615660949,0.1313335988563984,0.08210197623757087,0.0504861519424421,0.07685389767202844,0.03521255938332957,0.05351873459587253,0.0748161625323619,0.05696242776685945,0.03726535040279566,0.06815088664031743,0.10642273693380244,0.04445603271553589,0.0415666989118747,0.16336900665612164,0.14044833880637753,0.08631906495646702,0.04111663207831784,0.042555710007163294,0.08335452876978255,0.0692975087914458,0.032587378379384524,0.044444951745925776,0.03348236366965729,0.10113094452993732,0.2800568376657744,0.3865026223502931,0.19218694000140102,0.3170448705005351,0.2384908670257896,0.23282561272298985,0.3015615181258281,0.1780400880279569,0.3400289263062918,0.29958174919889047,0.1747868004557359,0.3024668543197828,0.3700650939308322,0.1501985875842209,0.13338979573275567,0.2932865753428985,0.22995764327367152,0.3664336646713141,0.26966058602993637,0.28563120239018314,0.30911341266419756,0.33560370015037166,0.3084116495556921,0.13473048818459166,0.2166913922578909,0.16642607121741526,0.1415495792422744,0.22966423219603094,0.3749748812798377,0.20751804019618691,0.22971019957228445,0.18405247162366567,0.31858147995139985,0.39472888638872805,0.3890140628576233,0.24538169380377006,0.213922212584161,0.2680648673867442,0.21134262174619678,0.37089825265180365,0.30217705092409286,0.2031544923935089,0.41370576126267533,0.2240046690313665,0.4023141772240706,0.17864793606089868,0.2268939121182062,0.3684089570067901,0.21122380546159003,0.2800525548545617,0.5152285401874663,0.42157494117967675,0.3821633739443995,0.4942285283695912,0.3950179880997,0.5578107721379177,0.4831157408146832,0.54620758188179,0.5653634050182452,0.3406547709006982,0.6305681915071183,0.43167448241843076,0.6252398455331265,0.7319380425444268,0.5198309558477641,0.5031590925685208,0.4234090671191074,0.5524655737726316,0.6472378512533903,0.4891625954196752,0.4659459923449114,0.43033203605731296,0.4771515549021985,0.4041756105667387,0.3601817235093403,0.431439724329749,0.38802863354763295,0.4766592587380336,0.43836584971800496,0.6005442566450702,0.2963371380108134,0.8244287081185337,0.46883204303788084,0.5458021937197433,0.43445677490452284,0.5407159551204725,0.08621524627951793,0.11814481356155992,0.6884529387522671,0.5334645544686254,0.7942631394195714,0.6127645671577635,0.2047602293292714,0.3154729155907591,0.0938240041708368,0.5546169235035527,0.6043506325651249,0.2964651895921053,0.18093235682651665,0.2648820553593515
72,0.035060013886159314,0.028658784462127773,0.03671643483096876,0.034968481501608695,0.029797831194358082,0.0926433413685448,0.0217568483536984,0.03288084300669303,0.03496110674077357,0.02576596616337279,0.09681968699871613,0.023369526796988338,0.047388008832954354,0.04531099762219626,0.033972259388013515,0.03506790479246835,0.03636825159010515,0.023818923100828004,0.05410466349909182,0.06247802800512725,0.04478475736634224,0.026609760492425694,0.02747155394658629,0.023119129162167074,0.0367632197144373,0.09952351826034134,0.04702214804070626,0.02538379922478262,0.028010749457655026,0.021359011040074205,0.15719005478284465,0.043281070954556466,0.03708317926634419,0.029731540581815263,0.042043053516627404,0.04928672448877458,0.05591368305883038,0.04418747254063804,0.01838698095775626,0.03668191336236548,0.046786126184902854,0.025746908995332496,0.08555516499924287,0.05381221914411782,0.6696898048524509,0.6213413094981783,0.24689087527697873,0.7088214833335651,0.289432748369581,0.29456106953856465,0.07833806664740861,0.11587589451478231,0.039235909882558984,0.0615634183861119,0.03677649308680253,0.08749215780456054,0.061536405428060825,0.08671509261459531,0.07152779165613188,0.05308495889336806,0.07860870837622769,0.0494363729545797,0.04819677473167849,0.05011471632298958,0.0482468597584913,0.05460641407060207,0.04009953744517114,0.06632663293451846,0.050611533747772386,0.03942480966918549,0.04285220803701195,0.05117242969113056,0.11516856412868104,0.0712842308886773,0.06314750732062602,0.09370647421450995,0.04061211863544445,0.06222221303828257,0.036534315061006906,0.07187512202251267,0.06057022731012629,0.035246466483722205,0.09048271530822816,0.0419965232888414,0.13434235346671808,0.03672020076041671,0.07146889709498727,0.04731998762745482,0.05296209965716814,0.10347552227540391,0.027502135867677024,0.0801426846167016,0.06182477154475241,0.08210109485503514,0.14407385806888073,0.040317997756852963,0.06484928378465749,0.1186967620869841,0.03946370979121505,0.0911368606300319,0.4665048362315104,0.5117258713183506,0.3093751241622842,0.45113630653548,0.4304264708920832,0.46059732322836366,0.6904348710160859,0.6087081776246785,0.30670946864831694,0.481845498052758,0.4679451375726028,0.41086751873472016,0.5153323359265485,0.4087398774807278,0.5224401757646607,0.47887497651608424,0.36139750178345986,0.5304378803237475,0.5378731517233313,0.4593241700303755,0.5804568211120504,0.46896862098653125,0.26972357520601087,0.7682672574850282,0.5908230972266751,0.7255086089029485,0.5655823658653724,0.38540882995725556,0.3737711073294745,0.4757764928471915,0.47507389593762217,0.368827357536314,0.5607674850605315,0.5341047133820007,0.5775889548498236,0.42666444009629223,0.6449534685646787,0.3944943023928884,0.3925723379696381,0.5,0.37274301612382954,0.5027161718655349,0.3196853576289316,0.5643408786266367,0.48261464707817425,0.5293738005622808,0.32513102881361733,0.35704753179298643,0.4368625654064766,0.5740149728557673,0.056739789378442596,0.026947281747742302,0.036472094516076914,0.04096264936352312,0.0518573245540247,0.030625729142238267,0.049062220111365185,0.01857931787199696,0.029317343208767888,0.032096450965540924,0.03665125921346679,0.03871022220512399,0.0463476276331255,0.0466341567638997,0.03997988094310523,0.052167362061710576,0.04354423350004777,0.04586918714679711,0.05966460668245388,0.04721321726495076,0.057680736327386795,0.029090132750631437,0.08204854693316443,0.041226942736284244,0.05221515202514104,0.038330243281822995,0.05336932205508216,0.11555742338895358,0.07635070251462084,0.031126572662619867,0.0514321476600772,0.06846570102756933,0.0640203029920271,0.07935944762704594,0.03034558461448189,0.02599371720021204,0.076863931464907,0.04276582972616794,0.035130954184085295,0.38549117030092184,0.3193927358313743,0.11427612773501661,0.09835645153319539,0.05988991581360037,0.054977134411130946,0.43038387729809224,0.6696898048524509,0.08157526672929882,0.38828102312319257,0.5540982788211093,0.026491602829764482,0.04182055382731231,0.05479558451037558,0.036009200116544404,0.0329080705111332,0.026386664491867662,0.03429563774177602,0.039823928871573266,0.032933811608218955,0.07417030120562884,0.03219954822422044,0.030472056802164582,0.023634639190464046,0.03268452835571056,0.032883738360791614,0.06854588457333688,0.022193504192103086,0.038831295764908846,0.03429229173925097,0.07909140248572011,0.04266710125168138,0.03811199109695096,0.021259356608845925,0.026721450317042206,0.03132069738656196,0.042674063375493065,0.03467602495408373,0.049808325862082614,0.043764462515479496,0.023580083331850132,0.03314231844186355,0.04409935877217319,0.031208254334240793,0.03476730296238695,0.03979505750908574,0.033938691517493735,0.030782505857483877,0.03986694266091351,0.07689105355658288,0.04287339586804406,0.026188712163644046,0.03707477131153669,0.029359752282251295,0.0271310103944018,0.044992809312430215,0.027851315588063086,0.05628970162387048,0.054510772438321586,0.022855869642738114,0.03904877726159639,0.0973369415078732,0.08811121845283831,0.12751034905836822,0.06429083567182159,0.08214587656438732,0.07028885722736478,0.1126383601274481,0.0721694615731503,0.0989882114857551,0.05405228874640278,0.04759903251778885,0.04110617513846626,0.029951074853379556,0.12247661760072459,0.0547530877490785,0.09138729020684722,0.07782837832143785,0.034230616382061374,0.04414860705460122,0.07778348758611353,0.0817270498194369,0.045697544546366875,0.035326974086379526,0.055507081325673946,0.06249167668630362,0.045574487367846084,0.12773291842052137,0.04613451539982394,0.06024409902203909,0.034272372208830726,0.053552468297048295,0.04184613796472281,0.06919461853445175,0.10130030910414967,0.1885140086596031,0.050519434674844765,0.045995296984429834,0.053680633324571625,0.03690175980014199,0.05475480326496973,0.05371528380144386,0.10140632531723881,0.06916162872160436,0.0394700189853302,0.07418771004451419,0.04745465892875145,0.09404032888912428,0.08875165327081913,0.04323581374178742,0.04539360408024962,0.29597385367952034,0.22431216480708493,0.16537656780384713,0.29856418103762616,0.09187321652279279,0.11822908365011098,0.21643462088643484,0.2215324343532895,0.19885356052724623,0.2435670566800343,0.1532405004357078,0.21010240625258847,0.20867986946043238,0.12168850414793875,0.07604683148323665,0.2503844473387177,0.2257088651064364,0.1408678665952896,0.2819068578368157,0.1847571324235342,0.22703811613942648,0.156252501054564,0.17647830768815487,0.07510427935735553,0.2097007299215593,0.12962182408152678,0.1158650684795004,0.054977134411130946,0.06210761837892975,0.08354628032448475,0.05419190818305575,0.05988991581360037,0.08045306429115928,0.03153714925807605,0.6082516377844399,0.30518895112666766,0.1710888703624227,0.21204577687360815,0.5338735886655395,0.3733303250190775,0.053868023241888774,0.43434128821539164,0.04105089735407841,0.38828102312319257,0.6704024181021744,0.24713172399786154,0.1903815100273838,0.049590634800995126,0.09835645153319539,0.43038387729809224,0.02471272739638919,0.03324333245085309,0.04605174122909528,0.026839011115738276,0.03073363067171131,0.030200235193196368,0.03401898876193665,0.02278770472559266,0.04303479695410506,0.06591461887906924,0.03784586732990536,0.051059875161557855,0.037301314638502614,0.03365356611052628,0.03466387145536842,0.03833539605546954,0.04758068489289968,0.03917413825518079,0.08030055558534721,0.028859569871530377,0.040536598288754,0.019804834043763986,0.053884292658469835,0.019407053086172632,0.042108306442454446,0.05697289576874365,0.08397069363438125,0.05590617011407617,0.0316013990453643,0.04890946083260461,0.02209062901951453,0.03412243677642113,0.05161268118983331,0.03600040121614401,0.02343082675001673,0.04323680227544435,0.06730975394270888,0.029416472790997128,0.0264288601156889,0.10357440958947206,0.08872986619653245,0.054328426323211554,0.025866525210666236,0.02694073207800518,0.05697653406441372,0.04453191711149029,0.020965802662784472,0.028156258817280344,0.02218020026016354,0.06385689665032512,0.2341899921647781,0.37625586113044185,0.16083863967110523,0.27644112919311914,0.19882917260123933,0.1960310949211439,0.2658030769370393,0.15547190321563542,0.32631378296711966,0.25186612777719475,0.1392555805784863,0.2848286772379375,0.3717450066201501,0.12448596168518422,0.12305392522085434,0.2427572073355283,0.20712413947260333,0.33522431265995956,0.2179398149277757,0.24018630850767897,0.25783100056428654,0.33096223616053866,0.2812287759964892,0.10297497338809758,0.19168822410244668,0.135281986439437,0.11051593944673466,0.19054237815729913,0.35630772511321074,0.19260036274811487,0.23314449154161032,0.1540273858556772,0.2833995805697199,0.35632304352277566,0.38433990823173303,0.20504981277129064,0.22402080006110958,0.21916370162638432,0.19945578444224277,0.31242768785950725,0.2662667479041674,0.16289566489206864,0.3970281998353369,0.17836159399389007,0.3956419495491077,0.1450442469794484,0.1830321884724886,0.3350717297142355,0.17099064384777019,0.26667953257361665,0.589495597676766,0.4024676787094338,0.3401427953851458,0.5252188283358248,0.3530168094690149,0.5921996966904348,0.5323977644140507,0.5298619797572481,0.5039908114942182,0.42253451697007005,0.6047728652000447,0.391681799491606,0.6214239509133648,0.6551622465790703,0.4923257580246364,0.4269817079037951,0.39055448457919717,0.5230367292542302,0.561187261501273,0.5461500005829293,0.4737781048539481,0.41381575971304285,0.49317225215778315,0.3375107333924384,0.4052208261027215,0.4927812290976863,0.3620466313255757,0.5096708742928976,0.4385569921096937,0.5920212843136952,0.3382570008068264,0.8171555284140757,0.48785440704542016,0.57065878125831,0.42951746243262867,0.5690114190973972,0.05687929089833865,0.08157526672929882,0.6704024181021744,0.5703634860883401,0.6696898048524509,0.5010579803790696,0.15627125230470518,0.24095295949095485,0.06210761837892975,0.4798626216006542,0.5003869956339495,0.257691337154101,0.12867888185157617,0.21204577687360815
73,0.03377577683306032,0.027986853953330115,0.035101738093152535,0.03347421999292943,0.028614893445416678,0.08609185843769007,0.020745848725573723,0.0317806646604788,0.03207836275891396,0.02521322924202818,0.08347689482955412,0.02302052788842801,0.04575788161890482,0.044049730741786974,0.032970813038657676,0.03364084604501516,0.03515751801611722,0.022460945940761423,0.05286515075094966,0.06034803588253845,0.043180072417236204,0.026210556944699093,0.02702155166744591,0.02217222589722856,0.03529268853119749,0.07682753796622122,0.04648206426861745,0.024512584037921115,0.026951011950136827,0.02086965441748867,0.1525137526350855,0.041964460659720815,0.03595914923678667,0.02894690770556274,0.03955154631176061,0.046204599081638875,0.05379367311541472,0.04257837087722227,0.017524751538747774,0.03538259170010327,0.0444532093832134,0.02539062736915476,0.08426186190326157,0.05080713102251977,0.6704339227155569,0.6220443474791715,0.2469221997806782,0.7095423683995981,0.2889429980310778,0.2938765499911916,0.07796102442688069,0.11600288805850345,0.03922514957218681,0.06165711490806114,0.03673923186539074,0.08752986206863655,0.06151305873279589,0.08684476486073545,0.0715899051455855,0.05307545556803284,0.07873945641650115,0.04946063899198583,0.04815645448623207,0.0500640564043392,0.048170786563929924,0.05465889199857077,0.04002529240857078,0.0663084839068182,0.050612443672421126,0.03939845184684354,0.04273283279062878,0.05120259336417954,0.11529252399856027,0.07133456097211321,0.06305400046758791,0.09358434703085594,0.040631805338463556,0.062045302751085996,0.036411593893406646,0.07180392796486479,0.06054717364746276,0.03521231832931493,0.09027683403717424,0.04189840059064176,0.13436226279491392,0.03676191976716736,0.07118464512475797,0.047237398786979745,0.05261739385181741,0.10352111937165664,0.027504121369692824,0.0801858756904602,0.061869638789062376,0.08220550690871165,0.14413392792492674,0.040236456523465525,0.06490277855787219,0.11880698532268286,0.03942697737920464,0.09125096842813218,0.4671691856979129,0.5124389854805982,0.3097366723629621,0.45163532858779754,0.43110882081379653,0.4612631384753417,0.6911369641580882,0.6094495169945078,0.30718785482393074,0.4823786504857388,0.4684772114323913,0.41140956952777163,0.5160000597941767,0.4092884272626246,0.5229213964949496,0.47959549742845475,0.36186116986174577,0.5310342722301992,0.5385992505384556,0.46001816037252663,0.5812365714258032,0.46963658397347263,0.27011936157381033,0.7689547175195908,0.5915105463687019,0.726277007729617,0.566335091338287,0.38596244355235854,0.3743068721749985,0.476451104524094,0.4757377904363228,0.3692202073261276,0.5615338712792198,0.5348115384145146,0.578358243981161,0.4273353570975573,0.6455898532516817,0.3950880554152152,0.39296097628529303,0.5006979853621487,0.3733160043407968,0.5034258414555883,0.3200409932910454,0.5650516800115939,0.48328405490808146,0.5301064332866394,0.3256573692318897,0.35751645988706815,0.43752629912350605,0.5748024355033436,0.05659305618275434,0.026590893117798386,0.03613074893483448,0.04050530854247303,0.051490529853727485,0.03056182685651443,0.04877646333496366,0.018367019014914887,0.029225626842147023,0.03172272339362148,0.03641327122284832,0.03858718747855194,0.04612961239961544,0.04632096962671206,0.03971573540062179,0.052120705407272094,0.04337419831484168,0.045465625891008554,0.059374432583774284,0.04717911934054608,0.05762115878902041,0.028859254629725828,0.08160478239030333,0.0408464194403384,0.05169095454438177,0.03808088318112213,0.05306499906215301,0.11517414146999749,0.07583522494939665,0.0310047814226877,0.05125898616099134,0.0684815971285957,0.06338800046067916,0.07893413491987111,0.030267455489746076,0.025893635433860474,0.07680850954661111,0.04244305037448537,0.03486836149967831,0.38587556138877044,0.3194944803035987,0.1066192291344179,0.09715020503849425,0.057531710748076614,0.050559443389223135,0.43035481359004246,0.6704339227155569,0.07920633993217252,0.38698367170834636,0.5540757705132323,0.026140347247261775,0.04077682173252373,0.05456036801633468,0.03562196443486787,0.03238109825618851,0.025851474903580862,0.03383594951992208,0.03892687698003505,0.03200956732296312,0.07338926875470797,0.03205795830339753,0.0300492154191081,0.023336185461380388,0.032334370514390254,0.03261426958261737,0.06822003983275238,0.021648410902012416,0.03795476018919486,0.033726011662686406,0.07831852307870169,0.04217425340954151,0.037115185212514,0.020536147647791103,0.02627590569108773,0.030744274226514823,0.042096525210073454,0.03413889448766805,0.04888638883652496,0.043482552202118274,0.023120213900588937,0.03289779564497419,0.043220653479807525,0.030815331222253883,0.03420056408141692,0.039426065209861694,0.03370242314875105,0.030239145019167912,0.03930266894927903,0.07595050880889209,0.04237185389056308,0.025503303488012108,0.03576154960365918,0.029155601450430613,0.026792370113649322,0.04461169293415357,0.02752367125266353,0.05527314275482176,0.05402426220066758,0.022028423051899004,0.03828486383696883,0.0972931353589973,0.08792525117533778,0.12738322225740617,0.06428558161328823,0.08217472757228095,0.07035400460760555,0.11277408122533372,0.07228924074258913,0.09895954275948682,0.05411268213130349,0.047638467805377394,0.04096315381224891,0.029877423077487197,0.12257577039704837,0.05470106568885613,0.0914399560882121,0.07783242860034856,0.03424126215800727,0.044163102363356854,0.07715675882173689,0.08177116157911246,0.04564664023066245,0.03535515286298485,0.05546143028800943,0.06227873373596049,0.045577164558040284,0.12793449932538348,0.04608755340087345,0.06026971892772359,0.03412971960588629,0.05357238443793089,0.041688649719159865,0.06921644195364862,0.1014536700184624,0.18842930586129092,0.050488167020591335,0.04586783199499023,0.053628471760512775,0.03678813437612849,0.05481217401154426,0.053747149997263044,0.10138280635074848,0.06922671206820541,0.03914352867138915,0.07415053012078043,0.04728672962341085,0.0939863690392092,0.08887435776092112,0.04302176577863881,0.04541715332869711,0.29638340866664625,0.22463322423829102,0.16561909549032028,0.2989570677201562,0.09190316246679353,0.11837065668934321,0.21666302920269787,0.22188804958361497,0.19915299825095178,0.24391800416267173,0.15338528933807893,0.21032068144414717,0.20900536857300533,0.12179886315806399,0.07605282684014958,0.2506729945988624,0.22607314276297474,0.14100227063849635,0.2823474636329685,0.18503235162361165,0.22730173169102508,0.1563462492692249,0.1766905430270055,0.07504146914239662,0.20995870848410003,0.1296843760215246,0.11595201632521213,0.050559443389223135,0.060264917656352446,0.08194768973845223,0.05284172963464118,0.057531710748076614,0.0786537490314978,0.03101147733707499,0.6089417746937009,0.3038240537174286,0.170574628734668,0.21106668648173732,0.5340342867955165,0.3739239974102333,0.05303595721263055,0.43338056396333113,0.040200204153844066,0.38698367170834636,0.6711758614105672,0.2469803384661241,0.1894399744824362,0.04727347067338872,0.09715020503849425,0.43035481359004246,0.024363102679831106,0.03297666751696038,0.045372015192165494,0.02525611981411402,0.029924539394664107,0.02958201177001729,0.033667716491157185,0.02217049132910176,0.04180437045321128,0.06379273890075443,0.03736896527194744,0.05070918460202711,0.03686594507624874,0.033213116903588746,0.034041106723487036,0.03680561472934041,0.04586287184811977,0.03817035777972799,0.07818341614995405,0.02866724715027058,0.038352516203494336,0.019314292659636134,0.053358510433390016,0.01914175106792093,0.04132729647332245,0.055464149921274575,0.08214726007041351,0.05469898631701575,0.0303317267041614,0.047778375101366066,0.021789992174203854,0.033553966555455284,0.050801345550695265,0.03460976609184396,0.02292349487458767,0.04225842699717641,0.06470075824731558,0.028666777590441783,0.025922916882261005,0.09566193796171019,0.08600395809372463,0.05201770750043877,0.024829685920150224,0.026386413101270434,0.05651630813847808,0.04213498070172239,0.020326890017839494,0.027190215601103906,0.021704929565133146,0.06236894270176707,0.23440051286921593,0.3767518424724703,0.16070117306973153,0.2768562204739632,0.19875541025674803,0.1961139200967028,0.26563309555190995,0.15560131813140265,0.326622017908044,0.2521587812828844,0.13928704021613103,0.28524815497531897,0.3722419306643221,0.12432047329411111,0.1231162008835388,0.24302159836151938,0.2072133521344799,0.3356870422824131,0.2182329862350988,0.24040254148799967,0.25810225270896603,0.33142696292012175,0.2816848008219247,0.1029241155087639,0.19186683530570292,0.13538586988685086,0.11040831722867672,0.1906423373816506,0.3568156932311186,0.19276114330807348,0.23340496442570913,0.1538813909735972,0.28370561673734074,0.35654445207081853,0.3845829080641143,0.20511844221598885,0.2240403390342437,0.21944782101494165,0.19974423968287347,0.31290800556817233,0.2662158189522713,0.16261245518384804,0.3973997715218892,0.17845480793074764,0.3961956683896476,0.14500662791029428,0.18247607140359978,0.33556802204936664,0.17110514643127173,0.2669733846365371,0.5903019630891659,0.4030905739591454,0.34066880064867966,0.5258601550593127,0.3534567888716086,0.5929852032167253,0.533173257073823,0.5306361233555603,0.5046861104480769,0.42298782474390106,0.6055606049276818,0.3922603220970081,0.6222014202842879,0.6559149466364524,0.4930516944761475,0.42730784178441117,0.391040169911409,0.5236107456281257,0.5619268767840268,0.5469206386751765,0.47445330976285105,0.41448287783789395,0.4938982719747328,0.3379609573097767,0.40585443920812136,0.49334364952683885,0.3626076043653267,0.5103618761208788,0.4391289466971826,0.5928075361690045,0.33872169046747636,0.8178052830636156,0.4884447867819126,0.5713892446262177,0.43008075106013255,0.5696417179369692,0.0553505565367568,0.07920633993217252,0.6711758614105672,0.5709419150874905,0.6704339227155569,0.5,0.15501840625721164,0.2399640511636476,0.060264917656352446,0.4804600787799418,0.5007219281487401,0.2567827142486191,0.12742836561675785,0.21106668648173732
74,0.032742162282057286,0.024225723143891265,0.03366241670018444,0.032082910522370445,0.02780896334185623,0.08374161662704638,0.01975470775863264,0.030580092154855354,0.03102198122566535,0.024741258977197034,0.08089226098806557,0.022042146422109554,0.043894564451064766,0.04297994446094522,0.03238777381852587,0.032499388056302814,0.03393728317622957,0.021690151105140387,0.04925175784569691,0.057271205839035444,0.03937980020213072,0.025425593198033836,0.026372013020575125,0.0213021365824686,0.03439806774051768,0.07508934539386425,0.04482872968415508,0.02350587156066064,0.025946851127922832,0.0198445384002216,0.1352620541233568,0.03920168829507542,0.034960107931377715,0.027961862524177428,0.038168079807259,0.0446071222520108,0.05151731443803054,0.040581655718190834,0.017094016169805215,0.033815994700833185,0.04291673410832164,0.024419745205688126,0.07848479962609356,0.049176416298417513,0.6756560815522907,0.6270714385550117,0.2480444325989274,0.7148993802016967,0.2877595445002995,0.2959872873078604,0.07820562444177914,0.11713099510601066,0.039554873991512474,0.06233094347846602,0.036893795685032704,0.08818715171526059,0.06141196471872301,0.08780458549956172,0.07234774806705135,0.05349363393088424,0.07942047211644143,0.04963641890249715,0.04864888762546404,0.049977582638803475,0.04833568218926576,0.05510761989672208,0.040245103069605936,0.06706049217927146,0.05060484226919848,0.03948239407570209,0.04258473328480561,0.05158446366517899,0.11659841350733513,0.07188483490465558,0.06254724798031552,0.09312382578483569,0.04094005686501301,0.06240376667205205,0.036560169125278597,0.07232853657257432,0.06076041758936357,0.035412039979867305,0.09005171089076591,0.04190666743306615,0.13559608375140808,0.03703906148864966,0.07123209176343381,0.04731332558424972,0.05272736828986335,0.10430116705434533,0.027755945637909063,0.0807318605479389,0.06230327289458104,0.08266148311018384,0.14450548723541878,0.04037834371514892,0.06537417833197978,0.11916193583519108,0.03954907402748953,0.09207542084666442,0.47168483263098215,0.5175433928939344,0.31309252202119053,0.4560647951069514,0.4357550514578864,0.4661322400504663,0.6961466411973884,0.6148658166443401,0.3105510349061331,0.48696471208214687,0.47325576548924164,0.415695240080152,0.5209295676502483,0.4136583234913631,0.5276903534743944,0.4845859772792014,0.3659089636421291,0.5360531848291077,0.5439147579337416,0.4649033371098169,0.5865214062740605,0.4744171377769628,0.27333092253253555,0.7739248206761973,0.5965438141930403,0.731609507745238,0.5715068275815846,0.39037536567649245,0.37822268244581114,0.4815154640833932,0.4803549729704433,0.3723721041511453,0.5668542278905355,0.5400555489892601,0.5835962401103482,0.43206339358464085,0.6503052582487259,0.39913535553164914,0.3972269046972603,0.5055632843881351,0.3774098375341264,0.5083928527050235,0.32374397075019046,0.5696774336508044,0.488330065956035,0.5354008550188532,0.3294156187467172,0.36069479018517525,0.44237462080171375,0.5802215898148647,0.05626145695201201,0.026301085307114058,0.03586621862972461,0.039565443136434175,0.05109803806465396,0.030690937836878596,0.04808436520933024,0.018082057477554203,0.02896202084552857,0.03139156922168984,0.036166996069224355,0.038143130394034386,0.045783003339885386,0.04525164092425482,0.0395507137656439,0.0522883036762638,0.04321392146357539,0.0445869165353735,0.0594895865444498,0.047028152018759206,0.05717183766999234,0.027203076388490066,0.08151707960323529,0.03992843857064576,0.051285280215317974,0.037565628806353724,0.052119054240533313,0.11518117730423971,0.07521288468716913,0.03061542803689976,0.051272541459030374,0.06885868125000383,0.0629430302256152,0.07631156291549535,0.029720577002418258,0.025789787662574337,0.0769908818111118,0.04170763936495747,0.034280277208801,0.38917674978486727,0.31753266643579925,0.10361553870289608,0.09531704030306865,0.055564198669515896,0.04943602309748263,0.43380536982563556,0.6756560815522907,0.07847754931993789,0.386984704815734,0.5583489645777236,0.02597394630794403,0.04031504136913,0.05429710947872235,0.0355779687278468,0.032643697081685685,0.02529228217857049,0.032804608748849384,0.0390364265934624,0.031133218158959308,0.07264369534786197,0.03194894968470441,0.029557667681579525,0.022982634919934797,0.03182613928806188,0.03237742144943501,0.06854191124313869,0.02102886328061704,0.03707515713932763,0.03317642705054358,0.0778979527249487,0.042303549600578916,0.03688053761853527,0.020439770847264227,0.025861923900511674,0.029992305193985547,0.041339690221130265,0.033747260867947104,0.04861986501400506,0.04326990621516014,0.02290571465164315,0.0321015618481898,0.04266731939940749,0.03069334042395966,0.033053304925245386,0.03900502420863672,0.03323262404625549,0.030119576625942446,0.038478306181989996,0.07472518905817715,0.04215753423243174,0.025304197032253284,0.03505049277266126,0.028740104245328912,0.02646259128657802,0.04455892753397572,0.026902411919126012,0.05477242537398608,0.05403429371666191,0.021680018836282455,0.037861519103186025,0.09821960445445033,0.08852580967400059,0.12856246664179238,0.0648588458362147,0.08290156353510147,0.07088283871663192,0.11384284821922197,0.07298406305715721,0.09947366196014895,0.05455955808297419,0.04805723234555326,0.0409512448594509,0.030103418456508768,0.1233811446499723,0.05496418726712737,0.09242122330546165,0.07858720308683431,0.03439291864666849,0.04452467967096685,0.07731062062267213,0.08272695004690933,0.0460801922027847,0.03570310659877507,0.055808370294699206,0.06268611182537986,0.04563480119437946,0.1289497489898509,0.04639071706983322,0.060905005870040885,0.034231280133266484,0.054144228086638324,0.04197218435768979,0.06982409175050008,0.10244326331832176,0.18885936885748678,0.05089497706073898,0.04605600735571802,0.05382569334741949,0.03698937083763176,0.05517422298298302,0.054253557624250326,0.10247108086363965,0.06949937784653237,0.03934974848695161,0.07464725175460907,0.04769949952373731,0.0947594719552195,0.08996139332919428,0.04323469898268173,0.045779154746803385,0.2996220834362503,0.22718036327800117,0.16766546128685578,0.30130353163167245,0.09283632202332759,0.11978364709192157,0.2189070261947652,0.22419472818616915,0.20145762682958834,0.24694897946043892,0.15494985848952647,0.21225436763754058,0.2111648072843456,0.12306269807758585,0.07701226273691208,0.2536486523718128,0.22896729198595345,0.14231175472535829,0.28520941267647826,0.18716972740348226,0.22968729405969657,0.15803411335504203,0.17882228411867063,0.07586674620105882,0.2123536674698422,0.13114907502979967,0.11722588676053913,0.04943602309748263,0.058434930748594405,0.07996397717046688,0.05141841962130167,0.055564198669515896,0.07776951536697929,0.030396557022350335,0.614125996038802,0.30074764596264725,0.1702247064904261,0.21267056098101278,0.5359537377489922,0.37827436328643016,0.050996550476263836,0.43532914285010593,0.038925148911394536,0.386984704815734,0.6767178626961703,0.24964808671771122,0.18900370027291002,0.04508980768513626,0.09531704030306865,0.43380536982563556,0.023782733468668105,0.03250886515314677,0.04464695712921096,0.024733897350984302,0.029599737669240067,0.02907345184813992,0.03289291821740348,0.021377277393398675,0.04095156590238025,0.0629422511848845,0.035314636481894146,0.050502292487658806,0.03606924981437387,0.03141616888565668,0.03254295861966794,0.03647821694842346,0.04393173566086184,0.03706996343788793,0.0770806044227127,0.027955119165846032,0.03680889107044827,0.018496719035015707,0.05184716433699654,0.018846593934739975,0.040560341120275956,0.054038808085761114,0.08050728638799365,0.05382812260560366,0.029569331686861267,0.045722495912038696,0.021088461538694148,0.032768962121788925,0.050545676305361775,0.03298250157631066,0.02170675654672216,0.04162137194093085,0.06131519564608057,0.028249596139266475,0.024769438503374985,0.09245887577832157,0.08221838341584786,0.05018361110492198,0.02396523016777774,0.025708631351288203,0.055991093267719005,0.0416864861339441,0.0197595995667027,0.02573139840436467,0.02138153826674072,0.06078646936670018,0.23670141925900323,0.38085541843838977,0.16209244785280008,0.28001836092571064,0.20080555697572822,0.19834147150741666,0.26812892455582527,0.15738078187687987,0.3303900137143747,0.2547095497840881,0.14072281175745682,0.28876224512663706,0.3763960889710155,0.12552319377702226,0.124408217960575,0.24563311774882712,0.20915757943459068,0.33939167120009583,0.2205656712763332,0.2431298792987947,0.2605647278066151,0.33527610414214104,0.28507743477477876,0.10375784895007722,0.19388434657094877,0.13699627335317477,0.11123457070688669,0.19219615805337353,0.36079244169821045,0.19467838062341736,0.23598698048214584,0.15515162063784926,0.2868839962416817,0.36015309186007693,0.3884970174152924,0.206300497632262,0.22653507803370787,0.221713950896542,0.20218190962752436,0.3163043946345582,0.2686035438598119,0.1637047206926986,0.40172080861724924,0.18027937714721232,0.4002963866864112,0.1463442659060179,0.18402965522604298,0.3394028333498804,0.17277698031391653,0.2700377165899158,0.5958716195364221,0.4077065723411748,0.3446885308062384,0.5311927697430814,0.35720940707219584,0.5984735334343585,0.538602694683457,0.5358946763332133,0.5097478818790426,0.427629600477314,0.6110526534509505,0.39655081876747267,0.6277896148428586,0.6612669982870697,0.4982952062677366,0.4312123784687425,0.3951233955753777,0.5285048996111004,0.5669456290061361,0.5523593226000242,0.4793425405920805,0.41923801644070413,0.49911260737700347,0.34144559384102613,0.4104534907566493,0.49830392829675885,0.36670596171899916,0.515623630262641,0.443579144817969,0.598386573723294,0.3426120994840025,0.8223115773169746,0.4933601271514716,0.5768498599456224,0.4348155412710749,0.5749520524208884,0.05407384004768412,0.07847754931993789,0.6767178626961703,0.5759762405230104,0.6756560815522907,0.5,0.15471425726990284,0.2398128081391614,0.058434930748594405,0.4848751319094201,0.5048516765253448,0.25825500970853443,0.12638378281192897,0.21267056098101278
75,0.03019795828642613,0.02238790925126377,0.030960642488717327,0.029752086948909184,0.025847736832111723,0.07740447584227983,0.01832696910798659,0.02840651549139761,0.028460314400923448,0.023116835877367237,0.07427809930661222,0.021066772862925687,0.04104846986038624,0.04031652681905806,0.03025981796078514,0.030390589415600133,0.03123769258523712,0.019838656747937167,0.04574879810164323,0.05338810185117693,0.036358207897514205,0.0240529295689893,0.02480635227857464,0.019464719236877315,0.032574882774338176,0.06940741280170026,0.042150376774449994,0.021362551428158794,0.024268293266738405,0.01838055404702832,0.12442867023410042,0.03634054686838628,0.03260188830032573,0.025857690666004185,0.03477896041880024,0.04057688358830136,0.048138558305082735,0.03740329600239678,0.015929264636464824,0.031909976920470706,0.03926155234849871,0.02285013558252713,0.07374622773829087,0.04535535192520901,0.6754025510139965,0.6266703358900323,0.24443562785876694,0.7156234403911119,0.27920456021318996,0.29160050395082204,0.0768067787054062,0.11649224728602836,0.03922513706085928,0.06217690083274907,0.0363995437542155,0.08754097465462918,0.06055802094115348,0.08764298989302277,0.07195450069278742,0.05315358906257395,0.07911534304754497,0.0491368385910016,0.04835897155845126,0.04928382501021478,0.04767183113123841,0.054660695801501014,0.03965196501259627,0.06671950928930914,0.049854960357839984,0.03888540438735977,0.04172970343470461,0.05122541149045412,0.11628348344894068,0.07137154574077176,0.06109743886746377,0.09100099880442436,0.040586278633123696,0.06132342126613721,0.03592849412296639,0.07154978684725077,0.05980570603977153,0.03497527795494493,0.08781256168583162,0.0412269883081422,0.13455902868948322,0.03674528261321608,0.06998101613945207,0.04640484408389145,0.051611023011755464,0.10362134896478803,0.02757855757870653,0.08001432377750772,0.06177520679660442,0.0821239922710908,0.1425931318359972,0.03968136654450405,0.06494440253535982,0.11839850540148311,0.03896577095145848,0.0917297257578169,0.4715250452393983,0.5179157234984801,0.31223110657791053,0.45439831317681234,0.4362974405627241,0.46632698073729184,0.6959221562576723,0.6151053735712728,0.3101078301867155,0.4862644835096017,0.4726192210822353,0.4151026479455756,0.5206540491902043,0.41331352410307576,0.5269058594435907,0.48513244319895155,0.36543643831806494,0.5362808853480936,0.5444290538613565,0.46540488000622293,0.5873090124757274,0.4744842428130269,0.2730827993690276,0.7740398714013208,0.5966269845698664,0.7325086698309129,0.571752527808899,0.3904409565857919,0.3777829781079385,0.48212373596137237,0.48022101038398546,0.3702494014880381,0.5673219756849383,0.5406969568074902,0.5841962351900625,0.4327012805242719,0.649467282355387,0.39885470418715774,0.39690342563951453,0.5055416477898873,0.377255911213215,0.5087204313198141,0.3232955933314733,0.5689962231497167,0.48861584004323766,0.5361042450114231,0.3293658665822333,0.35928736953494866,0.44300524564925925,0.5811267592034219,0.054714646732523575,0.02498958942419205,0.03471829735127352,0.03748272195022717,0.049074302774703815,0.03004579459355461,0.04642210010795911,0.01733079528398751,0.028229850990605376,0.03006849539103873,0.03487012867637329,0.03688016375029346,0.044375818155261815,0.04275396669846332,0.03796360106908536,0.051320234023520594,0.04211110461030976,0.04265625907664794,0.05795090033979022,0.04612222289770607,0.05605304547222223,0.025682440479405932,0.0792132239942438,0.03839107128382291,0.0489167078075039,0.035959352663030075,0.04988375160380598,0.11255867104139561,0.07273085194656415,0.029605347064259102,0.04999816987342365,0.06786898757859727,0.06055456366496281,0.07318395274581901,0.02872973179209859,0.025191239213169236,0.07562274196897012,0.039809942084164995,0.032934582176843086,0.38720037426411424,0.31228574269139386,0.09519626449879759,0.0904614311098686,0.0514759532725515,0.04607523142057679,0.42939429308566945,0.6754025510139965,0.07346411016523935,0.37817554990336133,0.5561262709338018,0.025007828370670504,0.03846608755410408,0.05268359304386461,0.034688864645485706,0.03198203265138,0.024137659162519864,0.031112245788961213,0.03750832744356092,0.029523900838506312,0.06955878035456042,0.03126387957324139,0.027989923202598854,0.02192941623302569,0.03015250539712877,0.031375108189626966,0.0670353734046818,0.01992861819134173,0.0349318022051921,0.03149198107420337,0.07563979652063302,0.04105891491831737,0.0352606935290396,0.019422872557247506,0.02426242899614306,0.02881281473830377,0.03920069491115785,0.03243714715727031,0.046750993388680495,0.04208617937076209,0.022056897229562056,0.030838933197743,0.04053871003083953,0.029767374534999114,0.031279985363592666,0.03788533890421519,0.032241448109304294,0.028508311468208647,0.0365331352252678,0.07166625557493789,0.04040573356537891,0.024318297852249815,0.03311970758789928,0.027782445061878436,0.025037104598720328,0.04296973063768772,0.025772608889986115,0.05226387059667914,0.05201358856303573,0.02027930047161064,0.036637907176436224,0.09713482222785241,0.08724451338340644,0.1274112300043565,0.06416019230517378,0.0821409964273041,0.07036005287527625,0.11296296770975456,0.07270357423491358,0.09826067217086798,0.05432942902154314,0.047650292759102486,0.040037039083713255,0.029658189625350828,0.12282681998853473,0.05428342008832854,0.09196448959258297,0.07777788097335481,0.03402272334780776,0.04415433374263811,0.07571374426059896,0.0823107882884514,0.045640879271205526,0.03543131278749223,0.055072961119233765,0.06178589406440016,0.04507400184420496,0.128462453819989,0.04569902272100246,0.06067389639022858,0.03351279186093725,0.05384408669174068,0.04136268953874778,0.06919541743229163,0.10209978016550958,0.1860894968605058,0.050270767037801756,0.045412346096966316,0.052880169889570006,0.03643786110887515,0.05474679227534718,0.053910774880546075,0.10200167937853355,0.06872301208682718,0.038516671801530844,0.07390979782373375,0.04681837563573643,0.09360420754636967,0.08974252312221787,0.04230862743409214,0.045374598785510534,0.29914036996669335,0.2267323364668986,0.1673235949549874,0.29961475307663,0.09230925212551266,0.11938230878651734,0.21784371375553235,0.2233782371158921,0.20112521055533172,0.24681416921473065,0.15409853178030597,0.21113384166369498,0.21059336928191164,0.12209009636132684,0.07677162089640388,0.2529447427211621,0.2290793512935393,0.1415501702870443,0.2845967666004783,0.1867842629850125,0.22815427994719895,0.15702916908734155,0.17854477941581914,0.07529208816114497,0.21186903716275607,0.129945628168465,0.11667001370632779,0.04607523142057679,0.054165889036650094,0.07475991405683935,0.04793393339707941,0.0514759532725515,0.07266094667466139,0.02853502986796652,0.613582191012519,0.2911957925319134,0.16572322425962083,0.20727099012056316,0.5290719195409417,0.3788255662446106,0.04788604983471523,0.4268910942782588,0.03670784771362179,0.37817554990336133,0.6776647241190448,0.24764717721874185,0.1835253983117181,0.04194685419678623,0.0904614311098686,0.42939429308566945,0.022575692099685907,0.031044821968867375,0.042516860271841206,0.0232584316395672,0.02808638420124765,0.027368938601989745,0.031495213291333424,0.01984362798620698,0.03775163883639776,0.05824515653577056,0.0331816584781478,0.048778801039289554,0.03433367642139962,0.029427547873851045,0.03043666425002478,0.034334401390771374,0.04055611585326879,0.03445927811676475,0.07255113282138814,0.026446263148340754,0.03409560087145169,0.017142973350684154,0.04945096626977852,0.017794804653113006,0.03836927706917814,0.051151107393094364,0.07639334695573319,0.05098982792655815,0.027621237936401144,0.04262599752054508,0.019831183404341757,0.03056910520416123,0.04795634298380225,0.030685723399701326,0.02029067760413439,0.03921364619101608,0.056652234723988504,0.026353463067514182,0.02332235295519547,0.08635157132716476,0.07594021498171,0.04590499114375357,0.022407116564068352,0.023823131973397693,0.05352498147788076,0.039410011281876156,0.018616243748358796,0.02374678367028582,0.02035793177420342,0.05664071542250215,0.23508230709473932,0.3802639862054257,0.15977898566788107,0.27947577641935195,0.1989284535054927,0.19696745261349713,0.2664819756727287,0.15681898539895656,0.3299693002816395,0.25347184439664594,0.13972564480390925,0.28893602843548283,0.37600732659865344,0.1244833285858834,0.12376068493942527,0.2447057673323868,0.2073599198178554,0.3387644000220372,0.21961391481421977,0.2418368778914003,0.2591162024812407,0.33521311678356214,0.2850567815503463,0.10242571297371028,0.19275848846719557,0.1363790002098083,0.10974480105936724,0.19068329084553615,0.3609158511821514,0.19361522843314405,0.2352969281522036,0.15350863140015303,0.286350815571514,0.3585510123808727,0.38712991439357103,0.2043948267079373,0.2254700028819503,0.22094087811177832,0.20192055016451116,0.31569324901192697,0.26652724630927227,0.16129028538995127,0.40091119127529884,0.17909612440449252,0.4001509155683156,0.14504725958876596,0.1810318660529865,0.33918801983438907,0.17173417409678038,0.26986353357169324,0.5970681231842152,0.40843456128908673,0.3449076618582486,0.5316369202517461,0.3562256177733728,0.5992358131497408,0.5397726148286907,0.5368411094134349,0.5098014198749403,0.4277330849111063,0.6119466981122833,0.39643954331341313,0.6287407832545879,0.6614846089865287,0.4990706034030967,0.42840599893242937,0.3945999735326666,0.5274042596198758,0.5668037497327074,0.5533321403623199,0.4795589568156,0.42003442063825214,0.5,0.34048414392512705,0.41094311768434355,0.49820540946201164,0.36664227944513716,0.5162138635640512,0.4435999590144132,0.5994313119787351,0.3425639938316508,0.8226340692980977,0.49289309909638745,0.5774362618678848,0.4350070842203353,0.5751853717175989,0.05083902840063603,0.07346411016523935,0.6776647241190448,0.5752811120183147,0.6754025510139965,0.48824579259354695,0.14866466298477465,0.2343866602986855,0.054165889036650094,0.48422486237520845,0.5012262553843684,0.2526040286427921,0.12038883266896405,0.20727099012056316
76,0.02936414989079683,0.02088663695243198,0.030055865237518242,0.028980658364279765,0.02488356987748508,0.07398474726854687,0.017641494990843665,0.028037754477642673,0.02729926859304954,0.02287768006360802,0.07090025362646768,0.02068288089623438,0.03999030147972471,0.03974341404662152,0.029789160151911576,0.02947956610054614,0.030415600207810534,0.019302933623849272,0.04393649783159426,0.05119262007561376,0.03444184020732588,0.023648630316035035,0.02442065092739698,0.018576882167538056,0.03194273936802172,0.06766409171350896,0.0413324976083872,0.020697638499265647,0.023468693476455194,0.017838402562884825,0.09731584431514173,0.03474587755198022,0.03195658181187433,0.02528217819529932,0.03381746949541442,0.03879538172784569,0.046981208753269055,0.03586196132493369,0.01567712665856924,0.031196061052749413,0.03831430740587238,0.02234639210396272,0.06981180462792957,0.04438979497996054,0.6753303618604086,0.626472876251944,0.24337719659696933,0.7155979912192171,0.2771877114018825,0.29084398578245696,0.07664329394489644,0.11633651285650293,0.0391699002709579,0.06213169257226936,0.03622136347638871,0.08741712123139689,0.06036980843747908,0.08759104046464095,0.07191490081222207,0.053092691787650526,0.07902926926424014,0.048954202855712614,0.04830277877371014,0.04909944550199408,0.0475533013597883,0.05459673944636034,0.03954514900991135,0.06665925701269482,0.049672223585774944,0.03874289337587733,0.04157201680608347,0.051124046340010776,0.11620400774464301,0.07128355989758828,0.060509312900940526,0.09051856729136198,0.040510058582658215,0.06119109990149585,0.03576599440613948,0.0714089262014822,0.059648039133512576,0.03489814118162837,0.08728208221344325,0.04103782773728648,0.13442714592604998,0.03669707904494435,0.06970963406478792,0.046240447733488454,0.051428635925184985,0.10347046412357053,0.02754310519369574,0.0798399467414882,0.061680906702507476,0.0819304451901326,0.14191651873534894,0.039572864773075866,0.06487317157112615,0.11787965336276895,0.038770768022081126,0.09162792872981884,0.4714448141990456,0.517861069374365,0.31203093038871443,0.45409300185328494,0.43624605765067537,0.4662608698767401,0.6957249488877884,0.6150554212723107,0.30999132645055816,0.4861432376222845,0.4724843428606875,0.41497318188268506,0.5204779367614543,0.4132189315667383,0.5266470316795668,0.4851018162617714,0.3653644375490692,0.536218293274574,0.5444176548214109,0.4653858258764132,0.587269422599089,0.47441175174146566,0.2730213489867067,0.773980386849691,0.5965039611445645,0.7324725140577448,0.5716507710372071,0.3904084217608501,0.37762987287627425,0.48211802674894,0.4801364299011266,0.3698365532800225,0.567298743871766,0.5406776234356945,0.5840972969828356,0.43269015698731306,0.6492906811579489,0.39859992115362586,0.3968406642920378,0.5054075213943621,0.37717863444265254,0.5086551028858896,0.32322106070103174,0.5687062541050163,0.4885838627624438,0.5360494190454037,0.32927450333736974,0.35905281836901004,0.44299217526033197,0.5811007342994711,0.05450938582811393,0.024727090764572135,0.034607029777385945,0.036954269318626554,0.048840628114544704,0.02996449142871027,0.04605767873095701,0.01716619026111843,0.028085046374546785,0.02977544041186775,0.03473209963716517,0.03664562634216961,0.044056495053718114,0.04201336671577871,0.03776316419980441,0.051201757543729576,0.04190863295530678,0.04217666150952393,0.0575812093437309,0.04576299985079868,0.05576791848678608,0.02470079115541346,0.07897720262273467,0.03802163489892241,0.04856174725508711,0.035603310441810754,0.04940482751940534,0.11220237967031299,0.07237281108537386,0.029411733439138832,0.049751174502371875,0.06772897684255452,0.06007162058226123,0.07262860615064948,0.028248304252201706,0.02500672759925804,0.07542293048335591,0.03935078142877635,0.03244574909433151,0.3869076684423254,0.31094579259764754,0.09352103631621922,0.08858334901370046,0.049599719383580765,0.04444890433074444,0.4286880215611101,0.6753303618604086,0.07270556127728633,0.37642587154861995,0.555844289255199,0.024731351253967637,0.038108594086086356,0.05215082854309727,0.034562399316993675,0.031903275815424514,0.023766357841174535,0.030510824064149178,0.037364201989717793,0.02892900983473312,0.068730538751403,0.03106385822809865,0.027624481095344766,0.02158627370368693,0.02976131055741227,0.03111188069089843,0.06670623254559316,0.019672682099641348,0.034476155879267334,0.031077490972110322,0.07463590921699159,0.0408842328891188,0.03502183969328343,0.019277209815324325,0.02394054423933001,0.028439745290724905,0.0386079759836514,0.032058978026445084,0.04618378174699722,0.041804291314829545,0.02188926850400863,0.030315543768358322,0.04016156115257019,0.02956664567957401,0.030818822483361985,0.037619132352913254,0.031924494620255706,0.028337977408601778,0.0358853755613141,0.07069624892620308,0.040067990018610056,0.023954956180530562,0.03247624386269954,0.027487023223573215,0.024828786027934258,0.04279144288484349,0.025434312124575364,0.051211830602245545,0.051727737317216915,0.020083434256366384,0.03636988958080212,0.09707336655733967,0.08712586427183577,0.1273346011739992,0.06409969671477589,0.08203009419724139,0.0703080058637664,0.1128858984411727,0.07265508388111952,0.09807613079603861,0.05428533443291084,0.04759462316459939,0.03992126689833875,0.029629285179956555,0.12273797994115132,0.05421076328772512,0.09188928737335034,0.07774693795142107,0.033969030585233706,0.044094433830617286,0.075539258308702,0.08228190555285231,0.045606685642611944,0.03539363871051093,0.05502246049902226,0.06167731683697664,0.04500514243976661,0.12841096194345414,0.04560993716411221,0.06065064710397172,0.033406785798065,0.05379917832909986,0.041319217167852584,0.06916936044948718,0.10206042000275417,0.18575963196248346,0.050192092399106936,0.04534398391665995,0.05280563370442071,0.03635759144730988,0.05467117211826311,0.053864134423095456,0.10194327783659574,0.06862702167351697,0.038431900116900786,0.07379177554978456,0.0466805974567881,0.09350100206043355,0.08971844016637587,0.042230097763744756,0.04533166621539386,0.2989149269912843,0.22658600091432712,0.16727837060085748,0.2991321350173505,0.0922252635820241,0.11932160670350034,0.21763381173916718,0.22326812921371875,0.2009811108857823,0.24676477553066511,0.1539545609315095,0.21073628193263438,0.21046571663442926,0.12196510278016692,0.07675385888295927,0.2528236062235035,0.22907070951696407,0.1414162961107408,0.2843934088741026,0.18669451799592995,0.2280030959433179,0.1568186826833382,0.17844279869570345,0.0752268975532735,0.2117926665540807,0.1298129883334983,0.11657242686085334,0.04444890433074444,0.05323010752757562,0.07127269877830633,0.04635872518946227,0.049599719383580765,0.07116867139579475,0.027757195863844286,0.6134594971635561,0.2882132980091202,0.16459487154305452,0.20648849841501093,0.5278366167063415,0.37881789872944616,0.04516617959082703,0.42522310712996925,0.03568513365800119,0.37642587154861995,0.6776639814521646,0.24745663620439196,0.18209459359975555,0.03983161561098891,0.08858334901370046,0.4286880215611101,0.022179969429325985,0.030488803706805623,0.04169078079913591,0.02258366019791347,0.02761381213078129,0.026850636283908602,0.03090072404275912,0.019207027624776885,0.036840929594125105,0.057016980007724594,0.031449891230452276,0.0481634095244341,0.03321719063726669,0.02780334846659127,0.028677843756752863,0.033706315348007165,0.03875133833953881,0.03330478228829281,0.07052431419612015,0.025664866124974206,0.032153505567073415,0.016574462082138086,0.04861399986920312,0.01744997934293724,0.03776428131223675,0.05016372121747703,0.07340520257199967,0.05007904880417202,0.026695139143274815,0.040423006788041116,0.019256980558255976,0.029480627279433902,0.04759036553305751,0.02882090711433194,0.019584904533720526,0.037592696963285044,0.05292122329681703,0.02597728318238479,0.02223265361743032,0.0803061179300173,0.07092364464507783,0.04309013562645936,0.021840099318103823,0.023294202570188882,0.05284090861628976,0.03887314385904028,0.018033398643442444,0.022173798520783272,0.019777290881578535,0.05385966960916255,0.23490583730803083,0.38021958583109594,0.1594483668319554,0.2794152041107847,0.1987367745143226,0.19679236496986507,0.2662538103066643,0.1567740515564282,0.3299154117663542,0.25321620480937335,0.13966078927269365,0.2889238853104277,0.37592446268902946,0.12439799070895619,0.12370358094824963,0.24459009223221528,0.2071824429447522,0.3386719255726034,0.21951472934620597,0.24176694705189605,0.25893091188262174,0.3351626036055283,0.28504163602023813,0.10229575679120617,0.1926610873713186,0.13633275051039373,0.10964181426337338,0.19052159452104378,0.3608800072007208,0.19352141195036532,0.23515988957792722,0.15336370249010411,0.28624986218782833,0.35841753400950715,0.38695050300981393,0.20410755773077638,0.22534397715378585,0.22082015876236438,0.20188454553159518,0.3156197022987802,0.2661540726729028,0.16090549316184266,0.4008707298259262,0.17895295075321738,0.4000427536550596,0.14494762440191966,0.18068140939694444,0.3391663366192217,0.17161067343393044,0.2698099098605944,0.597074102145593,0.40842812684191243,0.3448804328249023,0.5316339264460828,0.35609553161628893,0.5992044629383739,0.539787687777247,0.5368339168945021,0.5097492775599675,0.4276840667989873,0.6119306278271472,0.39632872666422525,0.6287389514885737,0.661437305297846,0.4990668891104403,0.42796938834215204,0.39451823045493717,0.527253284061668,0.5667390512602846,0.5533394145422328,0.4795135074276613,0.4200356643262998,0.5,0.3402737991275445,0.41093428238226204,0.49811077845727736,0.36655779085001294,0.5161994337667508,0.44352822798804303,0.5994490059418023,0.34253138233358515,0.8225748720179943,0.4928310402483056,0.5774079789330937,0.4349667358984911,0.575090681895687,0.04961854170658497,0.07270556127728633,0.6776639814521646,0.5751375396039544,0.6753303618604086,0.48531102876571075,0.14755983532940253,0.23291619817502351,0.05323010752757562,0.4840965562534246,0.500814479796543,0.25199838907377137,0.11905577303116743,0.20648849841501093
77,0.028446125507461062,0.02034376586440323,0.02762202576390782,0.028004548936444773,0.024331625496055387,0.07170534192675015,0.017170979902549455,0.026899471185855672,0.026107975102693026,0.01978965088185658,0.06943791925104947,0.01980508343128462,0.0389595664198058,0.03885404566072759,0.028497299975250967,0.02835216993480083,0.028780468664997838,0.01827254458697991,0.042702445309053094,0.04949640830382951,0.03277359124759316,0.022715728427983417,0.0229485076938013,0.017510058480014523,0.030990595724389336,0.06568901518279191,0.040146830114623944,0.019890439591512377,0.022571129500051912,0.017001074113995984,0.09611977896778579,0.03375325417474351,0.03097055558545847,0.023640066623762168,0.03253232981420506,0.03763192071520993,0.045299537128252965,0.033589720155359326,0.014975566694477749,0.03024245973455475,0.03599157306709,0.021611200696517896,0.06850289757149486,0.0433020440732258,0.6752608225036452,0.6268892985824398,0.2419466306538779,0.7166108664017276,0.2739903542844675,0.28775851621899484,0.07641886691556399,0.1162801918782479,0.03866249476652939,0.06201731749892969,0.035984958374458254,0.08719489500284228,0.0598003822650538,0.08733323217961231,0.07180890970084786,0.052812345408579264,0.0789314525579411,0.048774432295829895,0.04814292998181813,0.04884926778442322,0.04724315605433438,0.054158161514204384,0.039127746247495376,0.06632851346144453,0.04899236373770477,0.038220665405772514,0.04101671664525908,0.05079758853573335,0.11634118339147059,0.07076013550997029,0.059962708966425304,0.08980814089925704,0.040146598754842056,0.06047008811444354,0.035363793813832034,0.07122405534593912,0.05897537693328336,0.034550790613968485,0.08661105505035083,0.04076295165955102,0.13419772273805886,0.036352996483958844,0.0689507264010748,0.04581983149634328,0.05083690637299143,0.102849076954031,0.02733324001176285,0.07969585690381464,0.061278144305466964,0.08170057738142178,0.1411757655372352,0.039281633133168126,0.0647321730975765,0.11781029596674542,0.038343789799238026,0.09144337111051293,0.47205518232821164,0.5187712873297521,0.3122484002427093,0.45401703267896454,0.4371032223917325,0.4670109429317776,0.6964669335558529,0.6156425901605282,0.31014329248610717,0.48684486238108393,0.4730368312350153,0.4152475798079137,0.5209457808717555,0.41352836628835277,0.5270265829496019,0.4857374882594335,0.36584886343472,0.5370465668925835,0.5452394173747823,0.46605747265701547,0.5882857318944416,0.47496264171435987,0.2733533550479762,0.774631102078068,0.597318985959983,0.7336003123954637,0.5726330458331665,0.390977333373958,0.37805646845775864,0.48287198777314944,0.4804306298669232,0.36975410896505645,0.5681489156249349,0.5416154228228465,0.5850843246727386,0.43321609035877595,0.6499315793073005,0.39899455556330765,0.39733460906218154,0.5060053224401216,0.3773271085572055,0.509416669894932,0.32348189853217846,0.5692816092684404,0.4892997195391324,0.5368555130992727,0.32986425202304637,0.35870789668023095,0.44376189046798054,0.5821790029171123,0.05312249071955133,0.02380933206462499,0.03325742143329691,0.03595929574662138,0.04687994840789045,0.028878262473588823,0.04553377314951068,0.016205171340789915,0.027488395244769315,0.02898078246193403,0.033446774450431094,0.03609360156250452,0.04319684320253314,0.04064808402446041,0.036616765787964245,0.049873362179013725,0.040967978972881625,0.04069880933785064,0.05665276146588483,0.04528213014737914,0.054918727992996685,0.024018519379287673,0.07588024545413763,0.03661352675227336,0.045647223833460426,0.034814283091395115,0.04753625000869044,0.1106244151822805,0.07063247302543485,0.028753132342719256,0.048744821986360876,0.06666676297442642,0.0581803379594944,0.06905616776199475,0.027723082700836787,0.024324400907083654,0.07407462850892088,0.037940291709091745,0.03155775779577763,0.38612142505560476,0.3080901013522881,0.08843713588407742,0.08676354704889988,0.04785213744449346,0.04281946377003354,0.42708314362015953,0.6752608225036452,0.06913406626039964,0.37432501241054483,0.5558956221667549,0.02417996958372881,0.036999319823719956,0.051284670397514165,0.03412593071351988,0.03135280355781733,0.022992121256224185,0.02982794322832527,0.036127125500261204,0.028069733350916892,0.06776386665544287,0.030672840184020722,0.02693283685332537,0.02104675097983688,0.02852792297411333,0.03051483950989642,0.06560362860079216,0.018856257668972032,0.033652391939705484,0.030249719513777196,0.07423211452995448,0.03928622164496465,0.034172543198157435,0.018688636979208417,0.023025270581047863,0.027459207999361968,0.03800756875096867,0.031316732682694526,0.045226925543854435,0.04084266163112771,0.0213386134029796,0.029853311379404834,0.038923888502772175,0.028988661222582035,0.029852584699758822,0.036861422891657725,0.0313021110072228,0.027072287553139396,0.035412218820215835,0.06925260749695217,0.03882996021038654,0.023399534024932778,0.03177739114362044,0.026871114618924552,0.023222500928077094,0.04199653178769491,0.024663484097413257,0.05041323773090134,0.049602213973883535,0.01913475477277271,0.03572348528271385,0.09563890633450545,0.08609402080119366,0.1263929725684967,0.06269145387142705,0.08141674081260597,0.0697474890181472,0.11207709282247824,0.07224338007986753,0.09764878561451762,0.05381604296349418,0.047252139375319024,0.03907802321531495,0.02913571698291395,0.12235504171158851,0.053659742840524105,0.0915776463846858,0.07630049825057517,0.033691242446331815,0.04376130220665575,0.07404218379225513,0.08193798434297828,0.045168853224576755,0.03512041484694095,0.05440443559393937,0.06046393656381066,0.0443249341986649,0.12765652645819126,0.045216420576217664,0.0603146829485558,0.03284314740821026,0.053331994159346086,0.040244827462905475,0.06811766886476456,0.10186262677748015,0.1848858430620477,0.04964776690218864,0.045005474683671554,0.05191851085221266,0.03595420466954935,0.05431768212588017,0.05350403482987909,0.1017270937253274,0.06767107066395861,0.03782708461788764,0.07321421583808507,0.04587315009216042,0.09163977156300651,0.08926653013524533,0.04133507673951875,0.0448243928810137,0.2987325419062389,0.22655749796984614,0.16668136463199112,0.2988490194819934,0.09195889936091295,0.11914995766900127,0.21704294644158728,0.2225714393831113,0.20102232287122168,0.24686243684095233,0.1532757254414705,0.21060054677747286,0.21029259282087842,0.1213097747839541,0.07657188984852858,0.2527133487618851,0.22902233534486238,0.1410291313157308,0.28418558840195784,0.1861810761122139,0.2269200653171245,0.1564469327859911,0.17848692360759733,0.07460634015471213,0.21137043353662122,0.129127383485919,0.11628273207274897,0.04281946377003354,0.05111941791008523,0.06907758933626384,0.0455291615323562,0.04785213744449346,0.06832133993329714,0.026559501247743977,0.6139273691976039,0.2866549364718891,0.16139461818109035,0.20329013474524338,0.525409397701683,0.3795230721921299,0.04340482010165836,0.42290806132253955,0.03490124254216309,0.37432501241054483,0.6786309693300214,0.24633422526372306,0.17945037028798438,0.03867315913367675,0.08676354704889988,0.42708314362015953,0.021468907297735096,0.02950585417379692,0.040097707758201984,0.021833760348335285,0.025880433774509104,0.025827146851253868,0.030160980388032277,0.018450091845056638,0.03506521120705708,0.052093791637987,0.03041470014621983,0.046986649215252085,0.03241328641245789,0.027058072741753314,0.027626247212065524,0.032751642646264734,0.03784326246780301,0.03242528183425997,0.06946336930856367,0.024905849109651657,0.030917353042125728,0.01567936939227932,0.047009361823159734,0.01668029390864656,0.03640899522889218,0.04762466630244333,0.07148072082663548,0.0489948562878213,0.02531015855544938,0.03920989951675924,0.01844295667185214,0.028368337112844366,0.0450141613466114,0.027913727862562188,0.01873851283852923,0.03634546357110213,0.05140610559153669,0.024767109110770957,0.021634849549034385,0.07780321804363777,0.06693925472092355,0.04153524189286373,0.02073398401084925,0.02187974522790448,0.05110091504421088,0.03680335269975488,0.017285401002100298,0.021438265259055567,0.01907478441116972,0.05147092702257172,0.23348402199805518,0.37993984389974633,0.15875234540799477,0.2794037678535637,0.1979479775811681,0.19588195510711215,0.266276410556027,0.15657473715786174,0.3300233188219548,0.2528242381987452,0.1387992920465404,0.2891670426548779,0.3761486483062293,0.12364700012379237,0.12348050481031547,0.24413296367583204,0.20663116170695794,0.33860916396088603,0.21872024952225244,0.2411188746946571,0.25841421248386265,0.33534839553626805,0.2849297595528608,0.10104719808188545,0.19224521166978303,0.1357685985603534,0.1084293498383514,0.1900758431544891,0.3610654743308257,0.19291475404478498,0.23520512492311973,0.15248538978269588,0.28611221060794567,0.35694604741043034,0.3868141346680919,0.20326857122348552,0.225145886132314,0.22059162367118745,0.2019585669732903,0.31566387374592775,0.26588587439182476,0.1603913730094071,0.4000260057075403,0.17837957859675746,0.40057279091583475,0.1442846487999454,0.1799985953201948,0.3392612412737077,0.17095369453167597,0.27029793036369576,0.598241754973339,0.409113999132534,0.3449898895535237,0.5322594729559533,0.35566495496153316,0.6001495077371961,0.5408877280052746,0.5377419480379018,0.5096837004642094,0.42838673527479953,0.6128100993255536,0.39679675126001424,0.6298055801295311,0.6620622270734373,0.5,0.4266441440043124,0.39473990659498737,0.5273040289469488,0.5671509442230392,0.5544122376459499,0.4800028929698842,0.42088478184667566,0.5008263577542952,0.3395230717598082,0.41132975484850953,0.4987342251322091,0.3668674955011597,0.5170128779280572,0.44400421583513716,0.6004048189479254,0.34295606957576863,0.8233227982449428,0.4931950728620196,0.5784634775947315,0.4355503717151289,0.5759547507667165,0.047706609740606476,0.06913406626039964,0.6786309693300214,0.5755730267905845,0.6752608225036452,0.4828282634564217,0.14360276876839195,0.23027349849689693,0.05111941791008523,0.4842469907954944,0.498277163411444,0.2494432822700886,0.11667570635130842,0.20329013474524338
78,0.027769977556269088,0.019967868024945323,0.026470335083693786,0.027567310614104334,0.02317502813281147,0.054917858863297475,0.016561587820321466,0.026573358292981575,0.024849661805288914,0.01945959852583068,0.06655307983999004,0.01953895693396157,0.03760443277623948,0.038412536547078435,0.027974781712312047,0.027581378827892244,0.028237093109688804,0.017567548498703234,0.041889653966222906,0.048353105362218485,0.03164679650597224,0.02219339576940127,0.022607656383166974,0.01685254975509487,0.030274255491776536,0.062361849717700646,0.039593050581125944,0.019397439871458366,0.021894213130537854,0.016552620614010194,0.09281882612241521,0.0329660631987978,0.030145847258468472,0.022968186164734505,0.03150935867272142,0.03680619709398081,0.044834139778609505,0.032447433140577076,0.014387250522398531,0.029944345943811457,0.035333761893256876,0.02133055110711879,0.06742095839161055,0.040543140001345734,0.6749068698285622,0.6267437654112314,0.24065712766458447,0.7166501003435941,0.27259810594324574,0.28644829851839226,0.07628310023774176,0.11623521285543248,0.03858136212665786,0.06200348929757571,0.03586406618977067,0.08709810476651203,0.05955354010566871,0.08733242495405391,0.07177927639712156,0.0526716687527744,0.07890410380392332,0.04872007186656713,0.04801543034332678,0.048731581382837064,0.047120777198381036,0.05412071730172885,0.03897372625400808,0.06618946166236184,0.0489366188064051,0.03811479419882946,0.04085189749777929,0.05073990194400635,0.11616826956636839,0.07070241709051284,0.059741940414116956,0.08946110375143157,0.040036859504543165,0.06031236029054898,0.03524339600387327,0.07110738665402971,0.05886593262196482,0.034373583696476584,0.08637620788166589,0.040653276486560364,0.1340159172496358,0.03630181760064388,0.06876157224373614,0.045660918126800176,0.050748886833655193,0.1026685095960248,0.027299218058436492,0.07956161493864844,0.06117686815527279,0.08160721087064304,0.1410225941919957,0.03920615550694817,0.06470976269727358,0.11733193489825555,0.03813345391096923,0.09139253522996205,0.4720621954855039,0.5187965575292642,0.31189807845310424,0.4537557252745562,0.4370760077428283,0.466982662105498,0.696301584794895,0.6154768113536873,0.310092768228418,0.48681538511389244,0.4729245233197932,0.41500091303836495,0.5208490562320929,0.41342560556440044,0.5265930333901914,0.48573673112234617,0.36579824358502655,0.5370238420154623,0.5452944323958369,0.46607159304671864,0.588289127014006,0.4749784440002174,0.27328327331065716,0.7744993445066635,0.5969578133362109,0.7336008281240283,0.5725743395907246,0.3909761884377062,0.3778426166692298,0.48288426096525816,0.48029952138075105,0.3691226634038004,0.5681619967362046,0.541646058223504,0.585052689428129,0.4331495271206408,0.649753637767644,0.3988391816736291,0.39718017470525047,0.5058033931791824,0.37723573906551655,0.5093703454766914,0.32324912897520486,0.5690543660739835,0.4891090202269691,0.5367467100058405,0.32984493884906263,0.3584008314140077,0.44371973480845983,0.5822126172165798,0.052906434694236615,0.02358944168961996,0.03306942984957262,0.03540764378408101,0.04660323056592297,0.028752334692813353,0.04524459710819795,0.016050434675975667,0.027272574493948376,0.02863050253187127,0.03309521117499048,0.03585307184024278,0.04294692979988979,0.040494992008031305,0.036337502975082314,0.049796211449652183,0.04078025339954672,0.04007540058098247,0.05591388101456596,0.045092503916041915,0.054776437714155746,0.023768296756249807,0.07562543809597566,0.03579362015698884,0.04510427124473704,0.034438032966466414,0.0471815625780605,0.11014045926138627,0.07016186226265941,0.028612016521618933,0.04849287809725222,0.06650178292847675,0.05757386574279233,0.06861006121695346,0.027597888051439146,0.02400349968957094,0.07361707652388794,0.03754117154714598,0.03102810590459959,0.3854151859727717,0.30744840642957094,0.08462389070034215,0.08488832628973753,0.04595646627089234,0.04143543651440118,0.4255523713898498,0.6749068698285622,0.06750970817023172,0.3727171204100336,0.5550212676802571,0.023918274716517196,0.036736146470682796,0.05090074190283611,0.03383697309175293,0.031181496984241885,0.022285838174281536,0.029524163504978773,0.03562140025690086,0.02763731565253147,0.06719300484336344,0.030421904702434777,0.026541131049147237,0.020840517131360703,0.02830465326298126,0.030293187256892562,0.0650179873036476,0.018670981833399547,0.0331805484959834,0.029802660131560965,0.07343754598042407,0.03900238104253628,0.03385231703953229,0.018480116803872848,0.022831547817232845,0.026911044126730288,0.03764477582897496,0.030948393818253317,0.04474062948366042,0.04070329038385201,0.0211324879832836,0.02968510724501694,0.03848294294667298,0.02872684498199385,0.02932265903120379,0.03659686651169236,0.031190430789344914,0.02661029076080157,0.03499018149462629,0.06798913753550895,0.03849307980699346,0.022947767843914058,0.030725489336493994,0.02667908505356409,0.023063213691274065,0.041744164113139304,0.024377419803130573,0.049799804284257565,0.049110221233441,0.01878663512411216,0.034900675398176095,0.09549849520178166,0.08585064183915903,0.12612178113637362,0.06259664919868069,0.08123471840321694,0.06972024543587785,0.11201354755208093,0.07223375599939152,0.09734271093746372,0.05373363238020146,0.04720700107861042,0.03895955574979637,0.029067259017018565,0.12231160859662882,0.053531097489430746,0.09142062021335029,0.07625147527213705,0.03364406925075303,0.04373183160342231,0.07370397884573254,0.08189214492509012,0.04511970200211224,0.03508105920271121,0.054346616297814565,0.06035908181871619,0.044276460312263066,0.12762578521898793,0.04512753916685697,0.06025211612560055,0.032701345134741655,0.053180259297036736,0.040070033715746356,0.06803888143034831,0.10179624876155013,0.1845917559304624,0.04955398825115698,0.04489231156265572,0.05177603297031552,0.035773528880513106,0.054261655004550824,0.05341859697762463,0.10158418452871565,0.06763395570720199,0.037500277363068046,0.07302644411748571,0.04575142710352664,0.09137577544578401,0.08924754760647513,0.041235795084253346,0.044780100110002774,0.2984705867958434,0.22635199388256122,0.16657296919546105,0.2983935253345599,0.09178582432551152,0.1190928573071669,0.21656072723508746,0.22239952895207615,0.20092235215628873,0.246780981700365,0.1532379552283203,0.2102931583210489,0.21027739207392282,0.12114862890980982,0.07651386997669984,0.252441930067264,0.22904033706660087,0.14073052657724772,0.28405063761319493,0.18591528678523994,0.22668106450677727,0.15629327615867195,0.1781795924820616,0.07436389216631278,0.21129038511785891,0.12897373648548416,0.11622734763659692,0.04143543651440118,0.05002113928118035,0.06779453799580604,0.044194027949575165,0.04595646627089234,0.0665337873794456,0.02596272539832678,0.6138015121616347,0.28507979401552885,0.15997702514104273,0.20075799826500096,0.5242406708761085,0.3794861586017284,0.04254668095931158,0.4212624061449517,0.034245773038371174,0.3727171204100336,0.6785180997423547,0.24559012425666915,0.17807811032950227,0.03744711467238426,0.08488832628973753,0.4255523713898498,0.021018996029174675,0.029079814877665866,0.039514585688289916,0.021284697585664647,0.024870422150702676,0.025413976344151767,0.029937203172985205,0.018078419256186473,0.034513249442717164,0.05087764633999825,0.0299393104948793,0.046563288435172545,0.031744717208615936,0.026701178194568964,0.026816131823825584,0.032343278055756985,0.03683345073732858,0.031587722315957856,0.06804520543173986,0.0246288813699459,0.029275307768589443,0.015401319866544805,0.046317416265429734,0.016331684479086506,0.03549745500173629,0.04643073577362378,0.06963052549425408,0.0480188677393899,0.024720760401450104,0.03860761661756129,0.017837947981912072,0.02750949110781098,0.04438919744770242,0.026948602581148062,0.01834974015528079,0.035307698230310325,0.05011020982460257,0.024313071379923334,0.021188128072607504,0.07503961751914556,0.06222718934145366,0.040233111842316815,0.019885597890434648,0.021399323174251972,0.05054535733813381,0.035868984911113566,0.016948233603386487,0.020752341841376976,0.018473981970315356,0.05000683512463089,0.23300780951666278,0.3799807402374129,0.15814721790272834,0.2792926774147473,0.19745158843733202,0.1950980636967311,0.26576467976517126,0.15643016677109922,0.32985946247043785,0.2524213314346663,0.1384413083981001,0.2889404280939223,0.37603244571411376,0.12338729988437314,0.12344414097834189,0.2436904265303529,0.2064962967566547,0.3385305216149276,0.2186407737676781,0.2409581459888661,0.25826906883962975,0.3352163442491811,0.284922165996742,0.10072761343019832,0.19206051421358838,0.13552684703220275,0.10821111022706564,0.18986814219936743,0.3609635337352085,0.19283997263407082,0.23499354587511978,0.15206486419141274,0.2856972146549288,0.3564383792208099,0.3865031104915153,0.20300038480651494,0.22484657044804846,0.22020882535852626,0.20189714348490984,0.315640200853304,0.2654808027362944,0.15999131994431182,0.3998625043953352,0.17813851248537627,0.40049615612736944,0.1439837314631982,0.17926929614210085,0.3391991362314084,0.17050121250955008,0.27018152241963156,0.5983426393971167,0.40903433279398915,0.34487954999613313,0.5321965726794871,0.35534875347996964,0.6001846281266081,0.5409764690714665,0.5377837449798547,0.5096673311297882,0.4282571936178804,0.6127553566875373,0.3965058572731609,0.6297873961484406,0.6620003001848775,0.5,0.4255022567119431,0.3943127540383786,0.5271710267523545,0.567065845483647,0.5544989987440241,0.48000182415112047,0.42086840583303053,0.5008272506273782,0.3391930535144051,0.4113371057133559,0.49862197381993945,0.3667013364533116,0.5168588899068315,0.44392088068334645,0.6004725691229723,0.3429354809006161,0.8233328146082547,0.49315608232869945,0.5783014761014755,0.4352179681896885,0.5756490734033288,0.046313629319504446,0.06750970817023172,0.6785180997423547,0.5753004097136227,0.6749068698285622,0.480102927613265,0.14248962553792321,0.2284439722185041,0.05002113928118035,0.48390170451456793,0.49740403298267544,0.24796254231827586,0.11470527704029043,0.20075799826500096
79,0.033442408046559624,0.022950407721803567,0.028830839039025724,0.029343873119744623,0.03341038674862218,0.05688154261538958,0.02030062191745463,0.030771300098883847,0.024218863565116933,0.02285757654673959,0.05990720774837388,0.023963924769490164,0.042173942179553614,0.04524336792449435,0.03409049732641112,0.030626263652718033,0.031081232485630328,0.019382599923651544,0.0481603196357574,0.0527842698918678,0.03268604037571721,0.03171874255094165,0.03156959301325857,0.019780669448502763,0.03072331471381262,0.05324557912267691,0.04808763887527112,0.02544907256875939,0.0271738320134447,0.021959084468706536,0.08552025060707114,0.03204463769804633,0.03722385466041567,0.035651736459399896,0.034513160995989,0.03478290100570103,0.04569349749703444,0.03648025632197682,0.018219892777105784,0.03281308953108597,0.0347458925426406,0.03463457866057462,0.07183722025018802,0.0435644589995986,0.6864298173656824,0.6199337256698849,0.3830508974206531,0.6808639765965853,0.36278051104327647,0.3490806523608234,0.07498300019677684,0.12893818220339615,0.04994275082276178,0.08241997122782208,0.05332811017993788,0.10551529802213988,0.062391321181654025,0.0957057773941753,0.0840874800680197,0.05652514588510804,0.10146104618669682,0.06015000434247031,0.06474049235544244,0.0723720292228538,0.0638851343561947,0.06590233048961958,0.05881994534688617,0.08943298610075112,0.06899785844156425,0.0529189224473362,0.05534270066721947,0.062340961984664434,0.12595446454675807,0.08459112586279038,0.08892694494105358,0.11388999445491466,0.057390740152333586,0.07130357734646398,0.05897625773803605,0.088188162740505,0.06835374134369154,0.04906020709327208,0.10943412468629787,0.05531030118645075,0.14869711100469285,0.04673455553102368,0.08499533040832774,0.07535301054883248,0.06180862242916507,0.12647711186135446,0.037571510625194815,0.10254635217710195,0.07951929589753748,0.10399674875850928,0.15133588794075048,0.047200269381309945,0.07656400006178476,0.1413608696097538,0.06776679549005638,0.09692057386585506,0.47024265678871113,0.5356191957305392,0.3620103121002539,0.522907122625032,0.4268981420064948,0.46157920353760795,0.680026315327364,0.6111575113348311,0.3312475729058373,0.4783525386546319,0.4746927057744328,0.4385220688977226,0.553109576164935,0.42467663858862226,0.5331790254524758,0.4755064686684549,0.3700413380630675,0.4933668855944743,0.5173176172365936,0.4488327558847661,0.5839401908179754,0.4874714435891898,0.29740522219430454,0.7642809838959416,0.6027974586990485,0.7047245720972322,0.5807689344867024,0.37059054700015426,0.39032924825227977,0.468159744503047,0.4849230150008821,0.40622508427064685,0.5668384648108211,0.5310407746861048,0.5782307182267777,0.4552526335644417,0.6356332525234332,0.43113914526270614,0.3768959942958855,0.5230234035999912,0.4179526968132492,0.5087130970735382,0.34582542477572453,0.5836861745064084,0.5,0.5376943779432923,0.32458800777266394,0.4092116339923674,0.433642154377071,0.5618376092027972,0.07194095238225462,0.029202752815914446,0.04271397402033761,0.05333080289796577,0.05619546451894797,0.04618175705325833,0.059770567838312805,0.02489982880610886,0.04254968849679808,0.04403443082683467,0.0455710584885598,0.052237235403197135,0.05698744252478327,0.052170303996216694,0.046953405188460806,0.07035292562572071,0.05401859776146156,0.0578094612568999,0.08950671925218001,0.08372707474056817,0.07676504066934398,0.031008165102130336,0.09232310594590742,0.048208143194162445,0.06416325031788406,0.05206816651732671,0.07194621273328139,0.12621950270704707,0.08304822125773359,0.03481585100770379,0.06808378498768264,0.08160448784932106,0.07564481025228598,0.06798987032052528,0.04539945240380128,0.04289346052524645,0.10114912484036376,0.05229656965904561,0.051203378758664764,0.4398840570643786,0.33720023617736716,0.07930797952575419,0.12442645150101572,0.058938252036132566,0.04160484169112533,0.48927872437484976,0.6864298173656824,0.0888893830421289,0.38814826840060423,0.575759775205682,0.0472024261549675,0.04168873627321723,0.08516050793491692,0.04463777081211395,0.036171903441407194,0.0394836443443386,0.0387991344767572,0.04952179264389667,0.03787273924699508,0.07420677143319676,0.050785884645678125,0.04533678659841345,0.03202088773971323,0.038750629379565305,0.0459045596137555,0.08894083521169072,0.024075634952329228,0.04010696212956211,0.03970125426615667,0.10834542975227712,0.04887992314460832,0.04434598821604652,0.02706657053911521,0.03041739922078912,0.03891751419324019,0.04863087168681379,0.058855037935882315,0.06003134372460628,0.053333668684479196,0.030821496621278643,0.04108653333732104,0.05053337869542318,0.03799958247354329,0.042352616761117456,0.04968786375328871,0.04272314240014574,0.03550995594158424,0.04672156623111945,0.08939919998412582,0.05518765761889188,0.0414596858670262,0.038530705251188735,0.042009909705594595,0.0309670319837968,0.04836611716061823,0.03947031468040396,0.07547489658702111,0.06274032666161966,0.027965540335560646,0.04485999123955786,0.10656540377050161,0.11517756114422173,0.13578474138166663,0.08138752929253301,0.10715963971927234,0.07821829006973857,0.13336134796202403,0.0923352237265539,0.11993204397388102,0.06970526420987166,0.06409843956861672,0.04527432393488373,0.036221261877923294,0.13160059872991725,0.06923767068348885,0.11697111159006646,0.08381248191915269,0.04912054326095672,0.0634617714716792,0.07846822596664216,0.08936506375146513,0.06079874878445657,0.047582355792760045,0.062248355537171784,0.07118268935019945,0.05228365410538449,0.1185190815993481,0.057859776540101215,0.06509093095010776,0.0559132967713718,0.07246167906003098,0.05264816851275833,0.07386192718081874,0.12205624472008036,0.19264987413008472,0.058210122721704005,0.05654397127294164,0.05722526868499911,0.05784951676939443,0.06867148397848222,0.06083260344855612,0.11128130056015195,0.0760410925149888,0.060039758644686914,0.08339992263451212,0.06790559527963169,0.11186691367659563,0.09402688844966656,0.04654223485806408,0.061387981236428635,0.35298015498774793,0.3241981797174396,0.21833252607104636,0.3369721731128196,0.12178127870164168,0.13143372054016644,0.2739698524411841,0.2639645306816981,0.2535127097617358,0.26032202008915917,0.180163922445308,0.26510145943280006,0.2416873917561544,0.17460252763076956,0.08899937742189068,0.28942808469502745,0.23601759000263056,0.17331248510517838,0.301905134316398,0.2698728316369787,0.26194288054353887,0.17477966820794988,0.21943971953063224,0.09856283419939227,0.23527733399086725,0.17717366737549478,0.13864285910036422,0.04160484169112533,0.0655574346485821,0.08089762942445933,0.06188189590869653,0.058938252036132566,0.09249526841608047,0.04932837797687639,0.6155244812804352,0.3193224511427505,0.20968692221159368,0.28793901451396,0.5351608898857361,0.36882973629292104,0.05305198907281117,0.44832974695290906,0.052811798543720534,0.38814826840060423,0.6573128137667827,0.2870897487764854,0.260189137812747,0.042105965305731075,0.12442645150101572,0.48927872437484976,0.04002990614348134,0.05608876906847682,0.049601371049951326,0.026169609792113357,0.04032366683927102,0.04214087091627439,0.047754888864707246,0.028757674939418276,0.04212352801125396,0.056339305752882374,0.03903670661290104,0.08760300219205697,0.05620757560157197,0.03459082896959953,0.03470190791536654,0.04409090133812399,0.04017648072732993,0.04356510922236123,0.08119074385279013,0.04391652365592713,0.03169930296170931,0.02222157633079691,0.07052648660790573,0.03585439733377682,0.0650300042701698,0.056614388494218626,0.07228351171092373,0.06752446733734041,0.027414403474082527,0.04717158829561485,0.028104162336983984,0.038322562813349226,0.06973676629345404,0.03129882038125331,0.025591269296562746,0.04548228496883455,0.05243499979351374,0.037176565153303254,0.03151939329081821,0.06736902790586374,0.0705989262407033,0.043100921370441525,0.025489143752789767,0.027684105524991898,0.0846963893629652,0.04112089991391232,0.026567118546477864,0.02852848426422716,0.038852716370537776,0.06047316036478212,0.2868362003330286,0.3682879338562821,0.20040585513653464,0.3099578541655035,0.21932767883075288,0.25069504719004865,0.25554763350245324,0.16574680802867114,0.33985792102176426,0.32312685547781717,0.15579888569331057,0.29712444260376125,0.39825034893375966,0.14729662982552227,0.13139172617897243,0.2596328917478775,0.2381039120754651,0.3729186728728848,0.2430455746929303,0.24818500027145418,0.3085473406868491,0.3368740486381495,0.28221268828517476,0.13710376267785618,0.2233271234582327,0.16207031688712237,0.12933121750608267,0.22209137000773072,0.36184151335410697,0.2199537766263977,0.2841826133504316,0.17263217826297084,0.3115944524099662,0.38816441667212953,0.4059780542509427,0.23944382852113877,0.2462335770616526,0.2716682480164757,0.21403693764918363,0.3163813146633261,0.2743333128598171,0.18695467568133672,0.39177508689861495,0.19219078455204808,0.39598628439339667,0.17099744951817875,0.20669219251211557,0.3521295152112598,0.2201468367437568,0.26852760061260084,0.5708877048965115,0.40546650883738933,0.35793853573253676,0.4935913618480193,0.41284124597752525,0.6091816190723124,0.5272222941976965,0.520898822112506,0.4968303992782097,0.42277449636038467,0.60867761767088,0.44523445210978474,0.6103219852944868,0.6477033102646997,0.49953069122260385,0.48910978337433997,0.4181514237980861,0.5209847269997261,0.5602989980230086,0.5345738518861429,0.49732000925664155,0.43319812406119274,0.4863708041481062,0.3859487987381144,0.4077166312127031,0.5088718157854817,0.405448208904695,0.5069561048244828,0.4347368027665022,0.5741638528058985,0.3432624724624552,0.7933827654587984,0.4947247402361834,0.5560327967864729,0.48609329979055715,0.5609949072783939,0.06780034433755011,0.0888893830421289,0.6573128137667827,0.578275853637139,0.6864298173656824,0.5051559020695456,0.2031824873801069,0.2948061238295455,0.0655574346485821,0.48875712461273635,0.5529936605657553,0.29705417586412275,0.1542526895281876,0.28793901451396
80,0.032236255951657466,0.02212793343101349,0.028232218825093747,0.02788400398838975,0.03276339602532563,0.0561617551984529,0.01968323755883772,0.029199970983968204,0.023715813559161192,0.022242873613103065,0.057832578507403753,0.023329814525086534,0.04123926445028592,0.043703591005909814,0.0324916741087663,0.029433527042350804,0.03028396969807512,0.018950642622718394,0.04665333749010914,0.05134200813787404,0.031744753883731325,0.031215193427371557,0.0304904642235152,0.019105320508719936,0.029812067059686198,0.051163629039814196,0.0469122804570451,0.024678153555549365,0.02611251449659946,0.021216296655253486,0.08328917685815707,0.03095218191279503,0.03619405554062971,0.034054562146621614,0.032981894049279536,0.03283199780509305,0.03796315099852399,0.03531496164606651,0.017840602014127738,0.03148360767363789,0.03250050233976998,0.03360605585543541,0.06843775284699172,0.04231253668187618,0.6861825394836857,0.6196879488070425,0.3813107245370726,0.6808827747672825,0.3595296362470455,0.3470395118064089,0.07454764613454179,0.12861911511058577,0.04974782018519974,0.08229758053817116,0.05308477668958622,0.10490922490537202,0.06213701091704238,0.09553677291887441,0.08383392676685353,0.056416452530062666,0.10127011143999554,0.05982374302010807,0.06458161136959695,0.07168137980839573,0.06348988603010297,0.06553588808057398,0.05848478877094199,0.08912888008586317,0.0683922474861639,0.05262991221452917,0.05495109967942147,0.06222085229566354,0.125857678958479,0.08422498171330783,0.08779556765268426,0.11320317129471302,0.0572747531158353,0.07080385314172488,0.05845093830203918,0.08766865969573245,0.067703414851086,0.048811019754782414,0.10859752731450556,0.054800757669211,0.1479281348287116,0.04662118433433515,0.08421082890814136,0.07478036925984788,0.060857506308485076,0.1259341740423091,0.037482256055401786,0.10212958830025909,0.07935341663255846,0.10372503999740934,0.15049669111592145,0.046940663911826164,0.0761930723151415,0.14133266690838187,0.06724190831722943,0.0966948045303353,0.4698324365242418,0.5354934421954256,0.36177715804767374,0.5222385671890656,0.4269701186985798,0.46153070418172004,0.6799570266228222,0.6110986680168851,0.3309583929444212,0.4779918030552681,0.47424492935122686,0.4382145597679744,0.5527013328558907,0.4243364806493195,0.5329326233790921,0.47557073495321556,0.36970220878127624,0.49331443271935793,0.517292930607474,0.4488939126552143,0.5840136431074767,0.48705985849443145,0.29717589332932426,0.7639673600856083,0.6023732045226147,0.7049336494040819,0.5807693262488611,0.3705171136782688,0.39029934664404153,0.46815799358349675,0.4846961926872716,0.4057288544002333,0.5668622809695729,0.5308650840614586,0.5783040788741015,0.4552469355662485,0.6352231144955374,0.4308066754826211,0.3767337814970585,0.5229742135814768,0.417617644305205,0.5087585040146652,0.34567886135187287,0.5834139650296464,0.5,0.5378281211582459,0.32462016422922946,0.4086454895496625,0.4337664868372738,0.5620209900540548,0.07114531233035937,0.028851407382573413,0.04205067299479692,0.052583839343904315,0.05539922768772476,0.04586944705629892,0.058986601448442366,0.02450122570844737,0.04225064760138342,0.04333273945153704,0.044953057887944126,0.051945463319399976,0.056097539194325585,0.05074992321078642,0.04631292801657538,0.06930917037687456,0.05358106520928707,0.057064149784681106,0.0888419978560282,0.08304068092914074,0.0756208456380616,0.03046213773035844,0.09160943593550108,0.04730738997210149,0.0629414455499131,0.05133404153668164,0.07030017068507022,0.12511364651574242,0.0813722203010282,0.03427138218009507,0.06743537692486645,0.081181867204704,0.07447895679211947,0.06742347692003281,0.04431081827591232,0.042661883773545295,0.10063550698097923,0.05126785873327011,0.05069434853622301,0.439306390408862,0.3345190120905114,0.07783614709181708,0.12179762478624678,0.05757988493126265,0.039912060128590054,0.48774379112298594,0.6861825394836857,0.08723306680481957,0.38465773761362987,0.5725446215233612,0.046300841920141056,0.040202113597053835,0.08412806871168887,0.044170901565550036,0.03595003308612199,0.03870444068983725,0.03809243843195842,0.048976793542727215,0.03663430053940964,0.07304916227613434,0.05055286089143618,0.04443800069647563,0.03138922183129722,0.0379341506084403,0.045187428455290224,0.0886281287647519,0.023164422563840215,0.03852679619114441,0.03911629188987065,0.10713877220679269,0.04827732823149389,0.04316355936583427,0.025907258765066277,0.02946869568253374,0.03787082730592728,0.04774737215910618,0.05760288586317641,0.058927100077168504,0.05262449528335844,0.030423022233231012,0.04002290737873326,0.049512775936427444,0.03757658932957453,0.04090382902137257,0.04895927376052289,0.0421625145997534,0.03467495374133467,0.04546138780146203,0.0883456987146346,0.05452584069712896,0.040235041040553865,0.03796007177594718,0.04129363588881474,0.029939607407862168,0.04753689510025927,0.03875025008049893,0.07453801977248053,0.062285068981393854,0.027079376906435026,0.04444881948723578,0.10628279285949715,0.11446118599677646,0.13526433368766777,0.08097521512198591,0.10698494847132478,0.0779020206890354,0.13305215088615552,0.09215358600246304,0.11950722704447425,0.06961980481203345,0.06395847449508929,0.04496644543698858,0.036036435424092295,0.13105348923659932,0.06897152340319646,0.11680595110979464,0.08354085627074026,0.04897746633027511,0.06316212919758579,0.07809456048155339,0.0892065751089024,0.06055490547684805,0.04748864105865591,0.06195036421278943,0.07059989795642552,0.051900699327186994,0.11846600339494795,0.05771030332210958,0.06504879845868017,0.05544097817494942,0.07236904519927023,0.05238108211795012,0.07359852335089234,0.12169290196377958,0.19163253083883747,0.05801951395945104,0.05615012591327184,0.05698467864853596,0.05756089704892675,0.06853768325346288,0.06074422546259817,0.11109655312034872,0.07570836932351677,0.05955172333798098,0.08317810186973085,0.06753974337664248,0.1114496741476636,0.09390548061554349,0.046174226534457796,0.06121207763192127,0.352740443376545,0.3236845170956002,0.21817145381611047,0.33668410430758,0.12158476628315051,0.13118851552626776,0.27374620927555693,0.2634423977607925,0.25330084731304725,0.2601336226012575,0.17961803831846512,0.2644807568156994,0.24128832270880174,0.1738118899761708,0.08881967539865676,0.28936600207988106,0.23594581342273047,0.1730163965560827,0.3016136050682351,0.2695148330017024,0.26131006457056927,0.17465644589343665,0.21928569071323933,0.0983574931145117,0.23494042528851844,0.17676186921492876,0.13822251953697662,0.039912060128590054,0.06331683023105039,0.07875303014672463,0.060337982818560176,0.05757988493126265,0.09017849093826746,0.0468310358129691,0.6150489215263053,0.31373886594826916,0.20817777154122274,0.2856379673797733,0.5342006355263331,0.368956902611583,0.05169950828630254,0.44504756501191545,0.05076468837910586,0.38465773761362987,0.65749011591019,0.286770183080569,0.2565835479455887,0.04097638761379874,0.12179762478624678,0.48774379112298594,0.03898479782001596,0.05535771311339133,0.04908513132677794,0.02488766047705948,0.03955301484556639,0.04103261844975847,0.04597073993230394,0.027644747735363406,0.04116324891832046,0.05511460071775476,0.03788054663437623,0.08581010781434673,0.05495264107953257,0.03329731902711508,0.03410228162280937,0.0430372200990472,0.03958640029187399,0.04266025429814846,0.07959043168665303,0.04312942315673296,0.030001245628553108,0.02157538894832678,0.06936802107160045,0.035090863317594034,0.06393287918201884,0.05579004927826714,0.06962065211358937,0.06609451198268634,0.02611307284403097,0.04364315893994919,0.02774647101142791,0.0378664150585617,0.06865588546699908,0.030180706805955526,0.0248298365280909,0.044127217068212876,0.05013101987964996,0.035759073359743265,0.031041770223240395,0.06550575495685329,0.06882261285436364,0.041987616280092066,0.0249234081195282,0.027085807977456855,0.08236146650534293,0.03983318088739518,0.025783490184197788,0.027758019984279625,0.03823749825641509,0.05801139348230466,0.28628128774830763,0.3676324917692395,0.19982009463822015,0.3097298382235567,0.21887293956200526,0.25050165270435765,0.2550942054119334,0.16557480339571307,0.3394059724402352,0.32275364726159206,0.15567539515822137,0.2972058681882904,0.3981224236427937,0.14652377522764604,0.13093610195670657,0.25959993055095565,0.23706081849367955,0.37260541263931635,0.2427058925704889,0.2480103179512987,0.3074923686658879,0.3368973606983775,0.2821526430736143,0.13657734292920232,0.22269614856004594,0.16194102919790043,0.12887029128104333,0.22161234570459987,0.36173190266634314,0.2192169595827409,0.2837808643119595,0.17217472968343506,0.31136868382460436,0.3873128411356085,0.40538628527891796,0.23876079586841303,0.24602614320182237,0.27139646877897317,0.21395715409431415,0.3160887939035205,0.2741014340696465,0.18618244238699777,0.39149575470048026,0.19191805789536565,0.3958563985387915,0.17050769469391336,0.2059867108235457,0.3519971951315133,0.219619578223042,0.26840573151484304,0.5710772900362076,0.40558979545433593,0.3579871120797653,0.49375607782642994,0.41237263776741606,0.6093066084017782,0.5273511400992539,0.5210496554334119,0.4967197801249409,0.4225835991509296,0.6088283613259591,0.4452445836558493,0.6104629316273542,0.647737237388941,0.4997039464659623,0.4884775350431496,0.41801772541031135,0.520581672515486,0.56028005975024,0.5346709418909685,0.4970720357024826,0.43334929661240085,0.4865479941712594,0.38571695037620024,0.40782151448036286,0.5087608710822331,0.4054334223852756,0.507123201361573,0.43461015125251734,0.574244771267979,0.343004865282856,0.7932573205858314,0.49431610550432303,0.5562283681970768,0.4861027910045971,0.5610377241646425,0.06619818413185075,0.08723306680481957,0.65749011591019,0.5781524071939035,0.6861825394836857,0.5018788819283663,0.19981129472719572,0.2922293110562316,0.06331683023105039,0.48847127765745635,0.552175021756919,0.29494759864143216,0.1532364641924976,0.2856379673797733
81,0.030319378882381787,0.020768226775365717,0.026568785691624797,0.0261677199395004,0.030689901170946277,0.05222494395428545,0.017632471528558513,0.02812853918850955,0.022069072606702878,0.02152231617209166,0.05301781174403297,0.022381051264196206,0.03860855152007814,0.04199473335879489,0.03104067684704026,0.02718013553210119,0.028449683899963607,0.017730384060131388,0.04415371583615757,0.04885366664540114,0.02969480183499451,0.029862313755346426,0.029187828099840107,0.018153164704346247,0.028079489620818188,0.04740380806375544,0.04511900746343844,0.023387617111155445,0.02406065415519565,0.02028798343334659,0.0779265126543256,0.0285728552152954,0.034364581856500265,0.03273385961338826,0.03102105689447121,0.031020879382221533,0.03625007518351697,0.033835054476258675,0.016570301381897856,0.030066822306891505,0.030764750699992627,0.03224615649922524,0.06461449721618617,0.039865833025530484,0.6860883613399331,0.6190857244691359,0.37831810434574886,0.6810651717281542,0.35412391505631646,0.34421688894530833,0.07328414274026485,0.12818033420031505,0.04937421707213996,0.08210854112442445,0.05256715392982758,0.10416293002819277,0.060632988482696715,0.09545349070735532,0.0835449507773276,0.05593399439486535,0.10100098810840874,0.059105962931711775,0.06421381382900104,0.07061343683789623,0.06275987238287106,0.06513747693647831,0.05791200385147055,0.0887920949759119,0.06791816746369261,0.051947795398833096,0.05399247991598022,0.061853444668301116,0.12549192831850398,0.08367214134796852,0.08607692333122241,0.11160229069070693,0.056909755647211235,0.06965154750526226,0.05768895602177959,0.08669039121640931,0.06676868650485179,0.0480909801727486,0.1070322723653806,0.053920398811209136,0.14666067412780637,0.04643220323047503,0.08306472312582946,0.07416366365911375,0.059905143227506286,0.12526285740149945,0.03727415350470897,0.1013132808894095,0.07887053578960246,0.1030834944694412,0.14900059664294496,0.04647011933932954,0.07580473143346955,0.13991135509155017,0.06606228010023307,0.09628897051530172,0.46970075106991394,0.5355852525838893,0.36114570237228794,0.5214818529098215,0.4271081073491546,0.4615337456553925,0.6796410959168646,0.6110588855677965,0.3307168975409279,0.47739154424464914,0.47378950720818735,0.43758352932950595,0.5527316571468346,0.42420589377470963,0.5316675270744743,0.47586722772296497,0.36929948616675023,0.4930137063443336,0.5175019788229709,0.44899093301913195,0.5841896757781482,0.48704904517664915,0.2969633419805945,0.76396302954856,0.6016362287093713,0.7052806928685719,0.5808417302265746,0.37065275531699293,0.38993587445183686,0.4682193748217832,0.48429365847975714,0.4043322297873895,0.5671653416980011,0.5308858722992772,0.5784312864579668,0.45547373007421854,0.634319566446112,0.4304986541330623,0.37623396892017624,0.5227723946828332,0.41766506513181256,0.5087844102805759,0.34507221305595814,0.5828643900655893,0.5000260676389545,0.5379774406932014,0.3246796129716055,0.4074922329618894,0.4338846500674336,0.5623056139585896,0.07007105980761663,0.028073446826023085,0.041222402191075425,0.051049508719047565,0.05428457570762668,0.045454898828386825,0.057481049174443855,0.0237464720407361,0.0411484649681253,0.04209353256814041,0.044045882377686696,0.0509429629254039,0.05449146448945574,0.04945313164919796,0.04538834538307679,0.06889173328887932,0.05283231108740716,0.05507429285623122,0.08721685244406618,0.08210688294338875,0.07498378702386843,0.029132086115582934,0.09044289590941235,0.04479178188355637,0.06140429541276404,0.04974390416959007,0.06871605492669164,0.12308171177730698,0.07955571112483428,0.033553365493067644,0.06639344428977534,0.08064159039411811,0.07242485201578786,0.06533017627994353,0.043490033157357666,0.041778790472085325,0.09913772627770312,0.049896295537604995,0.04918253651343574,0.43745842045122896,0.3316389680265851,0.07294405107650481,0.1169778531543667,0.0546173070686381,0.03728184503445975,0.48438001145801457,0.6860883613399331,0.08450253857960743,0.37904362611659637,0.5705608943488756,0.04503595180663822,0.038900675119496575,0.08243058153305671,0.04307440958128972,0.035373517247587416,0.03693317261319051,0.03627876932390628,0.04783172976724104,0.03503699423375062,0.07076539211642308,0.04963530192383914,0.043196500361399104,0.03047371598461235,0.03678289657033995,0.04423082733003125,0.08714941128240017,0.022107872795515404,0.03665948005508579,0.03726467297095892,0.10445276942859416,0.04703258417438694,0.04160348054116281,0.024947144166003632,0.02860712354890005,0.03657739720958242,0.04623061230626779,0.05629573526005094,0.057203230277352524,0.05196796909778034,0.029563617871337988,0.038832736261938616,0.047757290073973224,0.036553772348264735,0.03923905931555094,0.047774296774447556,0.041243337420842185,0.03334162332778556,0.04308131989123398,0.08458933408817215,0.053513921576533896,0.038796991144763204,0.03616195278859591,0.04036866330085853,0.02934676135111558,0.04638559562753053,0.03736154715556217,0.07223656877261508,0.060840596782574474,0.02586854832473684,0.04305454412115073,0.10545944870969892,0.11341241238030941,0.13409933210722702,0.08058766607748591,0.1063127405712243,0.07744828596814746,0.13255859305911832,0.09188963449432275,0.11799832224554074,0.06924928358491578,0.06361530176946562,0.04419806697797657,0.035639872571688325,0.13059810566211727,0.06824596904293156,0.11627073545430933,0.08317814365497478,0.04874761777145309,0.0629365497542782,0.07661411963200404,0.08882071363174582,0.06021337087469125,0.04731462387592833,0.06147891840845965,0.06975118396234714,0.051512303378161706,0.1181295509969571,0.05716541727092128,0.06476359611835836,0.05482416670782897,0.07209345645856247,0.05174762342703032,0.0730963463131522,0.12132228928587108,0.19021243727247394,0.057442980611638994,0.05540229658427842,0.056354590844665764,0.056952102365408375,0.06828576073835724,0.060413136649564825,0.11039738646738984,0.07534550120201,0.05833740371817564,0.08248807668471891,0.06679884424368787,0.11012058659272761,0.09387200990430888,0.04563237419053612,0.0609158596833862,0.3521461023981798,0.3236051813211658,0.21801863949344158,0.3356131948060841,0.1209105080991486,0.13079728538680946,0.2730435711902317,0.2629883108861809,0.25295289429619106,0.2600413535044246,0.17889823866547405,0.2623864209571404,0.24088965685669217,0.17293811707567475,0.088522127533462,0.2888871626658073,0.23601790643544607,0.17234497680186622,0.30115447190055833,0.2689413095940909,0.2604344533638524,0.17388842017813821,0.2188151082126274,0.09754193834660574,0.2344826743572337,0.1762038249631288,0.13764076252015112,0.03728184503445975,0.06035512789696884,0.07510882814491149,0.05610112001254275,0.0546173070686381,0.08735106236059709,0.04536779246841616,0.6147482568736291,0.30454169960315114,0.20334078669384958,0.28120040339315133,0.5301237630994846,0.36917509528404235,0.0498256673992733,0.4405370380633301,0.04855242585413655,0.37904362611659637,0.6578188555931095,0.28566589508585505,0.2518316849851475,0.0385495582877583,0.1169778531543667,0.48438001145801457,0.03777956718794495,0.05384231332032985,0.04730988332918107,0.023260590340533738,0.03800047351032565,0.039595108078351204,0.044564503994776294,0.026547470060398926,0.03937744104683638,0.053530817484937154,0.036068555499412236,0.08387515198788931,0.05247432242113981,0.03208707257965193,0.03234392720351731,0.04161894702290836,0.036764979150764265,0.040966319239453375,0.07629398875483606,0.04202130144869021,0.028317263823345873,0.020702424903554673,0.06711289847775492,0.034160573975144604,0.06167339229505697,0.05333503825192232,0.06679344227687845,0.06362779912857253,0.025020507726448704,0.041480488130758775,0.0264937459148068,0.0362594079496561,0.06691545832364831,0.02817545843773661,0.02382397438499695,0.042627242440020696,0.047997404423228085,0.034446908001907306,0.02981016641136658,0.06083055882945332,0.06555760294425039,0.039963816369748995,0.023743648499772396,0.02606684809129456,0.0809477188945561,0.03829468060768937,0.02460515244634065,0.026254180094749224,0.036981692862548265,0.055943063967331064,0.2853614768754732,0.36739989921529725,0.19815315007798884,0.30952697402989593,0.2170923537535956,0.24929370724259048,0.2519948623536239,0.16518054034708785,0.33876372795276255,0.3211078284795994,0.15475631728275796,0.29695012896595074,0.3977121027891457,0.1452887809969683,0.1303192827613734,0.2586401411697792,0.23594895979816466,0.37216431161817687,0.24203588249441366,0.24742016623994123,0.30656394950107224,0.336552752866054,0.2821025631415728,0.13578284096934945,0.22190962037392326,0.1614351473906236,0.12773967284292398,0.22047275886423834,0.36114753353888407,0.2186235361508868,0.2828401911446152,0.1706726952022326,0.3102824789465095,0.3859152850591566,0.40394571649490574,0.23755184487212433,0.24515669137652762,0.2706734717945909,0.2136996785283145,0.31587180927060454,0.27232334163331207,0.1838913948999935,0.39087896272956724,0.19039108504442648,0.395429262800444,0.16914895481211845,0.20382465564489527,0.3519991765687783,0.21867771236054956,0.26765283029744846,0.5716291729156595,0.405814392054186,0.35801806523832413,0.49381494661822933,0.4118663509281675,0.6097290094153576,0.5278375868185328,0.5214039526505255,0.4967364641770078,0.4222489283011228,0.6090530036902866,0.4450453716467788,0.6107920571739978,0.6480410033513198,0.5,0.4864760334960281,0.4174097565935757,0.5202945177883569,0.5603268994404491,0.5351099228194038,0.4971190515809031,0.43370615593947803,0.48685261286055104,0.38502346366336404,0.4079975306115786,0.5085035638190938,0.40541159267607496,0.5073102099418803,0.4342857870327347,0.5747039039698724,0.34279171778435147,0.7934566701856943,0.494130813116458,0.55640802680192,0.4859412805013539,0.5609289934359236,0.06397478486266239,0.08450253857960743,0.6578188555931095,0.577679311693553,0.6860883613399331,0.4935749850273148,0.19597659628284958,0.28644501339649975,0.06035512789696884,0.4877991672960371,0.5507489805160044,0.2904442956320521,0.14915094872043488,0.28120040339315133
82,0.02918338744719917,0.020069323006585815,0.02512798251384385,0.024703607675533146,0.030063650558441513,0.050892441783322084,0.016979350632007617,0.026919340262654967,0.02096766214421575,0.020451237624403595,0.05064535362867362,0.021729548241522068,0.03750851152106538,0.040941152315597695,0.029333812454952146,0.025537884596455895,0.026657990821456035,0.017018542655108937,0.042761587128707146,0.04665228033181634,0.02796202161210115,0.02916087785688526,0.028234280394472733,0.017251403491808537,0.02754396848409968,0.04481586887097022,0.04413847783897962,0.022382370263874685,0.022989028264252864,0.019613392859006873,0.07567338420552694,0.027140374665648448,0.033494126198802654,0.031246710940820766,0.029175518334536243,0.02936523688546555,0.03381465656794802,0.032119502942357214,0.01614280909056154,0.02902245880585308,0.026449205544004983,0.031456013909303415,0.06124666497872011,0.03865034605777351,0.6859148412850169,0.6186292288311361,0.3767800906341888,0.680982647322397,0.3507633297959528,0.3415767610018843,0.07303875283690897,0.1279722485543605,0.049208388982489915,0.08200449086105654,0.05235847613662259,0.10394464839866058,0.060452267668173576,0.0953894908471824,0.08340940697253119,0.05585387936889563,0.10092046372163999,0.05901125051256584,0.06415567858723237,0.07033766996252022,0.06249221706672303,0.06500328747284867,0.057678320056935184,0.08864279591563884,0.06757293935902497,0.05159518347597947,0.053617897324406916,0.06170825834283722,0.12545192689621754,0.08332916583797423,0.08557302413651269,0.1111585791903944,0.05682001653115809,0.06916389758320718,0.05728909213418587,0.08645849855379395,0.06628870516812058,0.047946743684251114,0.10616264421624699,0.05367657290046912,0.14625556574349252,0.046341426830324384,0.08238914547152576,0.07382928499305397,0.05927649675027069,0.12487050196301464,0.0372255888294003,0.10111046670237367,0.07873582874144758,0.1028828035141508,0.1482082445949291,0.046304236228815965,0.07565280719140477,0.1398007283347108,0.06571173461550672,0.09617510732760526,0.46952351446001095,0.5355046198479636,0.3607721770256406,0.520755097764273,0.4271634417207564,0.4614814101846766,0.6792581156241395,0.6109351412748317,0.3305577675985736,0.477131843909093,0.4733399424089696,0.437244371871945,0.5522443962791082,0.423865385425069,0.531156648049534,0.47584162244439765,0.369119257742234,0.492774067682892,0.5174559944525667,0.44895216097293933,0.5842096278896344,0.48689709683791227,0.29681519551148705,0.7636868465551044,0.6014186737367755,0.7053778303091365,0.5808043434288485,0.3705177253878885,0.38977572377265346,0.4681536939410409,0.48408695139541547,0.40385749613535094,0.5671215299070606,0.5308437107954365,0.578443265437949,0.4554970749916252,0.6337178242641969,0.43040581404466227,0.37600808346051284,0.5226965763478086,0.41737194790127374,0.5086876803025936,0.3448378272855872,0.5825675063432698,0.5,0.5379827581135308,0.32463717711166273,0.40718768510087844,0.43392197470243343,0.5623978304299071,0.06927214826682049,0.027528743951715007,0.04047162164907181,0.05012494366337927,0.05325908014537584,0.045133580938060414,0.057044825045656444,0.023154780895946248,0.04085675079284323,0.04126314319408009,0.043501156109781225,0.050599923257710455,0.05386800840603012,0.047905012382017054,0.0448473129256195,0.06805768265079437,0.052299449483009575,0.05405963623319798,0.08659574297525274,0.08161136089755483,0.0744891255477127,0.028445030586202735,0.08849032733822015,0.044091096162772736,0.059460129566700215,0.04913435456175341,0.06691026327408145,0.12187934595628747,0.07810116552679425,0.03315619018719773,0.0657685959308768,0.08019040711632919,0.0710198980446547,0.06415650895970304,0.04304800280923815,0.04147639793206903,0.09865510817369605,0.04878453949383443,0.04858954661313475,0.4365540278425505,0.3289884767169162,0.07065608942535717,0.1141463765743006,0.052050868785579185,0.03541582890519712,0.4828254839633396,0.6859148412850169,0.08069115792613513,0.3746252905692562,0.5689795542888024,0.044430159461206986,0.03752995619416155,0.08182547419201447,0.04270655942424062,0.035101334403434215,0.036192117812692715,0.03543834306352356,0.047166364455486054,0.034318699361075566,0.06968643214664028,0.049405449526768286,0.04246279253185936,0.029970422104807937,0.03577689478436874,0.04384660840476995,0.08650882378308034,0.02138696971762455,0.03567171698741778,0.036697174234412766,0.10356161566099809,0.046438414015051444,0.04067325748881734,0.02427825909922332,0.02787352560649603,0.03584139078678206,0.04542053865466167,0.0552599496102576,0.05554862198050148,0.051442617283481096,0.029034424002288284,0.03833284973536277,0.046440157559530904,0.03611245431244192,0.03854583352194396,0.04704735346302358,0.04090174233643451,0.03252281661162526,0.0423847376979547,0.0831640124155536,0.05274429040984496,0.038205553572634665,0.0352508393417329,0.03983523354418261,0.028555071218698824,0.04585076845970604,0.036553774228240576,0.0708930651468106,0.059905333744625366,0.025058322578268788,0.042642789264278114,0.10491735690178206,0.11277260990113103,0.1336070189325329,0.08013913523050686,0.10602487491737866,0.07716190434182868,0.13221017504694932,0.09175370890515877,0.11768612931756317,0.06915933338862335,0.06347172164511006,0.04385381196040217,0.035455354751414814,0.13024286991471612,0.06800329897044266,0.11611582967431422,0.08273504203172155,0.04862284026789787,0.06279778287125382,0.07592432643754143,0.08867828408511647,0.059948249489877314,0.04724864252136596,0.061145383633959605,0.06912163401793703,0.05118911333519738,0.11795736532080903,0.056964871840105014,0.06469945398606769,0.05449429784144977,0.07200749576577803,0.05138182379060385,0.07279510191603777,0.12123812390946453,0.18904810391767402,0.057219763943686774,0.0551728992071574,0.05603152310026216,0.05666841621176821,0.06815452026026025,0.06033736976024928,0.11014527403513485,0.0750635826873014,0.05797394477567619,0.08221882642371914,0.06635107567230969,0.10950261725734378,0.09374636061944297,0.045261091281194266,0.06072769463351235,0.35187547031713096,0.3233786711390251,0.2177378616064718,0.33510473559526455,0.12069882431551127,0.13062941176167575,0.27270526153000396,0.2626380867324771,0.25275178835701717,0.2598355634009849,0.17840765946692594,0.26199280355004273,0.24055365219749825,0.17260957201882898,0.08838483280650034,0.2886991835424235,0.2358565850455535,0.17208040302691352,0.3008445435472069,0.2687324194113607,0.2598482971142658,0.1736229359161804,0.2187465008852182,0.097303561814999,0.2341081458782629,0.17563690940204102,0.13735832914052004,0.03541582890519712,0.05736393177767296,0.07184677809316675,0.054708998762751926,0.052050868785579185,0.08422182025481317,0.0440318273221767,0.6141183396378427,0.3006343986064587,0.20048790935813854,0.2778765333506582,0.527985229584251,0.36918567491423926,0.048061817807858564,0.4356570171817348,0.047190677984465856,0.3746252905692562,0.657837438338045,0.28484391093310557,0.24810376144556523,0.03742719699351249,0.1141463765743006,0.4828254839633396,0.03706513901290287,0.05304049935184718,0.04600058980759225,0.0222192118264265,0.03690979053171917,0.03864941605629879,0.04348853626683724,0.02539910105545684,0.037376613103955236,0.05123327207120665,0.034623322992674455,0.0824026423028108,0.05134808208097985,0.031248791973672807,0.03164965406231712,0.04031529313150539,0.03571396741181432,0.039865867467883453,0.07399897062070415,0.04103439542500065,0.02706658234061854,0.01990364771617703,0.06562237208031207,0.0333279511941339,0.060217315069849175,0.05132502203679645,0.06439427332009562,0.06249166174333187,0.023852821750670272,0.039120110925817575,0.02605258230409868,0.035423654479802114,0.06478841521568057,0.026679549606861253,0.023228567189977345,0.04122070173495984,0.04566752562861531,0.03277623991167122,0.029243161992306588,0.058682976832321265,0.06327389663245941,0.038155800420693886,0.023140892365847376,0.025092882699861763,0.07884022181312023,0.03689332498082032,0.024026206004154504,0.025323555730333513,0.036144972188051905,0.053926287850208365,0.28467367119281684,0.36688815386238094,0.1974412039509701,0.30926901607343693,0.21647626975312706,0.2488458924480761,0.2515207972611455,0.16498550949066104,0.33843014662238735,0.3204847962904219,0.1544259065869934,0.2969406338929713,0.3974075309373053,0.14475068757016385,0.12998441488555434,0.25833700027378437,0.23501614905741097,0.3718212452323355,0.24173954726633395,0.24706207119332946,0.30603437857102067,0.33633946784156543,0.2819395421519464,0.13528593617846407,0.22142339160143576,0.16119493832731413,0.1270649505602004,0.21997028139784813,0.36098988134776655,0.21809452502036908,0.28260772963513925,0.1701372934890646,0.31000847679153154,0.38436891699318565,0.4032736729082145,0.2366291175958648,0.24482729882399434,0.2703925430111428,0.2135500261295491,0.3155586373711493,0.27194371873744194,0.1829067882511547,0.39014559950171324,0.1899537179397074,0.3951892685321199,0.168755043553651,0.20318586241620473,0.3517209295239262,0.21828359537486808,0.2675587273626122,0.5717548751969171,0.40582837407446903,0.3579379852741019,0.4936840117657213,0.4113809230864246,0.6097043145075725,0.5279529487302825,0.521453507757034,0.4964227338546411,0.42211696551290856,0.6090769134677001,0.4449690527128981,0.6108317022970412,0.6477784133860962,0.5001063916248669,0.48542899556932384,0.4170904929242959,0.5196476745333889,0.5600906867138702,0.5351849599646497,0.49690072255910434,0.43379819485307103,0.4868963337618507,0.3846006104153564,0.4078909957829643,0.508225343513089,0.40528627128703043,0.507315439679255,0.4339706739836321,0.5747482983953311,0.3426125957916468,0.7931239770608675,0.4937362663763357,0.5564674723108862,0.48583487287305716,0.5607876686232762,0.06167577577392702,0.08069115792613513,0.657837438338045,0.5772193268344603,0.6859148412850169,0.4876802047846026,0.19117690703147583,0.2833833379957371,0.05736393177767296,0.48746490393748687,0.5490661382239325,0.2868682616953272,0.14658561817919158,0.2778765333506582
83,0.0277552323144864,0.019204358757075157,0.023247221560328213,0.023412773873393578,0.028722380453140017,0.04738423839788264,0.016017918371331263,0.025657769366888128,0.019242390602758563,0.019301320792116772,0.04738260186630172,0.021023368085480887,0.035756218103991766,0.039476097035679114,0.02807021443517832,0.024312896581246357,0.02496582513835055,0.015218453741221771,0.0409862497572977,0.0452322985039898,0.026345239591048064,0.028025629211356873,0.0268388063143854,0.016000359238588557,0.026171992619408946,0.04129148490151424,0.042786088176703374,0.021149307817734053,0.021855554426760904,0.018693730825729782,0.0725163657309641,0.0260942586643792,0.03173606993593914,0.0298373699900909,0.02780374777458261,0.027816589704592,0.03281083397216489,0.030366745197582312,0.015019724859053007,0.027892901202513087,0.025167117291644003,0.03017558509433249,0.05992739138595038,0.03626181096804193,0.6856967366701952,0.6185511338206655,0.37466207111417615,0.6811912720031759,0.3473475969348624,0.3383855366621268,0.0721086823345155,0.12748719933050445,0.048718528657801574,0.08184293983242552,0.05179074015463814,0.103482437632472,0.059656389887370875,0.0951400978457484,0.08310365224541982,0.055494092562919595,0.1006293582042278,0.058614246362753364,0.06362856520629068,0.06964279324917133,0.06188228943258056,0.06464336938165505,0.05700970277415851,0.08815846094163637,0.06703520745231739,0.05113203850438952,0.052768106592751995,0.061202394030303475,0.1251256577548152,0.08293917886456714,0.08445697225319926,0.10997603146796386,0.0563201553619751,0.06817765840516898,0.056542267218743225,0.08587074177637621,0.06563583372808268,0.04738789650034847,0.10488538513173307,0.05301495096718689,0.14557716104597895,0.04603799018484567,0.08127587695804817,0.07287432402222682,0.05833364147925524,0.12421361578307077,0.0369742728084439,0.1006687386182673,0.07815785086834226,0.10246517831324842,0.14736462515262583,0.04582117377785844,0.0753215608149892,0.1390265786392445,0.06487228481024454,0.09598393018461271,0.46959926086557124,0.5356491101439219,0.36035007498980653,0.5200281053693783,0.4273416314599623,0.46145763722288624,0.6792773087814752,0.6109484846290372,0.3302955604626764,0.47694676217494314,0.473103333711142,0.43693509264545904,0.5522642923145158,0.42381724742972837,0.5306758109390273,0.47599524082428435,0.3688228823588454,0.4927987309494526,0.5176153639926793,0.4490792149957512,0.5845101611894512,0.4870164561673297,0.29667948756394225,0.7638277626376252,0.6014402687307094,0.7057155377393547,0.5809702708855263,0.37053279157114405,0.38940267752656343,0.46829703474268114,0.4838825102078147,0.40287135063171553,0.5671417904158277,0.5309997861747311,0.5786591663355911,0.4556063111799401,0.6335256022332367,0.43029514166045213,0.37573640587019386,0.5225923624605899,0.4174152273055143,0.508775593555491,0.34441341168801787,0.5826153090315052,0.5,0.5380940237070629,0.3245645619159072,0.4064991912517345,0.4340096574370067,0.5626965128112815,0.06807018923784935,0.026503779485664847,0.03950620795816151,0.0486611527338735,0.0519943217336537,0.044368901413990414,0.05604728717294194,0.022353271665156993,0.040175656020234984,0.039895602731548574,0.0421935387874407,0.04933594445062972,0.052653038533197916,0.046433326985907075,0.04367469489069853,0.06742089257500128,0.05118768559338438,0.05206163223790661,0.0847805901002,0.08083419718319684,0.0737754418381813,0.027680323702816145,0.08636828195164925,0.04280175937229869,0.05750199548287782,0.04784398667795198,0.0650654289737681,0.12028150914516211,0.07638760775161546,0.032554102955826836,0.06489427266821834,0.07946062907190754,0.06925368391934295,0.061940795313793595,0.042426396853059045,0.04012428526194911,0.0973533994073349,0.04755162662397161,0.047311587047146,0.4353863636812808,0.3260104520385664,0.06499867311185792,0.1104458052311339,0.04934216682797432,0.033282900367282875,0.4800970388486435,0.6856967366701952,0.07714796188787676,0.3712106232909107,0.5685137749946096,0.04308437994927916,0.03637374794073611,0.07977619453100215,0.04155957628593998,0.03411628555550206,0.03502046463075481,0.034375029919878175,0.045489052044253575,0.032847085490020245,0.06742816761099613,0.048124438295466976,0.04096495152837787,0.028750199366515794,0.034497266852468234,0.04264054420429075,0.0845264370837876,0.02040509330698448,0.034313294302989905,0.035413629805238545,0.10180926359832787,0.044734127885497244,0.039406711310043585,0.02343394820663036,0.02645179798644015,0.03443211439780269,0.043956346487662445,0.05403555309658947,0.05400287859216091,0.050012767467463415,0.027996088036975064,0.03744725244977398,0.04490836439099011,0.03507450534392431,0.037116254980778085,0.045750736848681695,0.0397842678822794,0.031066742746994724,0.04078151857847423,0.08009396955660542,0.05113103636414995,0.03661423149770626,0.0337929615828928,0.03866407552369411,0.027148950645572878,0.04444586528157124,0.03537623847585292,0.06848695274532368,0.057595629415477356,0.023738388831483492,0.04142017723973612,0.10405231891770683,0.11201823485023743,0.13265276299358264,0.07954195942145481,0.10506462392597626,0.07670647089545479,0.13158054531609598,0.09155021385284867,0.11695654802537159,0.06880420273479804,0.06302442320050827,0.04310786427577673,0.03497803872912297,0.12984278974943464,0.06729231822498782,0.115700984352063,0.08203509103135354,0.048316972196912,0.0624462483786099,0.0746480784876219,0.08816276055473715,0.05948632687787059,0.04698187929013009,0.06060706345447797,0.06833473285436065,0.05074173780889413,0.11761208354423613,0.05622036917793338,0.0644321883464698,0.053869140197295495,0.07149957514050642,0.0504736929637869,0.07209124316578486,0.12102421132495755,0.18800416891112182,0.056747152303230686,0.054593478142080154,0.05541731148417817,0.05589159716229353,0.06771154268053525,0.05992174466131239,0.10969360024639607,0.07465197273041069,0.05687123611241851,0.08160000106554155,0.06517555903222239,0.10821016057112598,0.09351661126178545,0.04450509990501805,0.060366178293353334,0.35128560051797986,0.3230986612137682,0.21726382795088228,0.3345599500243782,0.12009309915873434,0.13018878656531074,0.2718641991052183,0.26221415463698816,0.2525087539962352,0.2595926005743172,0.17781741313812316,0.26125585545245233,0.24027743126242862,0.17168345206492475,0.08798744752466248,0.28813968128829004,0.23578933793844414,0.17152987638451767,0.3005853721689078,0.26816784940660454,0.25875295417255195,0.17267855749958216,0.21831768719057432,0.09606449324938149,0.2337615460452449,0.17466048905744147,0.13676653259681482,0.033282900367282875,0.054963561059087396,0.06930268419254271,0.05222985850558359,0.04934216682797432,0.0810580373944102,0.04259911897556212,0.6140612539146619,0.29529299747239135,0.1968083516732685,0.27363831492420476,0.5250365450677746,0.3693682711045849,0.04630973161572893,0.43316592838362666,0.04555503743274736,0.3712106232909107,0.6581298105995208,0.28313110059468727,0.24423833141597695,0.035280585712287205,0.1104458052311339,0.4800970388486435,0.03595667812142067,0.05133080569996207,0.043449923394174195,0.0212071639688598,0.034998973451105586,0.037002513743141785,0.042221940570744354,0.024185384634085594,0.03547222764464897,0.04748285467887581,0.03357984997636321,0.08048583841195411,0.049898209234120694,0.030298925438434376,0.029876379839319456,0.038701448929134186,0.03333046732538558,0.03830899326186288,0.07122754888846905,0.039921357667930146,0.025394394506680684,0.01878491624486478,0.06357733186461645,0.032226498435967144,0.05743974266639462,0.048097580754753566,0.061762384568733286,0.060098589434185334,0.02259227745582859,0.03793994990974647,0.024681145407090987,0.03308292214084052,0.0627658705820544,0.025342754342133067,0.022082077821853896,0.03941490018492377,0.04397995694370915,0.031330370197305,0.02803560366664659,0.055333523123518025,0.059540541643386735,0.03590122338300794,0.021486239521575023,0.023682796295449338,0.07716359686618568,0.03442482988891005,0.022852192083351208,0.02387719156546486,0.034762799285593116,0.051612652843197715,0.28384372370680844,0.3666128711973845,0.19580405165768133,0.3089564665968917,0.21533839020589296,0.24747878802541856,0.25020221460526704,0.16460515649174867,0.3380727416591647,0.3197581839862804,0.15336117510318936,0.29666507479226245,0.3970911338120455,0.14376004890293315,0.12950846642695368,0.25760997350934,0.23408141426545503,0.3714504471876561,0.2411562497658114,0.24605975439988614,0.3054780418599994,0.33608718205093235,0.2818235226266752,0.1342707086935513,0.2208132214344699,0.1606331721232256,0.12603326879864296,0.2192364658360083,0.360748800451813,0.21742431717863175,0.28207494446689674,0.16892566234881556,0.3095144953845519,0.3832777420563749,0.4024938447350993,0.2355816640830909,0.24388409286301327,0.2698885254467991,0.21320795304580753,0.3154133922605228,0.27058955501155413,0.18171715513612985,0.38964501106465677,0.18889055702610524,0.39509593250377495,0.16774134295826093,0.20145024597696926,0.35161945008458684,0.21758470558375254,0.2674177958566466,0.5721485253915517,0.4060259404362956,0.35771878325038564,0.4936493362709585,0.41099757952620497,0.6099896344401401,0.52834154158565,0.5217663045189285,0.49650702621307463,0.42210807489350344,0.6093404592649405,0.4448364756701709,0.6111485743795759,0.6480067277992927,0.5003096700336491,0.483866681437359,0.41673703498947334,0.5194219383467545,0.5601511253589233,0.5355197421338953,0.4970086175546853,0.43402164021475875,0.4871478675541241,0.3839830958147501,0.4079679459891016,0.5081405832470272,0.4052359501994205,0.5073504891645938,0.4339349929528926,0.5750857916217993,0.34254278604006627,0.793320964539818,0.49367018796238704,0.5566461075136382,0.48578290345370423,0.5607663895721089,0.05979044917201015,0.07714796188787676,0.6581298105995208,0.5769361212357418,0.6856967366701952,0.4839785838004057,0.18714526202523107,0.27972085397649105,0.054963561059087396,0.48720926673266085,0.5475544272705349,0.28367961296157906,0.14203884347884543,0.27363831492420476
84,0.026339695849599498,0.018112841052136064,0.022473849479633712,0.022561977428403712,0.02746536253399856,0.04616467742291264,0.015351412320306679,0.02399974211952205,0.018641424757819602,0.018494718747091077,0.046402549024208484,0.020121096923707005,0.03422803646246653,0.037470758868149434,0.02672909130086032,0.023562536463665018,0.02409374821050303,0.01452391638235695,0.03842506792735967,0.043505959569731245,0.02546883690364854,0.02682793454764998,0.02478054130103069,0.015185585810791657,0.024978577153865422,0.040315856219577006,0.04084787948814361,0.020089057614725236,0.020678882779785357,0.017712065718432757,0.06959085683464983,0.02534147001877962,0.030382446495466175,0.02821099093260815,0.026650381852540206,0.026445346766450495,0.03126485338067342,0.02902030379032572,0.014420463409209994,0.026877199969520316,0.024322961931917075,0.027798225059058157,0.05777532875318858,0.03417610323340747,0.6842299070769602,0.6183904102197311,0.3677112363957229,0.6821224090011171,0.33473692124717147,0.3356055544533314,0.07007077790829574,0.1262511160436307,0.048228090320420525,0.08118724399884447,0.05079342191609515,0.10203677676420875,0.058156473174511114,0.09418357228036411,0.08174501105227872,0.05496659759852418,0.0988857300491428,0.05685513843154766,0.06278427037545031,0.06757979315274687,0.06036888074411273,0.06266648069928293,0.05556966142308006,0.08760512068597759,0.06547141580186377,0.049978687981012904,0.0510263105269434,0.06017219518189132,0.12467357777330845,0.08192437777089667,0.081249218619585,0.1072296778440266,0.05551161259355952,0.06670895709220215,0.05505115981077002,0.08401508912002964,0.06429776125107667,0.04619276755131019,0.10239349066243553,0.051612520250721716,0.1441186132591894,0.04515972760714626,0.07923120209942935,0.07028914057380187,0.05691127491495451,0.12307891444408192,0.036498000616299375,0.09911218631044738,0.07695175584888891,0.10103427923998243,0.14491722950365404,0.04468170380964609,0.07380830515319403,0.13776448051567547,0.06294430094560077,0.09497650061495011,0.4691578676715442,0.5353914315452379,0.35951268941489034,0.5175990935350494,0.42798840385507253,0.46144899238762127,0.6791838720858518,0.6110459620098175,0.3291642872304519,0.475971903549395,0.4725936388343269,0.4355661007732594,0.552082646728157,0.4236449455024709,0.530374975561696,0.4767243249400128,0.3677789112300981,0.4935316891008459,0.5178336074855917,0.44966055686187856,0.5852042223046984,0.48663165976098977,0.2959217627592513,0.7639880197376873,0.601140534682354,0.7069168153631913,0.5811152390426149,0.37084165670748026,0.38884868429468766,0.4688237957486233,0.4833515961899185,0.40078129632127646,0.5669936394639405,0.5310817391702474,0.5794950059416657,0.45591554982771054,0.6324416157296373,0.42927169604712123,0.3757645434287089,0.5225061256622883,0.4166641899540836,0.509071261284531,0.343830893586342,0.5815333237959064,0.5,0.5390972746031142,0.3245018400746448,0.40297100425701804,0.43479719480369916,0.5637395612035181,0.0656493083869949,0.02563351689747595,0.0381260991448934,0.04672962896706667,0.050322543419915156,0.0433891961469991,0.05345960805366079,0.021229810029918306,0.03889048797421368,0.03835468815824328,0.0405983446792435,0.04660287014506137,0.05062428701687405,0.04410105552099375,0.04224573604449866,0.06574685151014248,0.04972661367653575,0.049782059415282576,0.08264817399366631,0.07814993121140734,0.07084700722038462,0.02636188872798706,0.08434581531343455,0.0412744686803731,0.05581108529246759,0.04570670211855021,0.062291879742313094,0.11781200173356177,0.07408771909842282,0.0314123763204357,0.06329081479023335,0.07767561917993815,0.06701479722648629,0.05954809117527582,0.040085829217627156,0.03893594451525473,0.09514727031927506,0.04522055357483268,0.04594012863140762,0.43264355099963436,0.3198734287947995,0.062167937453534106,0.10668567663838124,0.047717600334699184,0.03247660389881235,0.47547522316886615,0.6842299070769602,0.07447040925217696,0.36522576443814925,0.5668097155334004,0.04139210520859604,0.03503096360001545,0.07612662543269366,0.0404007610224596,0.03343683279433707,0.03363971214139816,0.03267618052121912,0.04370887134219126,0.031567027071892406,0.06566178979822823,0.046736405100177625,0.038585511954343676,0.027136367981121068,0.032440493861020214,0.04106027251998923,0.08275320052836233,0.019517807438265256,0.03240874236838531,0.033858949513263625,0.09834090017637398,0.04308856674773365,0.03795024691490201,0.022333080837527608,0.02489799635114265,0.03326349352970248,0.04190163033667271,0.05192331037398257,0.0525994631044866,0.048719583518239906,0.027121692225549277,0.03582379839847971,0.043484773862419224,0.03417925132411925,0.03470557921270445,0.04434154412824143,0.03793855944010083,0.029489275883248123,0.03890036367344263,0.07813012791474261,0.04964172907364761,0.03495388701869517,0.03232336560631821,0.036994850815182945,0.02558229182019478,0.04254668619438884,0.03402189493499741,0.06641789670426068,0.05579924188967045,0.022625528954048568,0.040290892026358494,0.10273783116732016,0.1099253876942814,0.1313563613735822,0.07830808178489224,0.10348871433946583,0.07559424604243015,0.12972627919795265,0.0902131236599718,0.11421458339617085,0.06774791095975763,0.06181513631391278,0.04189819661463001,0.034152868154707194,0.1288203756845243,0.06606689655727205,0.11461182691694516,0.08055873614245157,0.047506942268076724,0.061090215842077744,0.07332974727973862,0.08718690982612831,0.058497764761985205,0.04632308901276516,0.05938418626417408,0.06729062478298597,0.04946879486401967,0.11650266192640335,0.054778708680462196,0.06391306902040506,0.05263844381458427,0.07043923460138601,0.04949461918528664,0.07057907440804989,0.11883592888000272,0.18537577254683824,0.05562260111386763,0.05344034676296727,0.05429818011732446,0.054331087682759405,0.06604456512414514,0.05929084166174936,0.10903462885688164,0.07344508895168433,0.055167480676964864,0.08087064728601079,0.06304112641315307,0.10639522653604361,0.09306912165526782,0.0434210459236648,0.0590740793293848,0.3503886193405725,0.32117275151550373,0.21591106323532805,0.33287841487290815,0.11884521068060017,0.12952129716417182,0.2707345739848771,0.2603253088043186,0.25154986703627735,0.25931047928283313,0.17599012868500252,0.2584136515400407,0.23868616308332202,0.16807131112203177,0.08755697866715251,0.28734948982551034,0.23568558228936232,0.170121956711065,0.29940376769726273,0.26584906388417207,0.2561422896908577,0.17088244610586234,0.2177286878789666,0.0948619922177737,0.23254137745122316,0.17225534103815254,0.13549846284332545,0.03247660389881235,0.05266766914970655,0.06729299040991454,0.04902119127340032,0.047717600334699184,0.07864440956184027,0.04058664195551864,0.6134502240106064,0.2856648205267005,0.19293528376335234,0.26753994432915207,0.5186145779342759,0.3700668713785167,0.04449269121172961,0.4299383084041164,0.04324371457875098,0.36522576443814925,0.6595079726420636,0.28180924316990874,0.23759007939894916,0.03391561073159455,0.10668567663838124,0.47547522316886615,0.033799677925014815,0.04923177677980772,0.04182217979232028,0.02051536985719349,0.03368668678924336,0.03520279401184834,0.03991703747056463,0.02302577074571366,0.03382109774048436,0.04596759532473915,0.03241482106424165,0.07797626236453636,0.04821632026323697,0.028883823546290377,0.028517035759548115,0.03739715233414331,0.032156956742580234,0.036745971407885825,0.06904223492727724,0.03769410597310052,0.02433033106553073,0.01787685163850461,0.06093343597670853,0.03064587642716321,0.05490962246629649,0.0464234475166847,0.060248643090319964,0.05784003930902881,0.02164066790037522,0.03639740067852504,0.0232801813274206,0.031633111600082975,0.06076094320299552,0.024593306599279496,0.020935627021025693,0.038032187370393045,0.042578578397513334,0.03013697106082136,0.026886314107361198,0.05400877842492835,0.05704007149752299,0.03436568340387114,0.020506699176837784,0.02257234693307819,0.0743224614762904,0.033274144231237535,0.021961630005838617,0.022916353740894846,0.033633659989912634,0.04958268477648886,0.28186701586848284,0.3651770729635586,0.19266974166565498,0.3076695823261658,0.21347842399484962,0.24585191394643535,0.2491182365259914,0.16380731444307972,0.3376105198620959,0.31660470535092466,0.15224551083147808,0.29672388885508294,0.39595108927331013,0.1418594482406531,0.1282506509744299,0.2567457857536841,0.2300292823300928,0.3696329983356531,0.23922181903884676,0.24432507957231941,0.3012606698156587,0.3357785521246872,0.28158054354959094,0.1321190151679562,0.21884865009133725,0.15964596969614564,0.12366186298501114,0.21642526964649622,0.36077958845298663,0.21518552963038873,0.28043814093226027,0.1670776692458653,0.3086223243438798,0.38137813484979466,0.4004906864840473,0.23302631800897788,0.2428222323203647,0.2682777207655781,0.21233496049775757,0.3143100320202443,0.2686487311880321,0.17865923249422322,0.3891010945124159,0.18744643081308587,0.39478929535512275,0.16544799465665083,0.19857291751962114,0.3510282845860462,0.21528329163484838,0.26683942864002363,0.5735267980585922,0.40698760932085887,0.3579366069315113,0.4946246183304346,0.40940161569150324,0.6108852702715202,0.5295796448685335,0.5227767832118985,0.496624149930595,0.4224067478412844,0.6102262438543402,0.4445046716388208,0.6123343811352238,0.6486321336029701,0.5009900023899059,0.4805653839392583,0.41611133685688795,0.5185978964298024,0.5600222891563931,0.5363818946795872,0.49668667670100775,0.43483617390792195,0.4882863366650204,0.38268606557081475,0.4085127811510223,0.5081776028448368,0.40494175200845384,0.5083313570936068,0.4341035781559762,0.5761801684447749,0.3423204840054892,0.7940519950507761,0.4932863240508577,0.5575780746495427,0.48564778821759247,0.5616130278582725,0.057931372439946616,0.07447040925217696,0.6595079726420636,0.5766156784434222,0.6842299070769602,0.47793423125525747,0.18205920475331616,0.2748802919553005,0.05266766914970655,0.4866813986684365,0.5435778633145253,0.2792941302004882,0.13723760768983118,0.26753994432915207
85,0.02564666413766381,0.017760778231219354,0.02178958178630508,0.02164327698987556,0.026610257765250944,0.044494253227897906,0.014803445912955349,0.02365934583074225,0.017895513082824555,0.018284572136545107,0.037605137548629264,0.019949194124496916,0.033383712794392784,0.03677171311394645,0.0262326205713459,0.02275692099765425,0.023380507965338526,0.014076905970530462,0.03780477309326946,0.04264841940400976,0.024492543898802732,0.026510127861841815,0.024559472879620126,0.014889097026055564,0.024531614562476656,0.03666310474360357,0.04043391180394407,0.019572373419832867,0.02016124541107489,0.0174715534819605,0.06716438540915959,0.02456439590996473,0.029845811269327394,0.02785156672051481,0.02558777396241141,0.025522971539417405,0.030563110916098757,0.02819349177492214,0.014082376074107339,0.025949692652594947,0.023674104575724386,0.027535330565901406,0.0569567342558136,0.03356830526207011,0.684258196850421,0.6182293472309922,0.3669568443431126,0.6820074657774712,0.33337286163356006,0.33311563173767755,0.06971161816493199,0.12607671371432072,0.04812392374240282,0.08114256583528567,0.050614739089784644,0.10185741331865872,0.05804863495668289,0.09414899066947824,0.08168735563426333,0.05483506020592399,0.09887748860880075,0.05674616748510675,0.06265989898640623,0.06741942847309157,0.060171129659671085,0.06264328814270981,0.055410393265412194,0.08742541450163022,0.06532266778682094,0.049850377525321066,0.05083759815171218,0.060097162845256014,0.12449923680953123,0.08184613256848705,0.0808946676192186,0.10674690572368495,0.05540261522656986,0.0664302813206038,0.054783892378825305,0.08381870752479703,0.06414325806720489,0.04612087586402358,0.10188902060579308,0.05138562621677889,0.14378324342628535,0.04513676312087167,0.07883314229199267,0.07004686131656801,0.05649087379916373,0.12287414401821595,0.03643470840516638,0.09896801343953632,0.07682615192103326,0.10087577718022911,0.144462369920355,0.04451976036882688,0.0737227276869723,0.13753144955719743,0.06280894742069165,0.09489237759744285,0.46907066676347775,0.5353621422999173,0.35912648531122415,0.5171410300090795,0.4279774443685701,0.4613579273238575,0.6790265621408922,0.6110328371890489,0.3290216249810446,0.47562995907595484,0.4722296750502638,0.4353925372644929,0.5518272028066284,0.42342666032905263,0.5298173605481612,0.476752621176055,0.3676097425692869,0.4929883689815995,0.5177948466378195,0.4496490330941907,0.5852594886836391,0.486557144056069,0.2957968663594097,0.7639870447142352,0.600945125963775,0.7069424065685298,0.5811006918448751,0.37067530276720884,0.3886887220767413,0.46881771604382816,0.4832288159681275,0.40027541206855444,0.5670330933953536,0.5310591215663922,0.5794733444993522,0.455971528046204,0.6322601085596855,0.42920513190806175,0.37530470907955504,0.5224650907858308,0.41666608837697594,0.5090468264628656,0.34352311722657936,0.5814311988268781,0.5,0.5389843817502192,0.32435547399910303,0.40280840944243146,0.43475501474444933,0.563765049781664,0.06542618235147113,0.025282286704332746,0.03790726489412921,0.046128063460894375,0.04994729137093834,0.043227445930196784,0.05316170132682285,0.021135068186150074,0.03868986999544677,0.038053849143035334,0.040405773377999,0.04646825199983318,0.050375412372371975,0.043700543647924195,0.04197230147806519,0.06561401185887616,0.04943716944516763,0.04947546226960753,0.08215589356585096,0.0779534201317661,0.07073330042974224,0.026069670005127055,0.08392487685472727,0.040963686002474686,0.05537281275511752,0.04536538809079327,0.061894908891530265,0.11704941721638562,0.07368204809480361,0.031249869542060993,0.06299837448351953,0.07760484278624757,0.0662039927536131,0.059319940736974885,0.03994474548282423,0.038772188620998405,0.09490186730884465,0.04491186832376315,0.04550824580613588,0.4323400529334668,0.31901517859699824,0.05979002493117569,0.1050277922166517,0.045611658267824984,0.03026165139219883,0.474470250719896,0.684258196850421,0.07274320975643334,0.3621705428580573,0.565646576640227,0.04094627572541987,0.034419668177513074,0.07562216696991553,0.03999347084980398,0.033076546805901774,0.03315094495815951,0.03218269293206044,0.043210013319783025,0.03061660985914516,0.06491179369460642,0.04637359490407744,0.038275506311434726,0.026854740836549595,0.03216894054026076,0.04078612504668033,0.08223303337791166,0.019184801503943305,0.032036670395490296,0.03331007869990399,0.09716173377723092,0.04263264609641215,0.037221737760762874,0.02199125130268631,0.024614873536963233,0.03284168413991129,0.04137610098235989,0.05115309876371843,0.051795915536555825,0.04815433083663068,0.02677496251614342,0.035440995954074794,0.04239945352761254,0.03377907956327886,0.034428157216643274,0.043878127511779,0.037579344196761344,0.029250889674223957,0.03819759778894316,0.07627341073131166,0.048785213227424684,0.03426830716960039,0.03174369670628474,0.036815100807058854,0.025410001508885727,0.042307601763494906,0.033695073830918076,0.06483694618205715,0.055327649277436164,0.022225550057512033,0.039735747598927396,0.10249936409303251,0.10955656239169431,0.13113183736683165,0.07820390469999072,0.10333501770844677,0.0755148853850458,0.12964666181274465,0.09020309989802133,0.11401839301844297,0.06770283082868267,0.06176329372885381,0.041742052962774,0.03406052978857477,0.12870617169801402,0.06590007513550955,0.11446713392780405,0.0804893948174159,0.04742352362777236,0.061025835397734096,0.07275300435121812,0.08711428494378404,0.05839096833148816,0.046274092221907814,0.05927609802208045,0.0668531998406745,0.049404221750643074,0.11646743129141113,0.05465009896473516,0.06385239840733492,0.05228577313856331,0.07036781300163142,0.04929195902571859,0.07053509604247332,0.11881633905492606,0.18487278963526765,0.05551896961353797,0.05324957188662793,0.0542091305321627,0.05413659168917895,0.06601532623631057,0.05923556968637855,0.10880541393978516,0.07336022133951348,0.05487397378351633,0.08056823945285041,0.06279755630322781,0.10621323396435811,0.09304019742601999,0.04319801032242776,0.059020713896409394,0.35014955464074426,0.3210393190618891,0.21589297868408963,0.33258536995014243,0.118599676871317,0.12937780872185822,0.2704010869741206,0.260253057602034,0.2514071793353858,0.259146386632076,0.175727320004466,0.25805475655984766,0.23854993528653345,0.1679624245939626,0.08738691098569784,0.28709230002174435,0.23567847067059733,0.1699930626764241,0.2993080921544128,0.26579458876576467,0.2559406472135939,0.17063248673179654,0.2175005315427615,0.09460551885635171,0.23241081342102599,0.17201401581575815,0.13520259217606145,0.03026165139219883,0.05150342174454592,0.0655721658913655,0.04809982113148936,0.045611658267824984,0.07711515550701176,0.039983844770303034,0.6132677785714313,0.2820598323590717,0.1915104368546866,0.2658572667346396,0.5178448654719408,0.3700387276126694,0.04346234340002875,0.4253633837978965,0.04264943889131012,0.3621705428580573,0.6595094319177102,0.28089589028271444,0.23610804767932758,0.03272301180225812,0.1050277922166517,0.474470250719896,0.03354574554264034,0.04871171908045435,0.04121282843589891,0.019560133637722354,0.03301093309835523,0.03454111893725509,0.03952250418092351,0.02260891040812618,0.03309142700172829,0.04489348144549621,0.03191981005234035,0.07715729876234112,0.04724055083618606,0.028439688478728242,0.02802598715996829,0.03624103024658254,0.03078715953588229,0.03572794129165291,0.06708305491149757,0.037452852458251806,0.023522787853101246,0.017556790592581417,0.06032594031757699,0.030349441426028356,0.05416240481221657,0.045795166564326584,0.0587740805007928,0.05658715425634464,0.021129395926874905,0.03559171454443266,0.02300935375151858,0.031099954154265586,0.06002542741093431,0.02384951220471898,0.02062811793955721,0.03719907414091461,0.0411317935582427,0.029595069546057395,0.02630616706786315,0.05037350716013178,0.055468833874526724,0.03313159822163725,0.020025064410692073,0.02222091267859161,0.07368514136455806,0.0322555333266763,0.0213814292898733,0.02209955316707768,0.032923451635128775,0.04855321432649984,0.2814328773273751,0.3650965304435284,0.1920427933565354,0.30759615381529404,0.21284731748688002,0.24538085148347388,0.24794118928785702,0.16362040842071046,0.33732214388521653,0.31637951562638933,0.15193005546145466,0.29664549324798906,0.395838701942936,0.14156737999696067,0.1280627843109583,0.2564722189056051,0.22975105924151873,0.36954824222116733,0.23905121073153113,0.24414716534657777,0.30112111459772417,0.33562322591195803,0.28152038719902317,0.13181543941308482,0.21861150598729917,0.15953026847306895,0.1234117682869913,0.2161609375181981,0.3606500958449681,0.21494248722503273,0.28009892472973263,0.16644449975013342,0.30835114098756056,0.3810723105100383,0.39987911485434136,0.23263793932597443,0.24217077299902934,0.2681648051988472,0.212267662266849,0.3142569224416263,0.26741674082053457,0.17812033090061685,0.3888221360654919,0.18715181575438777,0.3946073921404547,0.16517349817259663,0.19752952879944485,0.35101888683722426,0.21506383927606298,0.26659020673454725,0.5736026777176756,0.40695741993814327,0.35789544587075894,0.49444168623415663,0.4091846624109652,0.6109285305834234,0.529653470911235,0.5228303889775445,0.49655902950216513,0.4219438455725254,0.6102594161161882,0.4444098444996796,0.6123635884587058,0.6486497002773819,0.5009815906037988,0.4800237305309545,0.4159253201062909,0.5182904464911373,0.5600201140970908,0.5364386473644248,0.49663023912379334,0.4348721095202943,0.48830922078016525,0.3824714841970476,0.4084711207983437,0.5078769337463296,0.4048669373016409,0.5082140488020848,0.4339327246424741,0.5762547198895153,0.3421162798387024,0.7940252777573953,0.49301364753402477,0.5574447563236518,0.48557126944331463,0.5610208917745845,0.05665157373363994,0.07274320975643334,0.6595094319177102,0.5763031463706558,0.684258196850421,0.47400676314069823,0.18001680891708505,0.2733163593753649,0.05150342174454592,0.4864685490342229,0.5432046045570393,0.2771219106995161,0.13582369941830785,0.2658572667346396
86,0.02487284314721283,0.01732317422156815,0.021414358650708842,0.021152600709524405,0.025563614638803633,0.04139111622856384,0.014350132933979354,0.022626283032163408,0.017362417795234508,0.01799915032433963,0.03686449937115144,0.01961932060594329,0.03184197353226381,0.03570338147725172,0.02518497083551896,0.02226077176801111,0.022979418163355025,0.01356551013036511,0.03654877668813594,0.04162666967300277,0.024065224158230536,0.025964050304476682,0.02373892027396851,0.014372352892300766,0.02369510191127122,0.03496008672628881,0.03932497323220774,0.018978328098512853,0.019474724454822456,0.016898544018756012,0.06586537245860724,0.024039756266441725,0.028777902815756984,0.026807370115677465,0.024762516066253792,0.024546462088602117,0.029860408422398788,0.027560738898457893,0.013595390913208494,0.025598513771724063,0.023156957824233437,0.02672273514234802,0.05593702579323323,0.0287477183774546,0.6839459559925715,0.6186805818276311,0.3653719720888866,0.6826335830553362,0.33062790737738146,0.3324350594907397,0.06876465462276837,0.12600312746029596,0.04810567470058302,0.08120954699778549,0.05046645449917975,0.10163811396750877,0.057646871725417936,0.09425889182570046,0.08138779764149118,0.05472028335804402,0.09875140394759785,0.05659311794744859,0.06238124680623425,0.06693036873615144,0.05982606709763172,0.06240758231834731,0.05492566497258,0.08736128269577126,0.06524450240972601,0.049727617612005726,0.050338774077390847,0.06003536494036121,0.1242690139006899,0.08178653514768197,0.08036652393066357,0.10602340186387849,0.055290124196146206,0.06610429320050693,0.0545454530607008,0.08335534640821651,0.06393169414421618,0.04563873070277735,0.10140530462235497,0.05107045592981918,0.14346234723661644,0.04502418886650794,0.07838910136207689,0.06952331701524939,0.0562487510107641,0.12262806358748446,0.03640729653416841,0.09859566244054152,0.07669633320208213,0.10080054305375641,0.14435386576191078,0.04425943698235746,0.07356255839918435,0.13735692636088737,0.062400877891623074,0.09482376944889381,0.46938314185188523,0.5358120989929396,0.3591863060663322,0.5172258528729887,0.4284843983671782,0.4616567600593221,0.6792920846767183,0.6112053677636256,0.3291537165916296,0.47570464106932175,0.4724541205225129,0.4350515141576663,0.552281931207951,0.42369179072618024,0.530057668945185,0.47733982536438846,0.3676963467665404,0.49347841484311117,0.5183440751511323,0.4501769591014526,0.5857910787014043,0.4870047608585887,0.29588535254752957,0.7642237582425594,0.6009519848420638,0.7075933179362094,0.5815010274587761,0.3710331527769033,0.3886161457053956,0.4693323724500844,0.4834263920342343,0.39970143232107247,0.5673810529819753,0.5314604393658608,0.5800889178944367,0.45637951094993934,0.6319056918330579,0.42940271275793707,0.3753381922369958,0.5228451696796589,0.41683342976271354,0.5095458346472913,0.3435091330909037,0.5814821605302809,0.5,0.5396422767411291,0.3246786212586743,0.40213138780984614,0.4353125398451043,0.5644263313997891,0.06483238201309272,0.025024009012953097,0.037340176625132226,0.04525739160854991,0.04961112387369371,0.043056560819488277,0.051789475149993214,0.020773748421494487,0.03828831612874051,0.03739717299572931,0.039559824651679065,0.04539675678922295,0.04981279842665831,0.04328646067260988,0.04154286267995355,0.0653910057314695,0.049017925116148775,0.04850979316250836,0.08111199200576336,0.07753230157717306,0.07016143519603812,0.02584298181322553,0.08351639986420278,0.04010892061531568,0.0548532291602859,0.04471798672157756,0.061243141921137445,0.11632261483654749,0.07273322966733353,0.030873142795322828,0.06264446030512794,0.07722971778638543,0.06549231312531012,0.05875902128939814,0.039557165421119755,0.03841852315857541,0.09421004195151006,0.04416775897243008,0.045035275741995506,0.4314080133783703,0.3181639641923756,0.057427492914585154,0.10317528094245376,0.04474277681358696,0.02981671025207533,0.4729130377671661,0.6839459559925715,0.07077416499261369,0.35926542792248906,0.564318248258198,0.04039825849193701,0.03398639280843441,0.07491053334450548,0.039426403402260335,0.03280878092487405,0.032434843044623074,0.03168920854191548,0.04207076688934208,0.030144518343886983,0.06425160622651072,0.04609415296615016,0.036832682358036606,0.026336865429084422,0.03171450245858509,0.0403775342659044,0.08177919348159823,0.018841504489838345,0.030844680442747796,0.0326803231127496,0.09578100916533128,0.04222825413693254,0.036523057883989685,0.02132885005074303,0.02403862141809643,0.032158703729712856,0.04034453549650763,0.050507104174681405,0.05135328260327743,0.04803582559890485,0.026418943922355886,0.03509698230441971,0.04192367077926118,0.03349515174773987,0.03323456172541517,0.04342740433154213,0.03732100380460113,0.028201489183123152,0.03743606459554827,0.07551437422210505,0.0484208812505591,0.033607858247013844,0.030639328220112505,0.03637460242662194,0.024970232320308816,0.04130264865367517,0.03330670049920548,0.06425572175239525,0.054846195085164084,0.02152302320750843,0.038690799341478344,0.10235868773175938,0.10891568531131401,0.13040829922804953,0.07802489137877688,0.10303657742227867,0.07546119719940558,0.12947493584560488,0.09023491574948717,0.11303477177370513,0.06762651427498179,0.06160984085209331,0.04139159296355854,0.033764081451261196,0.12862037122684034,0.06562843767324233,0.11424710701227625,0.08011136831419863,0.04732120273925644,0.06090173285197131,0.07226864143495881,0.08699666466439282,0.05821675684500294,0.04621863902653034,0.059020433067655254,0.0667855816277011,0.04918342154984501,0.11644444415655797,0.05437847532996709,0.06373826152227358,0.05202755149455296,0.07009265753623561,0.04896015993665681,0.07008340818085235,0.1182541257469768,0.18405628030239862,0.0552878345614638,0.052886825132908655,0.053723693818995555,0.053506435648898565,0.06585461049981878,0.059120676555924456,0.10865343346573841,0.07330710892914072,0.05392505236011613,0.08042521997592722,0.06247266477262414,0.10587990829616922,0.09307789624230278,0.04294450840319364,0.05886795605898498,0.3504727426151607,0.3208021918786299,0.21592445445263908,0.3323360591776022,0.11827923745923552,0.12940485781371758,0.27030104906375485,0.2601695947891328,0.2515860202113829,0.2592674743036576,0.1757771195971738,0.25767197253372587,0.23876535944406452,0.16739936077812556,0.08731141485873439,0.2871649888204122,0.2359839000841495,0.1695787729579944,0.29938458762234677,0.2655488610234009,0.25557896927171875,0.1706106505859326,0.21753687236591335,0.09433892176571501,0.23252315622005426,0.1717004847586473,0.1352663647480089,0.02981671025207533,0.04990441395783429,0.06515022083208344,0.04636727576538402,0.04474277681358696,0.07591542794339945,0.0392298462010392,0.6135446042643051,0.2789975869813808,0.19071662737754458,0.2632300746989361,0.5166346459502765,0.37048338178509677,0.042924961710646525,0.424198385446359,0.0415494368108662,0.35926542792248906,0.6601542120965149,0.2805746981286579,0.2343521880414584,0.03215340714330406,0.10317528094245376,0.4729130377671661,0.03265213400642275,0.048272069806023055,0.04073177697684116,0.019275512526649385,0.03234284273073962,0.03396173914029954,0.039037557226649255,0.022079666128456132,0.03264056035513918,0.04447691250022634,0.03156105100523121,0.07662642776480022,0.04674735643416794,0.0280716650065449,0.027564764954511767,0.03575029079082448,0.030232775745508533,0.034943255644897975,0.0657901237873052,0.03702732280016463,0.022799568920727875,0.017248361658594114,0.05931554726491295,0.029797947592544838,0.0530861512498253,0.04502814071175021,0.05810120664934282,0.05544166116365923,0.020758561967149092,0.03511032338056941,0.022525703967346544,0.03061952750356456,0.05919061377786372,0.023341514304756283,0.020271290068083925,0.03657518885593103,0.040198151949581984,0.028979300830902388,0.026056174385580277,0.04974255943882,0.05404608951522161,0.03249676947663982,0.019358020283963606,0.021767689629716203,0.07291098675328334,0.03161438920273263,0.021083125055397223,0.02168938068860715,0.03254823782564986,0.04788207675123812,0.2812751092113337,0.3652831197198906,0.190869372709206,0.3074184969736793,0.21235190692891837,0.2448636041840737,0.2474098347601421,0.1632445692265182,0.3372962294922144,0.31597573310156746,0.1516112609766812,0.2967251207671089,0.395822629924808,0.1407726959855704,0.1278940960171543,0.2562564280038738,0.22900217902170839,0.3695765072687718,0.2391751833070933,0.2437841926341927,0.30051172164491846,0.3357668507812298,0.281773628197569,0.13129151649983406,0.2182590899742467,0.15923750734310194,0.12274860482673744,0.2154983920950062,0.36097376584597607,0.21471100050641,0.27982562551121093,0.1655943524197141,0.3080498042052121,0.3805658514119302,0.3995801312123298,0.23234436275727188,0.2420662125426345,0.2674820659790098,0.2121856993698359,0.3143244999276793,0.26711497811006923,0.17722194769170319,0.3888126406754756,0.18677537616395612,0.3948401697656072,0.1644847322660865,0.19613661261529147,0.3509040756341869,0.21424607333638257,0.2663247078266652,0.5743601278054582,0.4075018182682656,0.35829199938044853,0.4950286090036199,0.4089965488458359,0.6116172954808576,0.5303661464988136,0.5235140759303731,0.49707959827441195,0.4222500996599303,0.6108919458590782,0.4445431165447079,0.6130105387380347,0.6491107416060278,0.5015693582496912,0.4792372586776018,0.4158124318522739,0.5182999557182293,0.560193237668082,0.5370359233984379,0.4970642968426968,0.43539900857466984,0.4889732984927234,0.3825937467029835,0.40900058553767715,0.5082896127910235,0.40508435341974913,0.5087140491419659,0.4341886034871655,0.5768900792294289,0.3423139654598305,0.7945627324893682,0.4932947679233004,0.5578824649624422,0.48565496483077886,0.5614547362540133,0.05538251902278479,0.07077416499261369,0.6601542120965149,0.5764748050296262,0.6839459559925715,0.47132359520068834,0.17878676208246325,0.271658332338212,0.04990441395783429,0.48640311520125745,0.5421252848637024,0.27550759058604724,0.133272963930541,0.2632300746989361
87,0.024021351194198126,0.016802292451496892,0.02032184680616722,0.020509455770169716,0.024363484266276547,0.03892062889870518,0.013573471480730404,0.021885112260168427,0.016548641562906696,0.017249979740078802,0.03545672425542945,0.01890208887339917,0.030741284087596576,0.03437722034790425,0.02458030887980389,0.021366714402273113,0.02210591315051902,0.012773505334510826,0.035792620971143885,0.04067193401204339,0.02326537506611215,0.02507750878882753,0.022932038938910715,0.013871162050278496,0.022566206896897034,0.03300961101368183,0.03801893071768636,0.01825140258006097,0.01865533735228786,0.01621027853494561,0.06451436945196132,0.023114070883585747,0.02742880755436561,0.025679564056214077,0.02390011889459953,0.023565430284905542,0.02915208274136194,0.026829946365600543,0.01223201479221725,0.024817197027724003,0.022540066061736086,0.02592766027836424,0.05488904758864799,0.027414659680906284,0.6837746986480842,0.6184190442490853,0.3630594059327832,0.6832044667538885,0.3280794211804601,0.3298221032343841,0.06757502407125349,0.12550159817997453,0.0473064064555202,0.08093508361426771,0.04996945835235922,0.10081970170109444,0.05572372091034061,0.0940778327708166,0.08102987006731999,0.05379220406873697,0.09839193868827945,0.056032226084707815,0.06149440228350156,0.06580742425362918,0.05902479206630051,0.061777241621668644,0.05405443815500943,0.0864805321708656,0.06461205792447267,0.04907169481609619,0.04940177592161166,0.059463873007116086,0.12349690028254179,0.08107146148454814,0.07895383518525467,0.10433289394639267,0.054674321318227914,0.06466426325114538,0.05369505010458597,0.08253249043720001,0.06305686708462421,0.04449010213600879,0.10010146708546452,0.05031321833333735,0.1416083214337147,0.044723479756438644,0.07710098920556485,0.06887316507855756,0.055323578468220114,0.12190444164798897,0.036022833502493024,0.09772574581613636,0.07595789744608572,0.10034450115127957,0.14369299410170167,0.04373758278926432,0.07317034273046386,0.1360896170921886,0.06124369893932846,0.0944268390930394,0.46944919452567446,0.5362720423055044,0.35844457060855806,0.5168897714962881,0.4288175426382368,0.4618078853087628,0.6796486139092907,0.6112655939488711,0.32914018045483684,0.4752661263505601,0.4721451522545347,0.4348387247829958,0.5526441637804766,0.4237661029147126,0.5290121532687685,0.4777255570681116,0.36706966902205773,0.4933887911049146,0.5188500270368526,0.45032425071194593,0.5863023235923014,0.48722014661762914,0.2955836325635922,0.7644782005891283,0.6009915489251068,0.708250380329454,0.5818296496216511,0.37129682689003574,0.3883831637141757,0.46939347143987,0.48321374463969047,0.398574407349349,0.5679018854235539,0.5317408083923933,0.5805110682348815,0.4566160700137456,0.6316670860988073,0.4294468069270514,0.37508086600813095,0.5224684865500989,0.4168453778829072,0.509778334744803,0.3427907219072953,0.5815540145770526,0.5,0.5400138971818051,0.3248725876129024,0.4009297952970112,0.4354890895167608,0.5650492286146435,0.06366544308992872,0.023967998841920135,0.03635746191335598,0.04408828705114742,0.04810641138505323,0.04211420257624765,0.050492701226746206,0.020074228574555875,0.0370865265515502,0.03621420668923203,0.03807513025109954,0.04430351489408513,0.04828433009537736,0.04261219123570592,0.03994954209598922,0.06478266663186372,0.04831549050613837,0.04687406651026993,0.07920792176697178,0.07687027176373384,0.06932605169370665,0.02520258193417424,0.08179891708371556,0.03738276666683904,0.05299610497231044,0.043316627628158355,0.060286189785365485,0.11434322164310595,0.07103646485028225,0.03018436411914649,0.061340196003683234,0.07668345937335785,0.06430904081728439,0.05606438853237339,0.03890811257082005,0.03718770317911768,0.09228298300840287,0.043044372529326136,0.043598738561848926,0.4300709528599014,0.3167060033678346,0.05447279882195355,0.10068086187734893,0.04351757171519943,0.028465417248711655,0.4696520043538005,0.6837746986480842,0.06882917837286284,0.3564523256381995,0.5632288233460627,0.038979630861493586,0.03305430039063828,0.07356223602963452,0.03822918138439679,0.03180528535518479,0.030824398410697174,0.03082465953854918,0.03983557878683974,0.029149262552042643,0.06206946874940089,0.045109840938178936,0.035803360891786484,0.025737986733000984,0.030753860093100993,0.038715673701351094,0.07976509612941796,0.018008561982785554,0.029243872393267423,0.03120486588886162,0.0937399746373423,0.04083023577373657,0.03506334477221984,0.020368738599381486,0.023155197622154233,0.031061484811963247,0.039255620100242083,0.049499053993700914,0.050046129539653594,0.04711994666102548,0.025510345772067344,0.034175970165640224,0.040695918680600074,0.03222568064295228,0.03191986953727344,0.04256548158783513,0.03641618086534559,0.026668663714504826,0.03616993723004258,0.07275436675334257,0.047245443878410565,0.03233045380139565,0.029567071341668694,0.03540443648572145,0.024350971188664694,0.03994079505135528,0.032037070191355044,0.062349861039789345,0.05264649789823106,0.020397058664919143,0.037046852041680345,0.10089345453570753,0.10736558878635127,0.1279270800913187,0.07734301000022337,0.10199473277711102,0.07484127565503285,0.12884276885625856,0.08979359344566695,0.11151019998618772,0.0670015530246737,0.0610236803101869,0.04047413819394452,0.03300304853114733,0.1279546737718732,0.06433810778729554,0.11333383146065745,0.07922496213894481,0.04689843931170257,0.06029945017727767,0.06977763637615486,0.08604391282566015,0.057485559430788036,0.04577491102717335,0.05798732325162281,0.06563446236729076,0.04872528275788546,0.11589150033053719,0.05362185126209451,0.06303734960193563,0.051134539452515004,0.06940951513804183,0.04800827657628137,0.06892147622901412,0.11776062123651632,0.18255002588663793,0.05449338559203176,0.05164968842427908,0.052411758652224916,0.05284672557995329,0.06541713682309713,0.05816163497499205,0.10785318694518597,0.07260494123148753,0.05220389332199715,0.0794480256888137,0.06131872391494142,0.10273996832103482,0.09274005236610394,0.04211556914480907,0.05839396480479164,0.34973469222533515,0.3207435271649135,0.2151744821312993,0.33132895544312213,0.11742140386537958,0.12886085501126254,0.2686571257053385,0.25941953684856645,0.25107675398274065,0.2591370790331803,0.17498318491109655,0.25595495718448213,0.23853365044995078,0.16600932951045333,0.08664316169404129,0.28644431171388884,0.23587555773484858,0.16854979957274596,0.2991664843539532,0.2648200541330603,0.2541511000714234,0.16980506277236584,0.21683220669742997,0.09317591552166993,0.23197437695204115,0.17091560818641327,0.13472050336193708,0.028465417248711655,0.04791417561960842,0.06371526226401247,0.04452093786164002,0.04351757171519943,0.07352048839243297,0.03820401429500786,0.6138161169531231,0.27599689741931055,0.18758336240761098,0.26001066525332983,0.5136143008809728,0.3709279145787028,0.04204381095598575,0.4219485088970525,0.04053821609814401,0.3564523256381995,0.6606071866952088,0.27841726788680565,0.23157283375787008,0.03103570590462168,0.10068086187734893,0.4696520043538005,0.0317550163701088,0.04696011426307112,0.039708504678018564,0.01848100590173507,0.03123925724647325,0.03278611656381336,0.03836425601212956,0.021261868056123845,0.03144402055223472,0.042558265035835374,0.030821812459068676,0.07512598412089122,0.045252989541560984,0.02756973162177212,0.026548220427297875,0.03462981291979861,0.028815058554998774,0.03392039319423912,0.06406366966111554,0.036377201103531376,0.021919060554008607,0.016690474043295933,0.057843257964357964,0.028895827484595626,0.051085516978617185,0.04325318176657267,0.056642667071998054,0.05383862352476809,0.020225714248891857,0.034254305735442525,0.02161101946881583,0.029527416348194335,0.0574270302140063,0.02255111644182972,0.01948002361676593,0.03564956644669659,0.039071766093084825,0.027898750897108138,0.025229457681499978,0.046754721601965255,0.051812771407328984,0.03180238404252311,0.018364034691441655,0.020978734679274802,0.07188238422712845,0.030023886817020395,0.020114079116341,0.020945215602414136,0.031578869167540824,0.04669560374588766,0.2803167292032688,0.36510983226853144,0.1893790608963667,0.307049787962535,0.21034512001774153,0.2430115149078178,0.24495581088475993,0.16267883216881862,0.33621155895417343,0.3148887361485201,0.14974735637600856,0.2960584742690058,0.3955105779907885,0.13863046507712262,0.1271386656630904,0.2551883207998701,0.22825739444266102,0.36894118204448145,0.23797047295472884,0.24248925979379898,0.2997068694747076,0.33556258786514503,0.2815794934903981,0.1298819169432398,0.21740342543307478,0.15803760129788236,0.12124941964593505,0.2143680496545569,0.36024104425001646,0.21391931868151248,0.2790258577353647,0.16362762549912158,0.3066975393014941,0.3790317636776426,0.39856024636271115,0.23096161308661844,0.24066485039485241,0.26629033011622083,0.21186991663643961,0.3141814209976811,0.26571598238629357,0.17525620010454968,0.38814426625419085,0.18482054522640223,0.3949400550186004,0.16259874055535495,0.19313015926853172,0.3507837824610368,0.21298326216303987,0.2656349754141033,0.575151804600393,0.40785587260100387,0.3577821296872762,0.495056107818742,0.40838847224802566,0.6122581194343162,0.5310431268163699,0.5241424213690595,0.4972039331745369,0.4221906641193668,0.6113667807893011,0.44429074182565687,0.6134708061907942,0.6495706520976373,0.5018460055545395,0.4777366847640805,0.41531755195418407,0.5183150856361416,0.5604349416499828,0.5377177526464147,0.4973696908655164,0.435693256364174,0.48939459961038234,0.3818750814126577,0.4093308011875032,0.5081182203444842,0.4052197107035872,0.5088751592670127,0.4341062428470852,0.577508285825767,0.3422039080784821,0.7950695261721823,0.4932259307670558,0.5583119255758024,0.4854219452232631,0.5615368431598653,0.05385531665097576,0.06882917837286284,0.6606071866952088,0.5764364276687259,0.6837746986480842,0.4672763248186117,0.17567941585581226,0.2658680296719319,0.04791417561960842,0.4859009090631904,0.540517854301511,0.27255368046064277,0.1299725613589121,0.26001066525332983
88,0.02284505039839968,0.016109478862583404,0.01925349533803289,0.019729617638536978,0.02343680788178326,0.036713146180334943,0.013057959941295105,0.021067575064193322,0.015397414646516006,0.01633200489825215,0.034293675749204056,0.018331159914667605,0.029511000545472954,0.03355936627126188,0.02344677213596702,0.020575603182521607,0.021077017911732998,0.011995641389197398,0.03394195808475742,0.03887851936690234,0.022135540951614074,0.024243843300869927,0.021738132741067617,0.012500725528834522,0.021558985850148926,0.031453366133538885,0.036832663749640226,0.017378386958085135,0.01779441637857182,0.0153851515289537,0.06049989091447672,0.022303808568030936,0.026409774951447584,0.02420242684091778,0.022774740546320782,0.022216024139335544,0.02796637906227606,0.025014548385848823,0.01180569927691999,0.02411247060555821,0.021338545197031378,0.02491911068794639,0.05290736804259277,0.02611594972555986,0.6834189658762151,0.6183037723219016,0.3606590524847395,0.6833882220288169,0.32442021250453856,0.32750251351395765,0.06730184190008359,0.12527126846286074,0.04707882821309217,0.0808606060349395,0.049584697800379884,0.10054198890420551,0.055446878779543574,0.09393992486294034,0.08089860111126379,0.05367037038561984,0.09818976687645287,0.05577425568443073,0.06127937762199642,0.06542159770908618,0.0587108584658117,0.061479975979213286,0.05360253538332982,0.086218340833351,0.06419164773439834,0.048736643027633475,0.04900431444083653,0.059219529979564034,0.1234370961463831,0.0808254279869739,0.07811738502176035,0.10357401314605574,0.054388842998922216,0.06424661444425628,0.05319607458392317,0.08218624141958908,0.06267599141276536,0.044183195587942814,0.09927247438403197,0.04991441426107657,0.14136972309326856,0.04450349181238278,0.07632712862748015,0.06825883663938892,0.054861831953867624,0.1214799325429371,0.035881157075806636,0.09743053998599382,0.07572218529681884,0.10007301342345987,0.1428483826686593,0.043480756831247636,0.07302980008050097,0.13579090611212907,0.0605312596117058,0.09431075521945387,0.46952238752911046,0.5363883757232133,0.35824493103043864,0.5161103104098174,0.42897511793182774,0.46183713584648434,0.6795529008476697,0.6112325526900761,0.328963085755387,0.4752935287385712,0.4720048068006719,0.43457647935466515,0.5525333023711169,0.4236906961105189,0.5287684591178181,0.47781913137646004,0.3669768056281808,0.4935650451428002,0.5189952202457189,0.45047927432586354,0.5865011403391691,0.48725224200396056,0.29555640255347637,0.7644254894771614,0.6010145961744713,0.7084997832886613,0.5819263776813628,0.3713379451220372,0.38821216578751283,0.4695473850817651,0.48314963278920087,0.39797642722825355,0.5679669399497931,0.5318762452655673,0.5806594438488009,0.4566622374164847,0.6314919211189953,0.42906095338045447,0.37505406358393545,0.5224330016670649,0.4167486744682056,0.5098726499388817,0.3426726984389107,0.5814455406978261,0.5,0.5401150157823049,0.3248954876404355,0.40040305659221764,0.4356458359964416,0.5652862957348821,0.06277823891330991,0.023472686592190373,0.035810235567320325,0.043146607558622874,0.04744657622600812,0.04161018908657388,0.04987146063715264,0.01936410906890995,0.03674160137972404,0.03529483867869454,0.03733945748689271,0.0436487695981197,0.047512719839623796,0.04130844562984726,0.03918450484917724,0.06413720205472473,0.04763455062701549,0.04555336608646687,0.0778387270215386,0.07600742308999786,0.06846351178374976,0.024531513344380973,0.08069943905175847,0.036662063559648295,0.051630363718759065,0.042506522442980144,0.05856274321548416,0.11346558360810044,0.06981896115735697,0.029797692840083267,0.06053078119760347,0.07595410477625342,0.06295949364408282,0.055010012926890006,0.03798764360750706,0.03649288167312137,0.09145341927358586,0.042016647524315553,0.04252584922459246,0.4292343994775215,0.31434575536170517,0.05145718212531358,0.09752304941210854,0.0416722239621341,0.02702382768263334,0.4673035350642559,0.6834189658762151,0.0662623328391001,0.3537272533669522,0.5626849274240818,0.038052362986446986,0.03223087542129477,0.07188517450584986,0.03782565158158668,0.031422565425610394,0.030025067537211236,0.03012608243851389,0.03913163911606632,0.02825205249066476,0.06062764681684396,0.04464565668094711,0.034615878076922124,0.024771639116314303,0.02965762899091262,0.03800533352236002,0.07865908173352387,0.01745977443752833,0.02843440152780108,0.030533164437592353,0.09244216581167086,0.03993486613813835,0.034397336004262535,0.019753805657574564,0.022205625570054344,0.03005098559474284,0.03834102417460783,0.04847252943216396,0.04902489298143475,0.046402566251552035,0.024993528458778558,0.03354661790959501,0.03991837926738129,0.03178052598580983,0.030752750406842888,0.04186536911651506,0.03580811151701113,0.025852421726060726,0.03538067107994114,0.07142142481286184,0.04630509431256802,0.031332956823596825,0.028592864330322043,0.034497744951126674,0.023167888454386776,0.039232277444009145,0.031310730031077316,0.06097319615892838,0.0514473244107041,0.019596703797266968,0.03649956934785503,0.10056006638057391,0.10694334822770246,0.12755866205950317,0.07682604244093727,0.10153911112812486,0.0746806588910337,0.12850231875755458,0.08964507885458528,0.11109652013908189,0.06684638848550561,0.06081599875178978,0.040101453675930654,0.0328074287215433,0.1277649054940233,0.0640816855936076,0.11308948918827366,0.07893248776636008,0.046749871326202896,0.06007780717927269,0.06926646577654183,0.08586128997456266,0.05727232717154418,0.04563947865311335,0.05778563627930544,0.06526291506013604,0.048440492386544576,0.11581701532828981,0.05331569592675156,0.06296798134142767,0.05071534550182144,0.06915792931912701,0.04767692357266551,0.06865230951263546,0.11763505994481238,0.18195647858222885,0.0542062012173129,0.05145022514780129,0.05214437320569032,0.052482965223987876,0.06513946929893244,0.05800161884897148,0.10772642359291917,0.07235197305237873,0.051698078753345866,0.07917998734167764,0.06060620061596589,0.10222304712550256,0.09262159904399758,0.041735135758659725,0.05820158809810827,0.34930576414121906,0.32028409524086376,0.21486058174919576,0.33087115281112855,0.1172083831337325,0.1286931016485685,0.26814433007941674,0.2591150651355708,0.2508999943497551,0.2590306158555754,0.17463521677406457,0.2555107459854289,0.23832894544000294,0.1652904936868379,0.08654891719014535,0.28613416012801496,0.2358786373498455,0.16817839735324402,0.29887202723215034,0.2643448668929993,0.25351978441275225,0.1692698658154579,0.21663564429592053,0.09265466310792836,0.23177403601794488,0.170271560051386,0.1344725271338001,0.02702382768263334,0.046204815263618304,0.0602385911622888,0.0427622939518989,0.0416722239621341,0.06966176433287397,0.036118832910951415,0.6136793885396908,0.2724553832763461,0.18516320822263654,0.25594672822052444,0.5111891587660775,0.3710866350317089,0.039596575630072905,0.41961524025830366,0.03878811457784326,0.3537272533669522,0.6608383001323945,0.27767790893423805,0.22747861995711005,0.029162743905607136,0.09752304941210854,0.4673035350642559,0.030501767038095928,0.04565766888478073,0.03805977297058116,0.01766012142502449,0.029656605570428374,0.031480709030629384,0.037215732688566705,0.020173385246666675,0.030081570761246068,0.039613930789478835,0.029505302501724895,0.07344897600811973,0.04387892216231537,0.0260872323349971,0.024813302340086052,0.03335970530917021,0.027681423985159714,0.032517408497442446,0.06206278904970819,0.03489135491551276,0.020231463302981756,0.015645421282173944,0.05616218303123677,0.027749975899580615,0.049400368462778954,0.04099056163665893,0.05385938605842977,0.05200910044756257,0.01868211690029442,0.03249083072235448,0.02063509641422212,0.02770338669321437,0.055774571660972994,0.021162106946089554,0.018437001273374665,0.03355012719408179,0.03684431470690952,0.026745154967167672,0.02428729114068351,0.04435931636722368,0.04779868170440016,0.029445334165432824,0.017248110154067686,0.0198243002212265,0.06953676983654278,0.02845608515978182,0.01917271296689671,0.01975070143050539,0.030227649048171212,0.04330667876970884,0.2796652679007956,0.36488255524740576,0.18840490949031619,0.30694632250338627,0.20979119743222896,0.2423218206791744,0.24467862283610642,0.1625437530606756,0.3361302194554937,0.3144054475698389,0.14949566187273888,0.29608484110302524,0.3953402199317475,0.1382261474635753,0.12699357608346817,0.25493962339718845,0.22770384314624714,0.36869517030535126,0.2377004974630269,0.24208966243977226,0.29902984517687503,0.33554716792008743,0.28159681942903936,0.12926439244472576,0.2171158631494159,0.15778285221863753,0.12074037341244459,0.2140056642991176,0.3602780746228158,0.21360098988157206,0.27875107205544114,0.1631757078854228,0.30647929700456555,0.3783565453203229,0.39815859869264414,0.2303166954264827,0.24036811983309447,0.2659522427642398,0.21179391179746476,0.3140745601360504,0.26523017174459784,0.17452314014442782,0.38792793989955543,0.18447979802603753,0.39495297427970355,0.1621770063630712,0.1922609936575279,0.3507482159274591,0.21247849397250962,0.2657071960901102,0.57544098576227,0.4080365509617958,0.3577573458771499,0.49522303251523525,0.40800400047509344,0.6124150433805797,0.5313327366302616,0.5243815690730047,0.4971747950396679,0.4222851838492737,0.6115694795967526,0.4442304560140643,0.6137164845029439,0.6496250787165416,0.502058673793303,0.4763941502110721,0.41523625249563423,0.5180197209162061,0.5604423655277897,0.537965282432186,0.49743469069617585,0.4358973857840267,0.48960510259898493,0.38140251179664997,0.4094541879448952,0.5081154474325129,0.4051461652901506,0.5090373741576182,0.43415652831504925,0.5777572350857056,0.34226796340637555,0.7951537955512493,0.4931922861464899,0.5585083942908873,0.48540811539521844,0.5616502296621102,0.05169617388352643,0.0662623328391001,0.6608383001323945,0.5762155846453294,0.6834189658762151,0.4640326468562045,0.17225542189991028,0.26291129753440745,0.046204815263618304,0.4857513846353585,0.5386370773336081,0.2706963630158504,0.12678890985749747,0.25594672822052444
89,0.022359070778690593,0.01540753722093946,0.018935854628658544,0.019085018783825403,0.022983041410196692,0.03614793575996811,0.012689454286590518,0.020744270308940327,0.01505639457890906,0.016132555566351625,0.033779106979311746,0.017669174390626652,0.028715939621607012,0.032857452751298366,0.022983070124791394,0.019643270792225165,0.02045169280728576,0.011857878112397802,0.03303685410107693,0.03696265898189577,0.021342815752332878,0.023730592793934635,0.021504112832664846,0.012227750374656843,0.02122753329130911,0.031070645886809967,0.03575510051723252,0.01698417949905584,0.017437581290279835,0.014986156472084455,0.057516864810640334,0.020730646017786625,0.02575034875935245,0.02372724090785483,0.022241749941519062,0.021537438804517528,0.026922027967810735,0.024482496827314737,0.011664974248094095,0.02346094881342875,0.020545031536779335,0.024472953728452596,0.04524801796601463,0.025699529725800696,0.6833381198343015,0.6168630250185405,0.35829113661322565,0.6834283495798372,0.32096267490240393,0.3261141759712174,0.06696880088567003,0.12476327739697146,0.046905883707088813,0.08069922842874067,0.04929030053390193,0.10008813609149703,0.054943956759253454,0.0938677420061318,0.08076165303789273,0.05349150667194946,0.09785724678720809,0.05546927455919304,0.061252784466786836,0.0647332524814509,0.058366498571555625,0.06131810315699915,0.053333543750772816,0.08597013456783209,0.06358760472291325,0.04816144099115516,0.048544258895894754,0.05905084222278345,0.12332931983361506,0.08016791725565264,0.076838336508943,0.10278261998909688,0.05423726971646725,0.06386447457755706,0.052820096544319406,0.08176461784863953,0.06206971654049842,0.04397760585077837,0.09810343615478512,0.04939263058348575,0.14055314064721602,0.044299758368638975,0.0756815679569719,0.0679349669980498,0.05438777755169355,0.12049128542025189,0.035807769737482675,0.09679589204557326,0.07555545659259988,0.09953403229865132,0.14076739421398943,0.0433071357049879,0.07285556630613776,0.1349274524682076,0.05999554439522492,0.09374310220825166,0.469089644907267,0.5363854015424454,0.3578852624306118,0.515578137565109,0.4288727362542759,0.4618259902493922,0.6782885506486118,0.6110690701904506,0.32880440803179656,0.47503048692668204,0.4717928595321671,0.4342231241234634,0.5520002007652676,0.4233277623870705,0.5280903772606945,0.47775668277543504,0.366864385396267,0.49326656447959893,0.5191937618749871,0.45040070930056453,0.586255209594039,0.4870293244453926,0.29542226204113486,0.7642266926968624,0.6001086095375306,0.7086386330598984,0.5816725368378484,0.37131976678299294,0.38778839790775055,0.4696355945560977,0.4828103148112106,0.39699315520505885,0.5681251576223865,0.5319198733438636,0.5802501898089676,0.4567136019702571,0.6300906258840043,0.4283680903722167,0.3749404245877439,0.5219326972863468,0.4164097691353039,0.5097208737399229,0.34264930867915044,0.5795747691287034,0.5,0.540255541105547,0.3249230315026199,0.39977769925032225,0.4357834276956132,0.5653099830852928,0.061997149781174654,0.023122787106985232,0.03541045101761675,0.042317093702691544,0.04672023983392448,0.04144605023372927,0.04904227355996138,0.018991821264446984,0.036334597355029974,0.03469175173159056,0.03704867533518952,0.043348289796157013,0.046747504697552844,0.04054661729798581,0.038825199850449965,0.0636413875046572,0.047186103498832566,0.04464531140828576,0.07711679146268724,0.07523251524737551,0.06714439727921528,0.02348234163653562,0.08012293446881247,0.03591375423804033,0.05100373052907259,0.04183180191616098,0.05770636186037392,0.11221559469782905,0.0681834507564778,0.02921748939803659,0.05971214833432259,0.07529513204627669,0.06185127979881133,0.053815189878052117,0.03709357682379599,0.036228203400342385,0.09072471236804458,0.041066323952865025,0.04179695315663523,0.4276382779677508,0.3097867902101915,0.051062229384953306,0.09571223914423765,0.04081485754411407,0.026417644942573593,0.46595111910759257,0.6833381198343015,0.06559763465730784,0.34722276920987527,0.5609875720203605,0.03773969931504839,0.03153623585624088,0.0714201206748557,0.03759190320011041,0.03133242859720076,0.029413533929614544,0.029457689044356195,0.03901063049002318,0.02790201551770677,0.05927016098689253,0.04445192273547083,0.03419380605259181,0.024526994945151426,0.029228553885695563,0.037630198662832126,0.078068045914918,0.01722743445108621,0.027811271367951917,0.030109802838567012,0.09124671549865293,0.039786739344921385,0.03395273617374339,0.01958213191965852,0.022002519939565812,0.02951481934107536,0.03768915132746464,0.04792768642804324,0.04788818962431041,0.04621962848633532,0.024682321212920466,0.03288120152557694,0.03945350711119322,0.031490221789843065,0.03017654601678399,0.041338956724338516,0.03558762802925963,0.025576279536027258,0.03475130996188913,0.07053379887955424,0.045876660265990465,0.031114317302920136,0.028007885413198208,0.03408231379392823,0.022967000162079754,0.03884897830484457,0.03070512083621535,0.060386018270024766,0.05110385476243329,0.019426198618330837,0.03607611188096915,0.10027666077206854,0.10625264970274684,0.12693006866293177,0.07653432362016521,0.1012422585526771,0.07439774419084044,0.12801872576587625,0.08942428180647177,0.11039943275952102,0.06675365037701364,0.06064444032126559,0.03974226171822792,0.03269579982831461,0.12726696394950354,0.06381324037248048,0.11280432311073685,0.07877069233053391,0.04659165298160273,0.059913033471329924,0.06866459164235772,0.08581322955417225,0.057193766755608944,0.045557724496764984,0.05759748028382283,0.06480412518837786,0.048043161498696585,0.11553889564106379,0.05318038441562112,0.06292247290373931,0.0505045162627904,0.06907021288562376,0.04752794433072971,0.06851722626793144,0.11740948698605502,0.17962038560361182,0.053988371035434746,0.05121521059728973,0.05172353292928078,0.05228428248043637,0.06496845174563903,0.057884865209844594,0.1075149856486487,0.0718433496150459,0.0514998201453829,0.07865929217856027,0.060438550929393764,0.1017881448849487,0.09252344111535615,0.041528629783291304,0.058046912817556584,0.3486713235290555,0.32001102924919067,0.21476568337088864,0.328774908138571,0.11699191571809908,0.1284735151012103,0.26774817713968513,0.2584995937673725,0.25036188027999307,0.25893859944652775,0.17403138927136053,0.25465414432690525,0.23770928983800466,0.16492035426569918,0.08653476472818655,0.28603483067958313,0.235897051012113,0.16742747932095292,0.2977000652069226,0.26402838352801616,0.25320105593537956,0.16897029738616276,0.21651230827836898,0.09255209695354161,0.23119171464808197,0.17001977525986134,0.13419145870840066,0.026417644942573593,0.04550354899111819,0.05786998198421622,0.04179382337367776,0.04081485754411407,0.06831107854744844,0.03521670482774697,0.6129702405059343,0.26787191451972814,0.18257828021551759,0.25409848720190353,0.5083486223133373,0.3711315215368213,0.038198271624236946,0.4157353475484492,0.03782746059244435,0.34722276920987527,0.6609694037288965,0.27733728839585636,0.22488764425347674,0.028648320709636077,0.09571223914423765,0.46595111910759257,0.030034346806628864,0.04503776811995852,0.0374558096191524,0.017336152955553463,0.029279881671978703,0.031043910946765396,0.036461249149136954,0.019688577035985366,0.02950941153834974,0.03933227574722897,0.02774517337016602,0.0722435569904939,0.042771702302141335,0.025110450602060963,0.024148259839174235,0.032973537277659726,0.02725758975702719,0.031785669689367246,0.05993412109323237,0.03410278534321365,0.019717452926189982,0.01535514366708457,0.055255980700379737,0.027213402495179895,0.048815336808754495,0.04020275146887209,0.05151367775693938,0.05099477984426026,0.01825658439033584,0.030603489347296176,0.020330748206753624,0.027301207793872795,0.05523727639972176,0.020082009122162958,0.018013539987612903,0.03256745202296574,0.0352464249227733,0.02615632141729829,0.023653989126193764,0.04320110443727321,0.04712324107485788,0.028632919785946287,0.017076928021204196,0.019507209440056683,0.06837177868155409,0.02825783060842113,0.018939807298704703,0.019271686818119305,0.029809007756120387,0.041941796797291486,0.2790126425973759,0.3646239837192973,0.18777783449194463,0.306785368303949,0.20914103837311693,0.24195071825537762,0.24377115378224656,0.1623435886735457,0.33582860423642225,0.3136748030453047,0.14936823001113064,0.29622236845709893,0.39519216481044694,0.1378347324320256,0.12674503624578515,0.2545783829705095,0.22722463955772376,0.3683521753053657,0.23731638841111302,0.24190344401613595,0.2981356545259426,0.33544458304232416,0.28158067272887766,0.12888824492647988,0.21664524726130607,0.15756911620298608,0.12037313361328339,0.21327186537961473,0.3600699930235872,0.21330972638062684,0.2784211329618802,0.1628039853301193,0.3060413394348058,0.37739843143849516,0.39749326371772853,0.22907063031009123,0.24021640666697286,0.26541596275943347,0.2117800535708858,0.3134315961180034,0.26470902110265104,0.17340218942783403,0.38763739960344856,0.18392864530784647,0.39421581622117075,0.161817762954667,0.19173504175843825,0.35055854904784056,0.21173906747386306,0.26549763244042524,0.5756914118521312,0.40809487871958205,0.35785762057191894,0.4953837838000512,0.40768169603989546,0.6124941733336258,0.5316242115345002,0.5243224398032875,0.4969179897836079,0.4222842547171377,0.6116899635699439,0.4442088161889147,0.6139064806906275,0.6492967865097954,0.5023892642614818,0.4751637781893838,0.41503187369484884,0.5174132521118895,0.5600902383369409,0.5381798753331475,0.49744904941453816,0.4361707839303657,0.48980969514519246,0.3807441019727267,0.4096055533674343,0.5080317642728746,0.40500488595486583,0.5093005667677255,0.4335427112566119,0.5780380520008581,0.3422109016371271,0.7944851877948025,0.4930332315407523,0.5586902103425526,0.4855314199653822,0.5614704163013231,0.050414205605546214,0.06559763465730784,0.6609694037288965,0.5758479116004712,0.6833381198343015,0.45645065233942717,0.1706088434609021,0.25940935130032394,0.04550354899111819,0.48520930803870654,0.5373674811564351,0.2688765859015534,0.12517295652394989,0.25409848720190353
90,0.021513574946313674,0.014938113316544488,0.01777368585248229,0.01838412834497083,0.022144754840601966,0.03395889913128636,0.012131106198129848,0.02026681508883066,0.01342711674479935,0.015577520493376351,0.03187304241290578,0.01705585854965641,0.027661768096970185,0.03208711083499427,0.022226055219474516,0.018749171091675065,0.01936746924728261,0.011171017595967836,0.032010867779658,0.035127455135608554,0.02033962292348246,0.023097769218422326,0.021043350623147217,0.011526730790073714,0.020460331184187663,0.028654175747599875,0.03489600184843378,0.016328605785213557,0.016761490995132022,0.014527180448577814,0.054874858294111206,0.019865707450904768,0.024725292871903837,0.023132140303639193,0.021220731059349296,0.02062226626501429,0.02636660229658394,0.0233625625676942,0.011205335117801307,0.02265148979504139,0.019632630487998237,0.023958471918819058,0.04394883410969708,0.02480930936410697,0.683340153163881,0.6167180772196896,0.357073972904727,0.6835120517219226,0.3188136460191048,0.3240824487505778,0.06660607570832577,0.124551598012836,0.04668256106389601,0.08062927890928573,0.04899011598431546,0.09991315122188171,0.05459975606676537,0.09377853772423972,0.0806608091372516,0.05331046516450921,0.09775019854470157,0.05527519467240005,0.0610990318432596,0.06439376454150325,0.05813860289150752,0.061207545631894233,0.05301577981092098,0.08565457450172664,0.0632740089865671,0.04782296888386117,0.048177820138595506,0.05880712081277206,0.1232728186433476,0.07995878521186084,0.0763409639017083,0.10222424545933073,0.053991516070895806,0.06351252055391121,0.052383340679705515,0.08140406839654246,0.061791654142160146,0.04379165710791,0.09723385954909203,0.04903918746123537,0.14030924822464896,0.04414142310193292,0.07518895158098593,0.06759220200858174,0.05382700183384137,0.12008661721972846,0.03565637782917619,0.0965549785531925,0.07537761133878995,0.09938684076374404,0.1400193532908225,0.04307703171469057,0.07276878916889595,0.13428358065050283,0.05952854299673227,0.09360882874987553,0.46915755651503244,0.5364738981222437,0.35770517060744034,0.5151220167433015,0.4289774547451496,0.46189323174748975,0.6782192139615928,0.6111018674342051,0.32876811579532816,0.47501591426510614,0.47170768613479064,0.4341542698787868,0.5519877464049248,0.4232862135939134,0.5278145709767832,0.47782900993737787,0.3667930495830396,0.49327091391338473,0.5193208157973073,0.4504729692404644,0.5863937197202269,0.48709510656280064,0.2954061800091411,0.7642899483606643,0.6001333960590518,0.7087826587392316,0.5817667552756409,0.37135491487299255,0.38764065711194107,0.46971596504529267,0.4827796744540801,0.39660453016372577,0.5682328610294443,0.5320398998664337,0.5803240369095672,0.4567876175786032,0.6299375570140465,0.42827212382348767,0.37481518846937456,0.5218703563152657,0.4164502985455367,0.5097533353744471,0.34254945043263985,0.5795091467281759,0.5,0.5403079191854695,0.32496806048045845,0.39956319525101613,0.4358511231505363,0.5654328894209937,0.06145053446182536,0.022555118823817333,0.0349683393161867,0.041458423401873,0.04599793450191214,0.04111002804716524,0.048487190013297266,0.018389364739137548,0.035992676288124636,0.03385617963025489,0.03667561108239048,0.042957557739618735,0.046168584490945075,0.03984463841080588,0.03831308285833068,0.06334804931973992,0.046627560188854056,0.04359015801190369,0.07601158511157946,0.07473385436133029,0.06671905249525001,0.02287178520930344,0.07895432296950267,0.035367819248846244,0.05003662204154968,0.0411982341286411,0.056796881242594965,0.11151664139145179,0.06728538508540982,0.028917887831961808,0.05898167295177714,0.0748327897075527,0.06034630709617672,0.05293709240879729,0.03669104333243456,0.035579058251291595,0.09015285757311231,0.04040949920484149,0.0408403691539978,0.4268225970671323,0.30859070317627535,0.04835185793123453,0.09398647961343232,0.03920626263459592,0.02511190335377811,0.46462708006486464,0.683340153163881,0.06359307891761323,0.34488941420778185,0.5606466051901312,0.03706865542170357,0.03078520728507894,0.07077061841987109,0.03719112966721072,0.030783346770632436,0.028736547958650993,0.02889725023621026,0.03842082766957733,0.027263878582769352,0.058165905842094356,0.04394440275544498,0.03350148259645558,0.023938692855111077,0.028665114350308274,0.037155846783793245,0.07685681952523493,0.01684373071098122,0.027367347581469526,0.02945279955470903,0.09027100245552788,0.039100736983171624,0.0333183735758541,0.019189202234310865,0.02157115960694822,0.02886339770013069,0.03706723480329721,0.04704568505650819,0.04639833264697735,0.04579944155870874,0.02400267854270366,0.03249942538382622,0.03867340908023953,0.030910831499618596,0.02964625349754124,0.04070037489868117,0.035221294557234106,0.024997134503683238,0.034055965828222234,0.06943795507958606,0.0450257529755419,0.030526977291048807,0.026971913392652036,0.03357239834944237,0.022487632013035164,0.0383354173052729,0.030099764822561825,0.05903782801892943,0.050220000011625965,0.018881908254111957,0.03529986681095321,0.09990741967814154,0.10572133732558597,0.12647663981349266,0.07622638591906838,0.10085202497687107,0.07425253949788779,0.12768445523041405,0.08934604924007261,0.11008908310616439,0.06663387534127507,0.060483081887195866,0.03930208135762392,0.032485791516664086,0.12705738476622408,0.06354365399448159,0.11260016270571449,0.0784429892557521,0.04643623356056337,0.059750251939524435,0.06780622157547134,0.08566512948967098,0.057028567861935886,0.04541600737307261,0.05745235850331776,0.06419254099892024,0.04787427905999864,0.11541442907642041,0.052900818933833915,0.06280721086931373,0.05014391985957256,0.06886447524938288,0.04716047901666809,0.06835440661869197,0.11737550895295079,0.1789723594197018,0.05373214470687393,0.051015178178091425,0.05143689296376541,0.051954777372267835,0.06481291493593877,0.05771896982327951,0.10724439045226908,0.07165914725997025,0.050908998162951025,0.07824977429029312,0.05985368109580613,0.1012956423774991,0.09241094856699439,0.04113593617507305,0.057912010942418046,0.3482860124013596,0.31988788814702984,0.2145803027591704,0.3282439221921565,0.11676922626207986,0.12832634023676626,0.26736443575795443,0.25839552688709044,0.2502137542858984,0.25887726164101643,0.1736221717051859,0.2543428626441505,0.23752926889333636,0.16459893567946537,0.08640950196768515,0.2857124140123798,0.235853112013928,0.16711744952128638,0.29749459558779534,0.26366811272808344,0.2529007127736559,0.16837784513363263,0.21632967050223928,0.0920611171878084,0.23087384067648475,0.16956512720718353,0.13389934806276627,0.02511190335377811,0.04450337512978242,0.05473898462891735,0.040600831530205994,0.03920626263459592,0.0662100581652667,0.03431373098148238,0.6128812148715823,0.2659146430050965,0.1804898167386868,0.25077549695547097,0.5068736199812236,0.3711808583273889,0.03682208011933075,0.4135262590959563,0.03676929058295342,0.34488941420778185,0.661082486973936,0.2764262886038752,0.2227383950194437,0.027137369126232547,0.09398647961343232,0.46462708006486464,0.02925246247392732,0.04407480109211381,0.03600719782383521,0.01653288615158721,0.028178985475242446,0.03026504490418236,0.0358626119300518,0.018981088825870795,0.02834846851126893,0.037691427430262436,0.0268644551092595,0.07079371735962903,0.041692599854692314,0.02436949389399412,0.02290387819010642,0.03191027905904453,0.02603615716979446,0.03073290855187305,0.05759590989606678,0.03330448219940074,0.018758237541760092,0.014771838620452171,0.054205056335449364,0.026476129154937578,0.04757059099370797,0.03826870529263304,0.049737519392864415,0.04936560323352446,0.01729376249794634,0.029671108761463283,0.01959560490960277,0.02605609142037868,0.053780212096223745,0.019022501319282736,0.01734868458256056,0.031227836046720414,0.03386052970765041,0.025298751773031536,0.022732757713636476,0.04025261876053976,0.04497782605092926,0.026447771871137227,0.016410702778690167,0.01876372255917491,0.06740455533962086,0.027262398086379425,0.018319823187208595,0.018353479784469884,0.02875714446933131,0.039941980981151315,0.278567227450369,0.3645215043543607,0.18686499989228267,0.3067332461048158,0.20852317213991578,0.24095055065857074,0.24312467673382587,0.16219259609500125,0.3356043506955324,0.313233528720157,0.1490243288437797,0.2961565857366055,0.3950304842496324,0.13749122637368671,0.1266156270148744,0.2542242745468082,0.22690369431263357,0.36820801115132795,0.23710744944603745,0.24155153465006673,0.2978798949536485,0.3353269282415847,0.28158267358128364,0.12848698619825605,0.21640001837200296,0.15722140540803498,0.11992138458155,0.21290239655678134,0.359991624535001,0.2131462850917767,0.27817477922070344,0.162271169534683,0.3057896297734455,0.37686401204672126,0.3971634538817662,0.22850936060388272,0.23973166265115642,0.26517717677537134,0.2117322303169289,0.3133576323434598,0.2639240518356565,0.17249362510249366,0.3872226828552314,0.18340423361525893,0.3940955333343339,0.16136576825247861,0.1908608121385692,0.3505152981507411,0.2113406967067758,0.26546062529646364,0.5758827978633603,0.40815859988231207,0.35783739257554326,0.4952964244454703,0.4075274230707078,0.612610334082059,0.5318112254334625,0.5244651601453821,0.4969287476875086,0.4222530775101394,0.6118274560312313,0.4442077299824817,0.614057482118392,0.6493483525026222,0.5025291489575185,0.47407905495386105,0.4149091580320595,0.5172464980597605,0.560130741367564,0.5383396916346401,0.497542443623055,0.43631071950485023,0.4899082255466092,0.3803151517196941,0.4096528800535052,0.5079705057482093,0.40497863565491454,0.509354568823822,0.4334648734478076,0.5782082307615354,0.3422234356205889,0.7945678273517582,0.49297405776851966,0.5587522987219593,0.4854948021220694,0.5614435427834255,0.048574207247683465,0.06359307891761323,0.661082486973936,0.575497265918129,0.683340153163881,0.4538388978020752,0.16834499253119406,0.2566157002815421,0.04450337512978242,0.48514871580043817,0.5362214669612158,0.26664785122666945,0.12243026793839262,0.25077549695547097
91,0.020956398214667105,0.014069216709088561,0.016623639476430974,0.017702733917193902,0.021699378780803302,0.032658789818143075,0.011688994729462499,0.01982249057904195,0.012898612278015698,0.01504830226617948,0.0303614164682654,0.016487549909013022,0.026623391311007327,0.03160325599668101,0.021752859735233887,0.017984401633642233,0.018351707016704633,0.010769618142957849,0.03079994191719071,0.033903733299519234,0.017912479907670753,0.022433899269479585,0.020625425631149663,0.011128975254275697,0.02020232428383173,0.02779530972140465,0.03413645286613687,0.015807703543166296,0.016195468174790784,0.01406504494117966,0.051991306060999776,0.018768234388348848,0.024222988548474378,0.022421908166142868,0.020438268871445398,0.020144700649246006,0.025690088068130668,0.021976974559301476,0.010926962180285882,0.021757573884174652,0.018725515662874614,0.023482714283584394,0.042204183854172794,0.02434516987488977,0.6832000205399313,0.6163374496875331,0.35535879446748264,0.6834770392040606,0.316367440240496,0.3213870345300357,0.066463651913379,0.12435943150925222,0.04649670603879208,0.08050600727443169,0.04877385614842811,0.09966560920308964,0.05434820668219109,0.09368493811501788,0.08059830593080086,0.05310784035120264,0.09764804850020714,0.055158029325040325,0.061009768465577485,0.06407426896711532,0.05783404619527788,0.06114807389217525,0.05275793613317825,0.08547544472027147,0.06289173654347313,0.04749587543925793,0.047819948724230565,0.058641989485679336,0.12315304390745074,0.07972108286131174,0.07580290650195842,0.10147515941391205,0.05373968037353527,0.06321551094426758,0.052119766490534736,0.08127077397520721,0.06153702220111035,0.04366932465479578,0.09656039086991075,0.048795583863407765,0.14001077886932678,0.044024033080119485,0.07456893149900667,0.06724098929899547,0.0535175885453516,0.11961283168144932,0.03558081391247736,0.09638244197013313,0.07515791791934667,0.09897045127402071,0.13926099387442448,0.04293132664188859,0.07264252991624642,0.13361957799570412,0.05924827761383433,0.0934670838959949,0.4689654857719837,0.5364453835313931,0.357257105462346,0.5147005700339414,0.4289046953699738,0.46184419632962503,0.6778464348284953,0.6110688584196584,0.32856321010652856,0.4748325137652264,0.4715534722000543,0.4339360203707384,0.5515894262829267,0.42305783740249203,0.5272824116123239,0.4777238526415297,0.3667146886744672,0.49283988931045375,0.5193357593063666,0.45039288841370717,0.5863679251829554,0.4869936236343242,0.29531865014037273,0.7642705784160887,0.5997840996631338,0.708830781495482,0.581701444880278,0.37129407450867724,0.38733456637224184,0.4697175835675875,0.48235223717704445,0.39585470521797506,0.5681882775202035,0.5320351648153453,0.5802038157322575,0.45676474986693805,0.629474658481939,0.4281253324187395,0.3745561965973102,0.521665661763312,0.4163368583809314,0.5095814551558547,0.34237291857082985,0.5791302028253003,0.5,0.5401691101473616,0.32483811052909994,0.3991203389565853,0.43581441598837956,0.5654288789293561,0.060694611195824866,0.022181605816548933,0.034457480244840855,0.040571230098589095,0.045263997558634195,0.04078150210835041,0.04812607131537172,0.018076985232838183,0.0355200262578782,0.033380615415027126,0.03625873274165037,0.04264501683470079,0.04578260169556503,0.03918188452719862,0.03791979817053859,0.06295282230168042,0.046089913991285814,0.04264862133506808,0.07545108707762549,0.07423940177143129,0.06620691421545821,0.022152672750243685,0.07763388086610468,0.03453911049882796,0.04904189528577896,0.04066049631247859,0.05557533366260026,0.11037456727407602,0.06642147207603322,0.0286308112146908,0.05851031029028375,0.07456240950482806,0.05930070711356361,0.05146905859656414,0.03639468662787404,0.03507380267293969,0.0895093927295526,0.039698768337402934,0.039946799151465595,0.4258374126805633,0.3043124557928245,0.04623250409146573,0.09177576538002863,0.03692973550218537,0.024197200515023276,0.46338297360652714,0.6832000205399313,0.06148366355183399,0.34170826957285727,0.559710275696753,0.036679921934522186,0.030229886214123147,0.07011238361292327,0.03681977063653519,0.03064330379472091,0.027992941380781455,0.028293992460325157,0.038118849734674165,0.026653746541801637,0.05743280834408093,0.043443081019002405,0.033096797071448636,0.023648147967796684,0.028140842345581785,0.03681626677352012,0.0761398005602264,0.016445227686220365,0.02701982227937727,0.028982154689729422,0.08948275155621499,0.0387181497810517,0.032899557389296286,0.01902271274702627,0.021294676045315097,0.028054039322477076,0.036659114136925686,0.04621640960212625,0.04573000986034648,0.04514295877466945,0.02359881365702654,0.03204033591644306,0.0377371947201216,0.03054865836425913,0.0291553778827619,0.03991410222992353,0.03475180755274798,0.024747362139724505,0.03357160214419841,0.06675567106235769,0.044200608207866754,0.030130190048875294,0.026475742850768147,0.03318238808284968,0.022165896653954853,0.03811014810305868,0.029372573953230785,0.0579420351626877,0.04949406014902946,0.018486526032585382,0.034634440513495846,0.09942491134845721,0.10521972663077228,0.126118063975036,0.07593503254039347,0.10051365043710792,0.07399537059336925,0.12743034623650185,0.0892310168682301,0.10980988178272322,0.06639258660758929,0.060360099880573004,0.03902827492038119,0.03235761050345198,0.12659771029966693,0.06316940450310038,0.11237714663433207,0.07823303007234605,0.04621954546768059,0.059622030102750134,0.06696998924981934,0.0855633431661027,0.05686169166566002,0.04533202484404564,0.05722488101959433,0.06371699954405363,0.04757551740574517,0.11507290540668946,0.052748390524714917,0.06269045463690981,0.04975393403378503,0.0687271534768723,0.04680606678275989,0.06815225108598777,0.11728256223328559,0.17776484837727402,0.053584877332346625,0.05079341355693212,0.0512000535511844,0.05170897425901122,0.06464406103439313,0.057615542322851265,0.10702981116793919,0.07129543499114166,0.0506590703379427,0.07771391005135397,0.05964835463886231,0.10083009880104132,0.09229828313632149,0.04090910853659724,0.05774206642036228,0.3476955511188775,0.3195657408426794,0.214389934515958,0.3273325251720949,0.1164457648525512,0.12820331613141667,0.2665387339624987,0.2580024033564634,0.24994776624860948,0.2587276069758,0.173218980491055,0.25401530786456883,0.23709554306508462,0.16443021360275178,0.08628541175732796,0.28552898008939875,0.23581028661887915,0.1667828031903661,0.2970945986483249,0.2634071904167926,0.2525155453139155,0.16813986264511294,0.21612809739688543,0.09173408523486215,0.23054669954461082,0.16933891384239252,0.1335959060767391,0.024197200515023276,0.042897287396996164,0.05252059665465303,0.03991258628666183,0.03692973550218537,0.06458208709389068,0.0335916355995064,0.6126567158345432,0.262143866357349,0.1776315055128338,0.24930700519154692,0.5048690923038355,0.3711078437311913,0.0350720759288039,0.41032198067892545,0.036016968051855947,0.34170826957285727,0.6610550564067029,0.27550015258617233,0.22013161868379194,0.026182132668424618,0.09177576538002863,0.46338297360652714,0.028757982305503194,0.04329383507537332,0.035076403802318024,0.016047472689834752,0.02731679503199025,0.029595326769517483,0.035294522818318796,0.018375812036196315,0.027616290984606717,0.03649828012463785,0.02573885940059939,0.06976286361268291,0.040427108954850244,0.023649648258391776,0.022118550137635085,0.03139397025539992,0.025180939457175144,0.02984585308576171,0.05653899449468014,0.03276501333961712,0.018047617322731413,0.014221022802991201,0.05271843185033731,0.026001739604456398,0.04642147795903906,0.03663983826197592,0.04850790794901294,0.04833761879746479,0.01685051986272501,0.028661086934803737,0.01901850114932746,0.025258213454562473,0.052727836912488835,0.018114195535161026,0.01670810195526884,0.030512367052576428,0.03232700649123932,0.024685089779883707,0.02184211041788031,0.03862917850702208,0.04221275490004761,0.02552225575750966,0.01579783077297836,0.0181985377715157,0.06635664250762319,0.026469841553610318,0.017822455965672224,0.017389903683788677,0.02786523437544497,0.03880586364564187,0.27759725565219207,0.36440528635047176,0.18636826283277808,0.3065371471936442,0.20806569408578957,0.24039215529038582,0.24259595632340913,0.16196916531573358,0.3354569572607613,0.31281676361302246,0.14837447339276166,0.2960328715757091,0.3949031305980153,0.13715621335539807,0.12642301764177466,0.25371112760508296,0.22660449299391838,0.36802739332683576,0.2367449817206435,0.2412762150961585,0.2976183238914428,0.3350743886034173,0.2814167360683152,0.12793555485817043,0.2160771708538074,0.15699783950917812,0.11946881233359896,0.21246826356638038,0.3597271193768439,0.21275914717231836,0.2778809165623024,0.16148647081193768,0.30540592277773926,0.37614778812461225,0.39667839655578596,0.22716366865590432,0.23926981199730724,0.2648265379648813,0.2116281174084299,0.31318718331865325,0.2632197864927296,0.17206078938433234,0.3869213914355756,0.1830702183883336,0.3937999203215653,0.1609946294833704,0.1904199681936144,0.3503963907097404,0.210829345080635,0.26536072668639854,0.5759585140932122,0.40804560267037304,0.35761456334050123,0.495223492823443,0.4071462394290173,0.6125994087380668,0.5318963909715964,0.5243488948436812,0.4967729000558405,0.4221340881471307,0.6117590087459459,0.44403599447055253,0.6141153694326779,0.6491521465483734,0.5026001927875232,0.47323566800476424,0.4144815533565951,0.51694713903592,0.5598651209963985,0.5384112122742006,0.4974163798969634,0.43634356390047946,0.4898954775562344,0.3796816676044892,0.4095177702094466,0.507711430624506,0.40479946425072244,0.5092746555462868,0.4330724666652809,0.578289665641826,0.3420741863548551,0.7944277782941258,0.4927777534668788,0.5587385853137866,0.4854095261141259,0.5610350014018237,0.04686309473355221,0.06148366355183399,0.6610550564067029,0.5750929809162016,0.6832000205399313,0.44920405710727196,0.16552356198063378,0.25378993300113906,0.042897287396996164,0.48453952206096984,0.5350858443598565,0.2644584412043407,0.11992390377855833,0.24930700519154692
92,0.020248725959696956,0.013659245414199606,0.01608098570616423,0.01705659161239159,0.020886707443576458,0.03149408878645921,0.011289259310887867,0.019120267861013396,0.012391865185103601,0.014655739442947624,0.029611282213010237,0.015950558704901474,0.025752756437057545,0.03001657104175781,0.02108266894549593,0.017318232903090647,0.01774095407729548,0.01035400523127561,0.029952750753104218,0.03267213120034729,0.017530938838609122,0.021824398677418366,0.02013729493547689,0.010785849046617058,0.01952656866312774,0.026889702816146777,0.03255897039431532,0.015258187560788783,0.01581465666210835,0.013517237818124195,0.05080795256103676,0.01809775265081104,0.0221011798038534,0.02177438039852897,0.019797987606322898,0.01956553403433514,0.024937320152783715,0.021421379850803612,0.010474154320362583,0.021029731303781385,0.01830404445529188,0.022806218667686173,0.04082710307480175,0.023282845957433684,0.6826622488025085,0.6160689211253874,0.35240079952511816,0.6844511574363563,0.3109256943754335,0.31740173656513526,0.06505254660255855,0.12373204086552603,0.046046345237775066,0.0805105008252075,0.04843747506741791,0.0990201493815056,0.053010128295174486,0.09357247720566575,0.08020685427076701,0.05282271491344581,0.0970320199822361,0.05467050420510189,0.060553595901923774,0.06313441321374436,0.057385949853500096,0.060799112616466644,0.05219182427076752,0.08445549685757492,0.062018266481998596,0.04712995792325425,0.0469600754642725,0.058434016137829725,0.1228412978809319,0.07911911629262247,0.07425956339704687,0.099888009686121,0.05335611836390375,0.062436640139640454,0.05150910317271673,0.08006759815165743,0.060684516688039314,0.043061259395552165,0.09492675268009543,0.04801460185951745,0.13889063480142116,0.043651210334558765,0.07412279210411321,0.06653374335683004,0.05234892401257629,0.11797242242834904,0.035296539202253174,0.09549962420094094,0.0745034733355816,0.09888539411419761,0.13831871255007055,0.04237164853488462,0.07231776867631134,0.13247686645849321,0.05873723750923188,0.092994652982621,0.4688618707609661,0.5371220813063892,0.3572638369337877,0.5144512288481351,0.4293630558431557,0.4623491463330398,0.6781360789679562,0.6108824424834337,0.32838891533704095,0.47452988086353376,0.47204771096258535,0.43405515400598005,0.5521480871701063,0.42313869990600084,0.5271172642498873,0.4783056368317694,0.3665819439659479,0.4935121532832464,0.5202895516361059,0.45089403700901975,0.5872566813093801,0.4872047502569462,0.2953360331212669,0.7648357210276505,0.5997753519639675,0.7099403167249901,0.5823941971995054,0.37181449957187374,0.387106160826166,0.47049314981358137,0.48213471214423687,0.39364943988702006,0.5689517078783992,0.5329634214969312,0.5807261353580448,0.45707095576548895,0.6291674138510214,0.4276376619769887,0.37456679418344807,0.5206748222918565,0.4166475038611529,0.5101596414118174,0.3425152658342133,0.5785076938508275,0.5,0.5411860277148819,0.32548572327008285,0.39730960141406535,0.4363411771385044,0.5662463100474509,0.05976074852574631,0.021525847671270526,0.03373125855302006,0.03942460206838372,0.04388093042408592,0.04020202707090803,0.04647903214127036,0.01750500189377724,0.03495738083185029,0.03225501470343606,0.03542991321489308,0.041974041843750864,0.04434905428021263,0.0382596538707175,0.03705858707305931,0.062366246358193766,0.04523453925200671,0.04091689122012465,0.07352330880661906,0.07336439499816338,0.06492458220818265,0.021676495323436296,0.07641749777006279,0.033531462263242884,0.04744853224007306,0.03956917969884688,0.05439769556923657,0.10886801686825709,0.06412069925681163,0.027761832862012392,0.057489795724116055,0.0732924811224075,0.057309932099238625,0.05006418890077324,0.03564083338862156,0.034178359141430414,0.08797512880216718,0.03847900879882604,0.039015560238975566,0.42297034672569556,0.299565500810584,0.04482990155552169,0.08939491628174745,0.035941283199426244,0.023502296589140825,0.4593048777751424,0.6826622488025085,0.060281750835010195,0.3367361252720975,0.5583035606239075,0.03584735704108444,0.029569033073175044,0.06926766537248763,0.03616657490461317,0.030168905179204564,0.027261395576243075,0.027863364410099067,0.03736287762329904,0.025879442849370937,0.055901785691958805,0.042640487769639024,0.03206521634755033,0.023213037817418014,0.02779036044264893,0.03578541655131562,0.07505199998851475,0.016068482156511688,0.026102406894642383,0.02810664501544602,0.08865701756711053,0.0380572601371677,0.032156929769512455,0.018581753706462978,0.02076796686485305,0.027232799715520173,0.03577344169411556,0.045414787280729674,0.04434255835558687,0.04468438307476841,0.023008116992956906,0.031427686065356175,0.03703018568319194,0.02975546262897233,0.0282599692050316,0.0392024867773858,0.034298953961838685,0.023699610810601013,0.03239364852170279,0.06573462268471864,0.043262741790117354,0.02943898998471195,0.02577492040420093,0.0324283025736225,0.021436562441878415,0.03663151608370807,0.028696924202212037,0.057139504704914135,0.04876959098360789,0.017961069805745966,0.03357723620909181,0.09892248748583432,0.10372674874749244,0.12399860502959903,0.07536187584324638,0.09976825009595891,0.07351042533002339,0.12599935412736718,0.08907125757218537,0.10877019332553872,0.06630074699749344,0.05984172929815923,0.03801778243973897,0.032017215029572776,0.12615895094703256,0.062482196570627035,0.11205530124832086,0.07735964033667586,0.04593713289165635,0.05914024588267841,0.06619658213483193,0.08528133775504354,0.05671132667240841,0.0449409973224808,0.05697467015500102,0.0630554199788228,0.04722716564428697,0.11489283887100743,0.05225515398216429,0.062456857133466714,0.04934497772928437,0.06821295381635772,0.046184030423449096,0.06778406412917826,0.11688107840942508,0.17614134648940227,0.05322078380430273,0.050179487705170556,0.05017809646085902,0.050992933162480436,0.0643811268412352,0.05711135953731017,0.10672286584152413,0.07078475974311249,0.04940525010033414,0.07694904263071001,0.059173037972581555,0.09937914769926282,0.09214091401868318,0.04031844097732873,0.057417778550644005,0.3470209936855655,0.3195435064762232,0.21413643247112046,0.3258310313944799,0.11594686205957017,0.12762158259925704,0.26585859151683333,0.2571807291120247,0.249893117806122,0.2588388121131887,0.1724256885279598,0.2532463146472167,0.2371198205418099,0.16277205292453856,0.08609813195427596,0.2849880563444106,0.23601566265638885,0.1654399406353062,0.29622314636915903,0.2620873778455729,0.2511197369825169,0.16741886214923574,0.21529945986793841,0.09113699240873185,0.22966764455176492,0.16846691367455047,0.13306089861181236,0.023502296589140825,0.041993474429756206,0.051153884790337334,0.038602576265637234,0.035941283199426244,0.06289901242849338,0.03237249168029832,0.6126256285980552,0.25803595472860585,0.17450732914772393,0.24441925607738257,0.5005594731883871,0.37177896862556414,0.034487998083688964,0.40708625639523344,0.03470954831898532,0.3367361252720975,0.6620608711408905,0.2738678067563879,0.21697991940885142,0.02543085850777993,0.08939491628174745,0.4593048777751424,0.02791855222200801,0.04216458272377066,0.03428064086878524,0.015706274436941614,0.026551683152236327,0.028859786420784683,0.03443695583582118,0.01779202458047735,0.026882016612036597,0.03569344170204336,0.024931971192915126,0.06766550578112107,0.039659609174010124,0.023017927241262726,0.02136551259946473,0.030746242026041815,0.024706343796243035,0.02915292590319074,0.05423409635072418,0.03216487268188062,0.017504785823477365,0.013883287600992777,0.05142671659138853,0.025178122556829274,0.04494448123592232,0.03551977839338305,0.04698463452756407,0.04642034900171266,0.016358823224348007,0.027904484377499816,0.018489661319779138,0.024645646815499633,0.05153450757900735,0.01747903980915566,0.016100030193033854,0.029532846496499676,0.03141324540605628,0.02390606719101962,0.021270703135237268,0.037589676005496786,0.041438181489230175,0.02464099906194439,0.015435734454286587,0.01765106943668504,0.0652088798392062,0.02598853495897413,0.017329695246081522,0.016894778122435117,0.027419601029533225,0.03694599090091444,0.27665212952114815,0.3640389287091783,0.18413186980165652,0.30593243195419706,0.20657584401453055,0.23833072805826772,0.24026382843945737,0.16157204777660494,0.33415359295907765,0.312071755401103,0.14769005630395093,0.2960047989634077,0.39486359026640583,0.13551210489018806,0.12604054220949967,0.25298098153204207,0.22549260179555464,0.3675532834382105,0.23587789518812918,0.2400934731556641,0.29643624624528575,0.3352830359277219,0.28170214678849004,0.12661947735203272,0.21486471298698784,0.15607470236744692,0.11855867949478716,0.2110598609656532,0.35920910806589557,0.21197422051578296,0.2774049961718452,0.16021463616013853,0.3048001835917946,0.37450666088057893,0.39598128842790403,0.2262162913772181,0.23862651666902124,0.26409985422864035,0.21160135347560205,0.31281757775058705,0.26141924682330764,0.1705960384234606,0.3859102133069373,0.18110687385436275,0.39360929088614993,0.15915413239079035,0.18762942107445624,0.35015233357045217,0.2093249275062331,0.26514417129207146,0.5772961858316953,0.40860827078076634,0.3581218115776732,0.49570855802178326,0.40681872264412067,0.6137349197733031,0.5331729247710213,0.5253255782467355,0.49741909682948326,0.422206617339128,0.6128227780340543,0.44422868059881915,0.6152907289558562,0.6498835408142023,0.5037010513089597,0.46946431072885053,0.41387603528519,0.516534595694033,0.5600054071989121,0.5394165665436161,0.4980957298403432,0.4373916370160672,0.49088282578223785,0.3781427920344752,0.41044045752859604,0.5082742560270346,0.4050165948445995,0.510006206207819,0.43315832212876515,0.5793412582540818,0.342185935824707,0.7950637636790896,0.49297362071420825,0.5595731485479544,0.4859444155130025,0.561439925715024,0.04562682970271337,0.060281750835010195,0.6620608711408905,0.574795853718923,0.6826622488025085,0.44438968838291326,0.16255627311307408,0.247975709415712,0.041993474429756206,0.484114112231499,0.5322303426016706,0.2613156129012053,0.11778351742200976,0.24441925607738257
93,0.019624826086442893,0.013176754172917748,0.015616548713908718,0.015652156437348408,0.020399794495350343,0.030994435323867475,0.01085850530640442,0.018345058473010933,0.01198864996417981,0.014291464696996381,0.027896311631470994,0.015581594127440312,0.02492651449677341,0.028987225454803922,0.020260595181764707,0.016395565537808188,0.01696354838107683,0.009991224821966793,0.029224083459936545,0.03180065810090549,0.01685045588013756,0.02137308289789286,0.019647458218381764,0.010480863622472802,0.01881900405348802,0.025777843634296693,0.031769806252134214,0.014750415598271394,0.015297079052458806,0.013176593784545387,0.04942322338923044,0.017334608177426825,0.02138547235016086,0.02127662055785129,0.019018922620269496,0.018892110737695256,0.023685518961246488,0.02073023370532112,0.010234266041477258,0.01989613576270266,0.017381723440525354,0.02231950230226154,0.03919671530415836,0.022720579404527985,0.6847147768150517,0.6175922578702093,0.35195769389352183,0.6864311518978283,0.30854152514038,0.31504393307929635,0.06438512343510883,0.12352591783871325,0.045860326305559806,0.0807664568879346,0.048251450399929285,0.0989883184969147,0.0527751979353458,0.09387476830384689,0.08025126985812703,0.052859326898888725,0.09733738530809488,0.0545761273971318,0.06064122076161216,0.06279872910650586,0.05723196922486484,0.060880112229741434,0.05211008528909289,0.08443549669501038,0.061678438398693025,0.04697971075714402,0.04643159433822097,0.058355665718976435,0.12320807021505342,0.07900133230300466,0.07342141018851922,0.09940148944503502,0.05339929218368833,0.06202986071849037,0.05108481244278418,0.07980555873900175,0.0602494682033472,0.0430202095214699,0.0941945410563434,0.04753685318919354,0.13843359847727066,0.043714330589594064,0.07345863220660709,0.0661571655285016,0.05154235729722889,0.11735615406826838,0.03526930585293997,0.09545482536643002,0.07436426637323723,0.09884876440604018,0.1374245352581488,0.042286702548998356,0.07227758512444238,0.13271381346062372,0.058518252437297025,0.09306517446688867,0.4703577902231766,0.5391584357181849,0.3584993006278375,0.5152646425261531,0.4312817362363375,0.4640237560835091,0.6797185351678388,0.6127456291783338,0.32931280287061937,0.4757675810083083,0.4734721758164181,0.43531492211014067,0.5536947573256648,0.424509903777453,0.5283610347890609,0.4803765757657772,0.36788444412274,0.49492992416041637,0.5223439123895499,0.45267118282422536,0.5894780566255334,0.48897963510721043,0.29642853742407926,0.7668037074756346,0.6014098269429562,0.7123252214900027,0.5844467125088295,0.37323050029416815,0.3881973675550825,0.47250760914292644,0.48351829054237316,0.39410976315128365,0.5710315816323215,0.5349013371280148,0.5827780578301285,0.45907497558684973,0.6303637111660902,0.42915050660838305,0.3757781705780471,0.5226366214161358,0.41837295428073384,0.512180334820779,0.3436229684718689,0.5803585250393959,0.5019983693900321,0.5432832353224948,0.32686149754552907,0.398113644576934,0.4382569675089739,0.5684965034653382,0.059107613495755884,0.021040242725657188,0.033174836558691245,0.03861324228158147,0.04317795919658585,0.03996710954846816,0.04588034479685532,0.017260418773190178,0.03467592986166779,0.03165803699459713,0.03487994464666644,0.04168017646573141,0.04358542673355492,0.03712973280511078,0.03667026441561472,0.061995963656512165,0.044425379326916925,0.040289415807674867,0.07275117987874735,0.0731962704974155,0.06457334968257877,0.02123205899953373,0.07531543854003775,0.033102591793092606,0.046675853046427074,0.039089908303554854,0.05320803176361477,0.1075316783626643,0.06266802489743784,0.027281902513335954,0.0569548274073437,0.07315332899520333,0.0558364571231007,0.04938718349415172,0.0352344259411107,0.03395949417827604,0.08739075847105737,0.037832300440388655,0.03856442853381914,0.42315632557340166,0.29515908607737085,0.043875801573223905,0.08710355910025736,0.034794394705817355,0.022285214701374345,0.45907182050977846,0.6847147768150517,0.05891290973136376,0.33038194532538157,0.5582337650779174,0.03532861109408236,0.028688921041038706,0.06852849704832076,0.035675724939568165,0.02977505958835802,0.02678413048693673,0.02718768012086714,0.03701119880213266,0.02478128788061218,0.054548466663055906,0.042295436231256756,0.031603115127536774,0.02266535895634736,0.02734759373781992,0.03530050947863961,0.07451060788893349,0.015439882748695455,0.025300219355877895,0.027607852416269396,0.08762858806698604,0.03751767296912489,0.031194892408333508,0.018132939263690417,0.02019401171230406,0.026517923898620288,0.03476276465462891,0.044676533241099436,0.04312006722587558,0.04395076067690007,0.02251226419852803,0.03081758482306718,0.03603076516296455,0.02931683571365673,0.02775386155711157,0.038329837427424684,0.033849086976989295,0.023255596745370033,0.031444265329135246,0.06451742746097666,0.0423957440727869,0.02884475743031445,0.025191277339216,0.03195946870075206,0.02091271059626998,0.036011624646843265,0.028231374813551535,0.056335221256400114,0.04824945657356461,0.01758886337158061,0.03315722981723346,0.09882864004721115,0.10341942301684004,0.12361543208523329,0.0751879266325961,0.09968210543766276,0.07334608672804,0.1258902262989019,0.08937368655027456,0.10866138173498896,0.06650015704646295,0.05986763809120588,0.03768474699521318,0.03184677513450007,0.12621796189057266,0.062330385527558874,0.11230071067688674,0.07714664522884251,0.04593914122862308,0.05921709182080548,0.06557171091869585,0.08546857931436425,0.056734478222505436,0.04504962494603293,0.056864009605582244,0.0621662940862483,0.04695533953040343,0.11517923365400096,0.05212165521059697,0.06265498868080688,0.049193112986378074,0.06831008963594809,0.04578327130037352,0.06769758872040665,0.11724528704200143,0.17535268223591283,0.05322783485474758,0.04993984205676194,0.04997633440428495,0.0507135661674627,0.06454155893774027,0.057145768000859354,0.10680803646138126,0.07065151598534991,0.04911166714462367,0.07666171928679888,0.05900906869562961,0.09908443736761008,0.09247760142854089,0.03994260249749759,0.057499040147769964,0.3481739192722395,0.3207523663813696,0.21510235148468126,0.32644985966434004,0.1160306934695523,0.12756785093872247,0.2667206501742838,0.25788905448544164,0.25074829010434996,0.2597347512309638,0.17233243678207022,0.2533992705954974,0.23776831954471567,0.16288856478850766,0.08615867830463719,0.28594731671555385,0.2370723160712006,0.16562746978373566,0.29708353034926105,0.26295055921590027,0.2514996100032184,0.1677426285476915,0.21609640419078913,0.09099538394056195,0.23038366072251626,0.16848574397515304,0.13301592805844742,0.022285214701374345,0.040760343459137593,0.04989624670626902,0.037518201583472965,0.034794394705817355,0.06128087916178304,0.03147845002352845,0.6139916552002534,0.2505305310508169,0.17147318086527485,0.24205756507580556,0.49979094928754153,0.37357610903733685,0.03331244910627629,0.40292990531772044,0.03385717282169498,0.33038194532538157,0.6643780692347327,0.27405245387471455,0.21481906390936711,0.024592491193094923,0.08710355910025736,0.45907182050977846,0.027582547120869272,0.041498093846419004,0.032945611136243946,0.015160468653366843,0.02589979598425951,0.02821937016281606,0.03340335899054814,0.017233537443247293,0.026126659922020457,0.03494617006019807,0.02409318015410722,0.06639380649441284,0.03889793769254957,0.02237872307081945,0.0208131619689631,0.0299303336170752,0.02373633078709947,0.028406746126525273,0.05195376468132051,0.03175675926753607,0.016910603494834198,0.013479393974929588,0.050256277805942884,0.02478582434298393,0.043975641015248534,0.034604880986329634,0.0447787523756622,0.045106562907600734,0.015736985094103595,0.026805089482305644,0.018267847442515528,0.02416490237112323,0.05063824715354526,0.016730476484522194,0.01571927482831148,0.02867515290439926,0.030246889397412935,0.023071216758386415,0.020884240158773104,0.03633566343154415,0.04079528171805591,0.0237538442098576,0.015020048847803391,0.01717620297111988,0.06387966803630163,0.025236687473281894,0.016885045927421793,0.01640812443376205,0.027055529169805692,0.035794577269240735,0.2770512341060992,0.36496829939052955,0.18379257689870088,0.30705587593297046,0.2065071655387969,0.23881586358633733,0.23909541706685644,0.16185394365114703,0.33487061202290813,0.3128746810065096,0.14791593848901696,0.2974056391473844,0.39630514253921334,0.13524785015932939,0.12598075808281084,0.25354855904950857,0.22545746523398724,0.36873740109950015,0.23643730207875147,0.24068576498316707,0.2969288678588373,0.33665737770209914,0.28274654969552326,0.12662340708296704,0.2151024387601035,0.15654069771408718,0.11834435416988298,0.21107863934990112,0.3602481868278039,0.2119266871028994,0.27789460094839535,0.15999177477911886,0.30568648869503157,0.374794473285082,0.39651861103236496,0.22630928455745636,0.23905615789314416,0.264758290398597,0.21239405074378948,0.31378681672984676,0.26115260522364603,0.17027020244095636,0.3866248490229003,0.18086511083144496,0.3947954474131731,0.15918138031276197,0.18722882462408053,0.3514276185368814,0.2096692484938173,0.2659475449948906,0.5797749736866744,0.41056930116862034,0.3598323072985067,0.4976286967439971,0.4079767576151532,0.6160818710912834,0.5356314427615079,0.5275900280593203,0.4991988845001305,0.4238337685772081,0.615193563674046,0.4460768407055704,0.6177549604759189,0.6521918556324204,0.506034069253274,0.46992172787547937,0.4153618584457943,0.5177478981986346,0.561901204769631,0.5417570786138486,0.5,0.43958926470623694,0.49316620659960764,0.3792819781433501,0.41222194151979075,0.5101438573748178,0.40669228064447227,0.5121497196012964,0.434537479778072,0.5817676885212679,0.3434090580474617,0.7966213061930895,0.494454210829015,0.5618211877878344,0.4879816273084181,0.5631870568273699,0.04460750567206384,0.05891290973136376,0.6643780692347327,0.5763086067201835,0.6847147768150517,0.4393018947549693,0.15966839875901295,0.24555520794165553,0.040760343459137593,0.485536087757966,0.5330378830704319,0.2587865526518127,0.11640264725382432,0.24205756507580556
94,0.018991116724835666,0.012902709747215413,0.015289238007210604,0.015325633011346373,0.01994510017137152,0.030539662418451408,0.010613419371909183,0.017510442082329436,0.011803182261671319,0.013693785400040959,0.027660203963238983,0.015282425061974081,0.024319283523957402,0.028359140285801665,0.01941530928793056,0.016124913059798796,0.01665171162912704,0.009703622963850966,0.028227158643039596,0.03126768147001613,0.016573003033546585,0.020885831689054335,0.017627876186034563,0.010102013217219374,0.018260218698660124,0.025436399505220475,0.03100607415590173,0.014397911841351307,0.014465453102322834,0.012763243378181022,0.04876025618225133,0.017155608348986662,0.020997553732024166,0.02035480459678196,0.018503053428212346,0.018484503038528666,0.02299158665171641,0.01998579211678919,0.009990474894954304,0.019532252529831484,0.016966611983426305,0.021361651915112634,0.038802910118096445,0.02197092022599567,0.6837839689500478,0.6181712588289224,0.34910318224753345,0.6874008955502018,0.3028154775420908,0.31349222380938835,0.06390922973046265,0.12343342490016174,0.045715941845039465,0.08074984632817106,0.04804937230091,0.09869499259444092,0.052270991323955296,0.09381801526464517,0.07989457156529911,0.052807358444201924,0.09704006609075655,0.05409639487153417,0.060286914338301134,0.06242824843448491,0.056828184936666526,0.059884096406896625,0.05156468552405957,0.08441584041434735,0.06129802885541358,0.04669782660759714,0.045783089147919176,0.058023828752717166,0.12336959175849649,0.07874587096113628,0.07244256764180845,0.09867248824796215,0.053208253431276886,0.061519192047467364,0.05049451605435262,0.07924527126608527,0.0598682878595721,0.04246699114098207,0.0937792943649044,0.04721632806821996,0.13825809718226334,0.04355885414809979,0.07256264227281572,0.06552332623798174,0.051178053648863076,0.11710878836978034,0.035099929292660925,0.09520579935340268,0.07387511581511641,0.09857906075756384,0.13683844985480897,0.042037295841193534,0.07181685085130896,0.13279332407946642,0.057819775053338573,0.09291398924830718,0.47082813888982666,0.5398081129181383,0.35885346166783916,0.5147249400638756,0.4321989784064315,0.46448147758436287,0.6802698850780515,0.6128711229636683,0.32915657165414325,0.4761066559357291,0.4739007830869907,0.43494020875305006,0.5541608961729194,0.4249868414584499,0.5286896900206381,0.4813057166995274,0.3681040345943495,0.4958552517439906,0.5228744410480868,0.4534081169295229,0.5903988508002471,0.48927949083329125,0.29658156332307883,0.7672801559858569,0.6019396097264751,0.7134355684921239,0.5852683063971179,0.3738930543428187,0.388571102865223,0.47316384671568046,0.48356089879473174,0.3940016693597578,0.5715761612062588,0.535333174550999,0.5838365131400225,0.45961491315405034,0.6304835976078158,0.42930005783126557,0.37637768704794716,0.523383543423934,0.4184458479663338,0.512929471809616,0.34374057602765007,0.5808689628531708,0.5025356033716284,0.5441612213912295,0.3273925764676483,0.39645743683857837,0.43910393330902975,0.5695684707008702,0.05821281595092154,0.02079360743913916,0.032590442667566055,0.03817316792693548,0.04272685053846503,0.039411693745125986,0.04523851437421089,0.016698575501838397,0.034233502722825326,0.03111648327983252,0.03404992387733563,0.04080435347291411,0.042721331477978075,0.03614540063832272,0.03618011686472833,0.06125447413774554,0.04380539546347495,0.039395362597015704,0.07184342227066798,0.0723349197307307,0.06377811817869383,0.020965039538275554,0.07418831625329658,0.03244820832353723,0.0457618451688524,0.03857334991992134,0.05179000238074638,0.10668017741359714,0.06193151341416925,0.026949424638879838,0.056293578946972844,0.07260062310566684,0.05479043520695459,0.04866766785870591,0.03437060870658004,0.033495581669976016,0.08633309093334451,0.03671460877506838,0.03813232619251172,0.42239512173095517,0.2927509949191096,0.04232937452196828,0.08519892976400978,0.03415566359973543,0.021908549754736883,0.45640812670891173,0.6837839689500478,0.05720060370120705,0.32846952554931574,0.557692083813524,0.03456337252907993,0.028195609950282696,0.0668573580926426,0.035334142234885624,0.029447395455681202,0.026202107118013962,0.026617159476865382,0.03584298811366882,0.024209160245444172,0.05423207068284808,0.04192072701838845,0.030736830867624132,0.021977879580913018,0.02632627537443588,0.03471623524299183,0.07384460166808016,0.014948272735102908,0.024487440874372268,0.027010302387523333,0.08665170566007574,0.03601338743858207,0.030610952885772758,0.017385122087408278,0.019391758722459906,0.026050760676903373,0.03414288017347911,0.04377092390451254,0.04271733353084872,0.04350162196191398,0.022254168581907874,0.030434340554331918,0.035466589611518606,0.029006821350386347,0.027000268571508945,0.037828115094744263,0.032985856179772344,0.02234391773515243,0.030990413701767583,0.06391313314923008,0.04194098191319462,0.02790092698060931,0.024681623364899097,0.031271854410874766,0.02001555202557581,0.03527548170461481,0.027814299704619794,0.05578086242217073,0.047350771099706535,0.01700627056724513,0.03280776597072621,0.09836219023302895,0.10276703127705067,0.12320853065578474,0.07442166572120523,0.09911635229047822,0.07302982046416706,0.12543985341900366,0.08895596854463361,0.10779399999934425,0.0660591389303602,0.05948639615776152,0.037218199645165706,0.03146543856977779,0.12621153237968785,0.062016086241223345,0.11200694788474042,0.07623226190230714,0.04584489515202583,0.058836082791434596,0.06511446711324098,0.08504670691899485,0.05631086016975684,0.0449367341305027,0.05648531680515956,0.061748855058194496,0.04649036110241733,0.11502862998572594,0.05161644255458897,0.06250257204469334,0.04886467810322637,0.06780345767201668,0.04526973622842967,0.06676215025441001,0.11662123276379932,0.175182967327989,0.0527665331768572,0.0496278990218324,0.04964978859188385,0.05003499573436354,0.06405402964268192,0.05698128983482065,0.10681934043781405,0.0704369330315342,0.04825793327223604,0.07657199993022423,0.05796722533973386,0.09779614063083153,0.09253310148963079,0.03952379948845308,0.05703878697952436,0.34839577171974234,0.320467822903829,0.21469612747036448,0.32654976345633013,0.11567881049610496,0.12752935073279914,0.2666752846017567,0.257524502839686,0.2508742220766984,0.25992533269935514,0.1716981002106165,0.25231343451558597,0.23779408919369072,0.16111893605626848,0.0860339127378571,0.28596731043010837,0.23730479753119782,0.16537230107798695,0.2970514598884699,0.26201046840329045,0.25013767637461015,0.16735548613335116,0.2162177476629843,0.09034209424529482,0.23029232824516088,0.16753916577448102,0.13280615990465983,0.021908549754736883,0.039304758006747376,0.04928394088285892,0.036181858256897015,0.03415566359973543,0.05998695180726488,0.030510760237136725,0.6142527640777046,0.24706480359427552,0.1696419062371738,0.23793032629303668,0.4968689664755921,0.3744303564058753,0.0323949098692512,0.40198437309132884,0.03292209190607387,0.32846952554931574,0.6654848829456501,0.27378708797536744,0.21196873557970664,0.024035791871378165,0.08519892976400978,0.45640812670891173,0.0266748106543524,0.04078054206095605,0.032009486441875956,0.01479999958178102,0.024958667707110638,0.027437419597606594,0.03243292868456893,0.01675203451885121,0.02539107367216431,0.034074681955186814,0.02366347649347389,0.06539266609249228,0.03826003644173659,0.021912178511104274,0.020322370541327794,0.02932670404081139,0.023390848952151932,0.027889046239461646,0.05138115250342412,0.031017564639279294,0.016469862979155203,0.013094681898958349,0.04853588120329577,0.024170076845371646,0.0428366946120764,0.03373602013986188,0.04434818284768194,0.044398383464362645,0.015287936908609523,0.026224993335710822,0.01781748387676929,0.02360779995804696,0.04931117597957957,0.016452840762467336,0.015320805458593267,0.028163998400419388,0.029680522923722474,0.022606485452238534,0.02067213958811598,0.03586983581901115,0.0394754565924057,0.02331615774071316,0.014441393899762955,0.016541530513417002,0.06239152362466471,0.024330679972947467,0.016378308259106356,0.016098262692965326,0.026610288702983875,0.03495180985516455,0.2765764867205769,0.36440897426284635,0.1828013390510479,0.30700125385706967,0.20604796398673386,0.23840132852001927,0.23911886105330893,0.1618151939805469,0.3350445065466311,0.31172128525012177,0.1475860585548341,0.29765204428192493,0.39607256800087065,0.1341970321153415,0.1256921692412214,0.2534985290028394,0.22379802790060244,0.36820001477679476,0.23596071463714618,0.24026979723541286,0.29537640406306176,0.33689913685788064,0.28274724192727607,0.12585101135104104,0.214755829024748,0.1563388070322551,0.11720653050076468,0.21048692109209777,0.360614589169141,0.21081848569463602,0.27762190712070145,0.15926065676577605,0.3054818279244623,0.3738307914364194,0.3960712047129554,0.22604002446740035,0.2390069563715358,0.2643375680230591,0.21230994090354705,0.31398198854048476,0.26080414801125074,0.16958606715124402,0.38642413496609496,0.18041496265474544,0.39543368486519637,0.1583996725887885,0.1862011597104427,0.3515725295797195,0.20900138789532552,0.26621551059225956,0.580979986595243,0.41150532365562364,0.36035978374629873,0.4985845879778489,0.4072009014467658,0.6170586099983669,0.5366984060420107,0.5286300679246498,0.4993340842306726,0.4245437726244471,0.6159198824528935,0.44641739188456464,0.6188665914122775,0.6531148653838703,0.5067400519726435,0.46838840254214076,0.41564251735811886,0.5177260721308383,0.5623541500331602,0.5426997899134034,0.5,0.4404548767736375,0.49418079616795985,0.3791078441089323,0.41278876732653846,0.5107317350218359,0.4070372507499893,0.5130254527877476,0.43520466505844957,0.582643546527992,0.34382013418732704,0.7974579330591426,0.49477965729606155,0.5628358384022614,0.4882024091554844,0.5641659248830194,0.04377342695242992,0.05720060370120705,0.6654848829456501,0.5766771966822273,0.6837839689500478,0.43704215952921965,0.1562620346854151,0.2427980055723331,0.039304758006747376,0.4857760382142463,0.530298990090585,0.25712599645993695,0.11468467674672178,0.23793032629303668
95,0.025866766430705734,0.01708665447316482,0.01932092261881424,0.018812175144658716,0.0283581321030264,0.03150121067946976,0.014164792215675015,0.026638388892715748,0.0131108875651752,0.01742599741249251,0.028200144390717496,0.017549076087291615,0.02774887205554033,0.03942173989868225,0.027986068291656285,0.019103823067665227,0.020086109045938105,0.011594043450938618,0.04060736141538934,0.0456466431458632,0.01866192059603866,0.02684103817680894,0.0273408877492467,0.012689591729193261,0.020475104788817422,0.024560496669965293,0.038567067713661696,0.020901875218600097,0.019787041955967477,0.016391438133930625,0.05021791102617168,0.018792602819928228,0.028264602815161077,0.028073182172418387,0.02690645364496025,0.019648172368655903,0.026570261915414894,0.025134574390961895,0.011911645769630552,0.023302225345693706,0.01978858667613237,0.034686624550224976,0.044667469248721337,0.025859851011181822,0.674107609388577,0.596029044920857,0.39477968067524216,0.6594736401859442,0.4862343398215846,0.32680607887046675,0.07040704130378095,0.11831002037111049,0.044347915307553,0.08066449584982893,0.04951802720878529,0.0989651960998198,0.053473671799492584,0.09172532872890138,0.08470483938254514,0.05027988096581848,0.10157621130332006,0.05878736638563287,0.058868240825608265,0.06620589383075404,0.06106867263234528,0.06440448875861338,0.05347480694487072,0.082052650310663,0.06959398314966392,0.04996395809088228,0.053537205920476394,0.05730168689610782,0.1152802598172269,0.08007084140257847,0.08216310189412868,0.10778839731222001,0.053919236908674506,0.06332450762466069,0.056102606899607554,0.08799241847681782,0.06130312030007745,0.04422616580135763,0.10421713985269343,0.0507511188302705,0.13486847041714434,0.04607074400458977,0.07326708001794735,0.07770691850526301,0.05683932824993532,0.11778862293907444,0.03689740154707821,0.10100835970377275,0.08038826358122275,0.0994862710805956,0.13819698756562038,0.047590001262113324,0.0757732598250388,0.13274988787162956,0.06029592209672263,0.09177089992702925,0.4698985903872964,0.5573409924109347,0.3518103561110927,0.534842851622842,0.4097144353857295,0.4412882780194832,0.6665006001603181,0.5943669123785855,0.3319642519849778,0.4857011644997875,0.45308694805794103,0.43831216622041014,0.5420349925528654,0.41890832392635335,0.5078840064681973,0.45331565887456193,0.356099006849508,0.4619637676248183,0.529865085556573,0.4302608512774295,0.5761533466635311,0.500532349397869,0.2953601184040586,0.7467003787715618,0.5898061351555949,0.6876857983224065,0.567371469132496,0.3578508525786127,0.3736072942700678,0.4503163114121459,0.4683742256658737,0.40439449908910396,0.5542253139194908,0.5172507398178697,0.5542944578469207,0.43973951607175643,0.6206727812725004,0.4190427503922547,0.3628329458408467,0.5054395472687216,0.41373459442896665,0.49625598998548726,0.3438728242586401,0.5989106949316039,0.4901286991478113,0.5132227209510425,0.31124514785568735,0.41552195737665565,0.41839185775979826,0.5528401847067793,0.06686446406589752,0.02329886107939383,0.03907028033007076,0.05225670656835768,0.05375300635080027,0.043338056426725835,0.05844779996847327,0.024094262523324694,0.040189199795154784,0.03771281893477374,0.03744199991894859,0.05194524700050096,0.04751227773677169,0.05221051235629637,0.039004084955642004,0.06895249431740469,0.05012651145635838,0.0489825380633776,0.07994442364151066,0.0879233383008674,0.07019685015849308,0.027521114181374706,0.08174408958966461,0.035190365905623744,0.05929597713581847,0.0487977492243048,0.0696890481006679,0.11404300713248361,0.0685691554670047,0.031051624579311654,0.0627550310175009,0.08191205397303791,0.07677752854580955,0.052062112010095585,0.04261778053052534,0.035512287435640166,0.09494997347406797,0.04789142040950589,0.04352598319471812,0.4388127646481371,0.3073060757904704,0.04979284559542896,0.10103520220947682,0.042991442084930886,0.022330659124580987,0.47640255579096746,0.674107609388577,0.07477420892553566,0.3452264365938289,0.5654460585489799,0.04121640792906012,0.030887279684199687,0.07592371932515796,0.03820169939494733,0.02968174101104404,0.03241854692028945,0.0347942128789116,0.04316319529703405,0.030865648608696006,0.05319500369839503,0.04873652069879997,0.04136948762702408,0.028527445414675334,0.030606151563633333,0.0365521510548944,0.07544595862559667,0.017883619805852735,0.028602205836792627,0.03466054397757112,0.0909674294972358,0.04163048393950264,0.036182240052664905,0.022078101844223208,0.023020879666029614,0.02810560861611211,0.04007192485521671,0.058375342595081814,0.047639612694951095,0.044700066754446044,0.025438963555732275,0.03316267565516051,0.04453043857222461,0.03135593331832798,0.036113243018436214,0.04111089367098353,0.03793228057106823,0.029802731283207096,0.03717890493215914,0.06705913853197487,0.0470960686112476,0.03177372329290373,0.03069937378299903,0.033937934084548815,0.025787626640715988,0.03863722125413038,0.032340354154483664,0.05870694453464664,0.05070344318329678,0.022770752280832696,0.03387311339019705,0.10350027268242468,0.12796339230182951,0.12066686832278739,0.07947364288385794,0.10653469233804114,0.07453233626495159,0.14272357711591965,0.09726500993367349,0.12458174108371467,0.06706804486725304,0.0659234475104662,0.04373435900095768,0.03427681525666759,0.12076031504193818,0.06590169905910748,0.11260475866633635,0.08605546436318723,0.050102450701267065,0.06295923736592413,0.0658024070614377,0.08377829983360208,0.05982736258227184,0.047486737685912384,0.057805599324778245,0.0650151391040994,0.04875071078429993,0.11250055626034794,0.06086414618636671,0.06441306705656635,0.05703666807924834,0.06991729622691145,0.05407298993476428,0.06718071854202867,0.13057585968339513,0.1786458825876266,0.05608764759225149,0.052355437683659134,0.052837897691422886,0.061777880903269855,0.06827611280967227,0.055249519787782475,0.10896247720385022,0.07099245999023096,0.06116507264124893,0.07486018160555075,0.06561831864063106,0.10245104757412404,0.08685024914888329,0.04456306101187091,0.0664832265956612,0.33590417248533355,0.3263738672567005,0.2183625306709932,0.3212198118886671,0.12094413664684733,0.12418440538356423,0.2578596400724613,0.25501077713421794,0.24246415101111418,0.2481488629535733,0.17826423852590545,0.25790451840491446,0.24006510180760288,0.17720212092611531,0.08391965389063749,0.2963856771571288,0.22846786694770183,0.1687902809358811,0.28859528621172725,0.27280995390685214,0.2535368817791249,0.17716961518620822,0.21556017811644534,0.090956344002602,0.23960192862310692,0.19032746467931483,0.13467803106501952,0.022330659124580987,0.04895688944402099,0.055987920976116934,0.05395865806238731,0.042991442084930886,0.0673085308370368,0.04247671005207643,0.6224578407941043,0.27481330681271054,0.19018485369479532,0.2992246635453817,0.5354787847416072,0.37668238077938243,0.03602689863518549,0.4175138775549896,0.04615668320411126,0.3452264365938289,0.6320879627673621,0.2815891409050778,0.24712315405150465,0.029698279477226586,0.10103520220947682,0.47640255579096746,0.03865373257287952,0.0546726965675276,0.03654700058949023,0.01704529033750357,0.031629138240456656,0.035703197350002935,0.04116880667294742,0.021308668878135983,0.03417179151157801,0.036710220699689544,0.02924460903241155,0.07946280979628795,0.04163118598461801,0.027544418416483363,0.024695714822592474,0.03465965130171211,0.02591160417296845,0.033983064471105884,0.057049585788410795,0.045141551857640794,0.017489496865982224,0.01677162615871397,0.06272520097295542,0.0355675001746627,0.05852682895220851,0.03794333041154896,0.04280248955782495,0.054066359979106804,0.01855187926094748,0.031068515509439232,0.0222461491141851,0.026408854771144186,0.06994927221570013,0.018450517296376034,0.01999025306795643,0.029354030616774218,0.0310895297736139,0.027621735451083262,0.024419687752211372,0.03395170928600133,0.04180053270244799,0.031008338542920955,0.016119710455758218,0.02139161752282137,0.07598165652858824,0.024409714672912863,0.019754735143288737,0.019465347714102688,0.0302845678111332,0.042173240642059184,0.30551992609698564,0.3721371489653512,0.21003874784847343,0.3184977259951224,0.21722135964727163,0.25304701691949694,0.23148522664011195,0.16411166168544888,0.32312213583582383,0.3423866171045111,0.1504168337119568,0.29208942127229987,0.40023829101170805,0.143245334801283,0.1290769558467315,0.2607482632353849,0.2707643398595443,0.37629228646546997,0.25425147675134374,0.2453697975232506,0.33748596304956613,0.33269289989693296,0.27372508523728256,0.14786091472029783,0.23548074472897218,0.1621207875035947,0.13915939598558213,0.2498056129323194,0.3483769812002575,0.22937692902402262,0.2842507276518875,0.16985544299088184,0.2985004129444311,0.38381550029023503,0.4127945448610769,0.2304093203895643,0.24405519299440814,0.2624377880627582,0.2123668952905884,0.31158085005681213,0.2772593050690234,0.18599708816505267,0.40203441701541287,0.18222549252648623,0.38803422179951474,0.1782743839782791,0.20413370260565544,0.3550470706271609,0.22633661387359694,0.26843071714401723,0.5495669803950614,0.39764220838850284,0.33490587553165296,0.479813872000176,0.4271826023610674,0.5984787056719851,0.5152966530321321,0.5139729426979839,0.4839598733834577,0.42580919232878867,0.5993752707033553,0.4575342460716907,0.5858582002129626,0.6455309636287405,0.49356486117749043,0.5156300748055583,0.4345768481709764,0.5360983660239143,0.5806843168824904,0.5336653087547201,0.517282150944453,0.4154101457953914,0.47394967192603066,0.3877802740365218,0.4010304724308529,0.5025342169481166,0.4115334989419652,0.4947458387764009,0.41774048155112153,0.5608906667982598,0.3479998233827115,0.7732743435160624,0.49497526335632713,0.5501324853944858,0.5,0.5361732909216075,0.057543485952404216,0.07477420892553566,0.6320879627673621,0.5862146166905047,0.674107609388577,0.4600326611052049,0.18987792638645307,0.2551680398577071,0.04895688944402099,0.4814449477461924,0.5579091808132739,0.2999958855651631,0.12983931528484172,0.2992246635453817
96,0.024753870547183254,0.01626987364676946,0.018905400217778312,0.01839454316959277,0.027674838860327844,0.030840259661636504,0.013742793427445554,0.025921001894241624,0.012784421167663873,0.017077865679985926,0.027660852901169264,0.0172266346931107,0.026300995067733868,0.03876083280357523,0.02715468429703427,0.01879073015282806,0.019590415753148904,0.011307796599232867,0.036463421867281576,0.04372744375662141,0.018006971931314175,0.025965989467056416,0.026430590308417545,0.012236485780473094,0.020028944127872927,0.02406969136703041,0.037430716613022996,0.02027960719711175,0.01923596594917898,0.015868241992803345,0.04818888005500155,0.01829513846965869,0.027632794168052977,0.027317988999405407,0.026096822860579794,0.019263007202880322,0.025844376708644257,0.024197761487853464,0.011732543203936241,0.022785658253432595,0.019312945072842536,0.03349600951184539,0.04338126648619811,0.025005823451978437,0.6734009730142325,0.59575180414696,0.391832362542639,0.659586728117894,0.4781893676531521,0.3246517057504156,0.06973484728297397,0.11810913663665101,0.04425895807695035,0.08055820063529073,0.04920868456119476,0.09827492689016248,0.05316441897453206,0.09153917270700995,0.0843773906159998,0.05014327213086922,0.10113437303297601,0.058309991548446405,0.05861655029635582,0.06571891237501093,0.0604654137052103,0.06401612360192777,0.05297548370819272,0.08196741534288865,0.06918689413131762,0.049599253146496824,0.05298378746698151,0.05719317704287674,0.11516173268759111,0.07977370995079691,0.0813173969120824,0.10596213264208032,0.053603683062571905,0.06285850098967982,0.05579589664340012,0.0872220665824116,0.060818283934116035,0.04389880727315376,0.10296326833709302,0.05028137244977582,0.13470273715778192,0.04581919361080633,0.07256286791124089,0.07690461660095127,0.05636623122102291,0.11733207509187238,0.03675544053547941,0.10054931550833102,0.08005594804717553,0.09897777843456823,0.13670025380201944,0.04689064795331854,0.07529503057453546,0.13213935522058307,0.05990175105930662,0.0915181611471394,0.4694108544044354,0.5572017089171503,0.3514353542901769,0.5342345931033015,0.4096374520368741,0.44122091950205145,0.6656265803585447,0.5943613109969936,0.3310434202867526,0.48525553488150497,0.4529011589255728,0.4374165516204658,0.5417653039610958,0.4184478674856257,0.507390615541816,0.4532940689130506,0.355867759209634,0.46196267604089913,0.5296742325133661,0.43041426663737614,0.5761065552860734,0.5001429213085624,0.2952505914322223,0.7465475199819723,0.5891009747741931,0.687932729578659,0.5673100066357208,0.3577832018414294,0.3731746382841069,0.4504639085877731,0.46777659544273154,0.40285759434912216,0.5541357732535195,0.5172169387637173,0.5543183088117127,0.43972870895874794,0.6194393097947044,0.4177184981626445,0.3620703409759549,0.5053932536032121,0.4134576068527367,0.49603991608613707,0.34363950770888374,0.5976578061553917,0.4901270269851219,0.5133553150450858,0.3110582277795152,0.41373907624927087,0.41856225320959073,0.5529699634781801,0.06577880923119106,0.0231330189537432,0.03839620060110194,0.05129746630009646,0.053308171564953155,0.04307317289399748,0.05740581037427139,0.023572003099519123,0.0396844307398746,0.037168270835769124,0.03696120700701122,0.05105968515646975,0.04690956235286303,0.05092544811933197,0.03855421067344922,0.06839689685330186,0.0494693696950963,0.04769323280516724,0.07925587057158523,0.08634002206511382,0.06931699124582025,0.02687892197575248,0.08100501709849328,0.03461831924182035,0.058506167791714137,0.04796210655474353,0.06759842420785567,0.11284648515245466,0.06754120673290676,0.03062415600464763,0.06222684217696017,0.08087225549582999,0.07528859137346167,0.051139722668569476,0.0419021040759483,0.03514377517192291,0.09410750196455742,0.04694638923322847,0.04266426091717279,0.43702416374115016,0.302552100405059,0.04695458345081838,0.09807643342127215,0.041438323503828034,0.021927522730164517,0.4737769737904445,0.6734009730142325,0.07278439623287225,0.3414775390615338,0.5634068592042851,0.040704085564390535,0.030331326327535657,0.07436478075334951,0.03775852751448505,0.029553986025470214,0.03189593770725119,0.033871601193981804,0.042816590580580405,0.030166758794621162,0.05252793432935299,0.04823272738604023,0.0401383851714191,0.027948360808989325,0.029940903163183763,0.03626311474450805,0.07498444762891077,0.017541414859936655,0.02814854890894858,0.03392115180129662,0.09002593769590861,0.04108472855293077,0.03576665633053311,0.021719219608609897,0.022626799107073103,0.02742260307869282,0.03940201146482325,0.05730876789100681,0.047276997574538404,0.04428714050156679,0.025112188386900214,0.03260938085359533,0.04367978163342623,0.031078064331791166,0.03496708968802975,0.04036260945128489,0.037180367000304027,0.029421128048170653,0.036452497700560915,0.06579133429882233,0.04653087061477157,0.03127916250859997,0.030040173970997452,0.03330109492797251,0.025130704045635888,0.0381163169004517,0.03176809346641907,0.05785338313326027,0.05021514267621008,0.02202902660421935,0.03326121000189586,0.10307074726752474,0.12734899637230768,0.12027132718431188,0.07892823825870898,0.10614908901630016,0.07421022483272333,0.1421724119529586,0.09695015348520897,0.12354905562783491,0.06672028860380763,0.06566792380945974,0.04318681672214608,0.03411861083713308,0.12018483762641474,0.06551113909046125,0.11223888482962241,0.08578424244702576,0.04984796980782902,0.06276817205050489,0.06542223724111162,0.08352073548058303,0.059550415315756555,0.04734551676495413,0.05755772138858428,0.06486235220145087,0.048285954037422085,0.11219338957082625,0.06048623375585238,0.06418388076536108,0.05645952989673875,0.06973082221826654,0.05376057742035445,0.06686817578692328,0.12996447378869858,0.17750752814598958,0.05565912552414132,0.05204542929271205,0.052574514769861413,0.06124682366402101,0.06784242056678824,0.055151777985950945,0.10869975999458392,0.07067250029998573,0.060575532429988366,0.07453305348176353,0.06533282007672192,0.10222406735299672,0.08680202474719734,0.04423223203536064,0.06601676637071685,0.335504203635163,0.3255489491957039,0.21819288261105874,0.3203098521250126,0.12050965651402512,0.12405756136021606,0.2572998280331007,0.2544852775000931,0.242350514521246,0.24805390047454834,0.17783087232044725,0.25735017681845684,0.23944484965497637,0.17654917235349044,0.08381267765866118,0.29602341774500607,0.22850914546791656,0.16825058460118014,0.2875115230467924,0.2721396167229009,0.25272837428047623,0.1764839846597468,0.21518670637243087,0.09047726192900485,0.2391243925562465,0.1898826979732846,0.13431263752824407,0.021927522730164517,0.04741014148651368,0.0543218392976178,0.05268483977689331,0.041438323503828034,0.0659561684904022,0.04165706562349736,0.6219801865691581,0.2685316140468875,0.18812973825577428,0.29698454876236413,0.5305087945802054,0.37654570923678354,0.03524251147307511,0.41433536419317196,0.04422622172327206,0.3414775390615338,0.6325097228755023,0.28107908433062867,0.24146738548322622,0.028572509091563614,0.09807643342127215,0.4737769737904445,0.037406083129941425,0.05392379441404871,0.035948491591092036,0.01668451168672802,0.030938004085885096,0.03494276951758091,0.040136490583584705,0.02090866357803134,0.03358463557771485,0.0361301238315076,0.028371269704552615,0.07868407906211872,0.04087617911332031,0.026356874976551814,0.024107067505748425,0.03398733891819816,0.02541946569643816,0.03309161636857083,0.056356893090051985,0.04408720341115091,0.017103687042858584,0.016196111528700596,0.060787661728828546,0.03506150899380389,0.057519882556034574,0.0368946454368676,0.04230146098646326,0.052761413773082966,0.018098238957249935,0.03035777831954567,0.02160656916674819,0.02573974877723184,0.06879586066041266,0.017951750031583003,0.01941155903714964,0.028928803740066678,0.030231443524396218,0.02724788589569138,0.023844048432205223,0.033559777159834936,0.04072216460704181,0.03009160909145192,0.015650911077935703,0.020888751623769353,0.0745167112489512,0.02395297878353142,0.019265988551065427,0.01883978024689481,0.029668962982855263,0.041327577234710144,0.30416660212582514,0.3713348263616888,0.208539543958282,0.3181117218379471,0.21637047157438793,0.2525259423049141,0.23081892417369332,0.16362956896017034,0.3230528060177743,0.3412242387678841,0.1499152710028674,0.29195355911228804,0.3998086138734963,0.1426908333326643,0.12868956874664805,0.26005083107493887,0.2689700943736363,0.3758741432580126,0.253830196112771,0.24471450989825727,0.3355921092923181,0.33236372482508236,0.27363575795400763,0.14690740994928952,0.234753344002117,0.16181077355074325,0.13802323795236238,0.24853256289757542,0.34830174208310194,0.22851438682566083,0.2836489265190004,0.16868862236425886,0.29797253453165506,0.3828970625869098,0.4118221669588641,0.22877397374257147,0.24365860339170553,0.26190182945914997,0.21191997749760172,0.31102168894897975,0.275769373420491,0.1847179112827142,0.40158985696904237,0.18180078075820716,0.38735355511584957,0.17711399988110987,0.20282606085753718,0.35482909016749975,0.22531778598274332,0.2682665820444442,0.5499641074804031,0.3977619283732243,0.33495008844759055,0.48010780931349284,0.4264372626976144,0.5987444479181738,0.5156664549137789,0.5140842690942683,0.48379933251883545,0.4255446339538229,0.59953103783787,0.4573624900695096,0.5862384551011213,0.6453624380428327,0.4939097361868031,0.5138921834147883,0.43374573436572794,0.5353202308156804,0.5801972634618103,0.5338498814797128,0.5169483042500727,0.4157236592422032,0.4741635485371848,0.3867742114368582,0.40108874634978886,0.5023519184574676,0.4111591216233742,0.4949952153175923,0.4173436204857064,0.5611823312815674,0.34776924336327353,0.773422566481747,0.494722284022745,0.5503040814467799,0.5,0.5363248052362617,0.056211530753556005,0.07278439623287225,0.6325097228755023,0.5852883372859786,0.6734009730142325,0.45541683362506047,0.18709763593622286,0.2526892054663298,0.04741014148651368,0.48021929655468987,0.555348305297815,0.2976547593198676,0.12694480898538762,0.29698454876236413
97,0.025730594258319917,0.0156848746370174,0.021288114208233178,0.020384799869248682,0.02827579538319669,0.03014356974397181,0.01428592523784833,0.025602560493934945,0.013140964221920126,0.019371802446570774,0.02963656193867248,0.017486853515706002,0.02757243756905392,0.03859969618676906,0.028991880943303516,0.020487232342307315,0.02358160752434224,0.012316529936476361,0.03588756620347522,0.042964729188394446,0.019208673427817735,0.027362159945138798,0.02651538053176372,0.012641863339016068,0.018716347637712127,0.02294330531482014,0.03859639653904978,0.021638416843355435,0.019414222110292534,0.016504384820382745,0.04367689634185257,0.01791814263158431,0.03041693568673076,0.030519604597537442,0.026480207275442313,0.01785309081562081,0.025872951869958194,0.025938125508780274,0.012880728440673783,0.026040781749080644,0.020034869874421712,0.03304358307545974,0.041180540948448696,0.023573255101648205,0.6510724169443459,0.5859419957005013,0.40248450515879075,0.6500473740272543,0.46122222864708085,0.5001743446240249,0.06410880947950504,0.11860560765551886,0.05258669950545947,0.08143886143723955,0.05107243912800985,0.1000595616526565,0.04847036169316066,0.08929783403364888,0.08057540768124072,0.047947396623553185,0.0949032188151604,0.05407042594238043,0.06523407781819612,0.06586140684175701,0.060530633353367946,0.058651887873100494,0.05693293658442489,0.1015059012241164,0.07402251926076842,0.04933756188264782,0.05290062534324225,0.05542434540863528,0.11356080063956098,0.08090805227670406,0.08069176565550518,0.11069154440221618,0.058794151086639324,0.06663238842179331,0.061110949155644745,0.08563491912296517,0.062107105392648077,0.04303117384800803,0.11018430293454273,0.051826279479571746,0.13151268637044766,0.043584966927536106,0.07475023947068926,0.07748390268202188,0.06703882166612907,0.1334063325947238,0.040056362139469726,0.09623359934291664,0.08160252781383437,0.09479528562585438,0.13357547612474285,0.04749197639992597,0.07307217262180832,0.12707557280189685,0.059457547959156365,0.08488930429152908,0.4607050958734231,0.5354238935962428,0.36442005230336594,0.5416584332732965,0.39682715311763317,0.43382936341547174,0.6426716620561757,0.5815571841127379,0.3397642827537516,0.472799681334358,0.4484550195110081,0.4229628747058698,0.564823934360734,0.432678900489875,0.5206917838827583,0.45901317816297793,0.3445283737594079,0.4613149768195737,0.5005107421292021,0.4210678374741521,0.5468654881733259,0.494053573833782,0.28615530729441874,0.7237966924535508,0.566070066997905,0.656992955083163,0.5405454832798182,0.3512729010311787,0.3705018757085675,0.43526532648148397,0.473227515227137,0.4106510630347123,0.5363901022111577,0.49118339262892363,0.5508971328195599,0.43731750799882785,0.5948141202304296,0.41120051127759927,0.3695963566321915,0.4990918006037073,0.40191267397644426,0.48410320497665515,0.3467049487744309,0.5683146395707779,0.47010305905261807,0.5433666329117273,0.30026052661908,0.41026043583463756,0.42115799588921643,0.5343843732539835,0.06842208411837714,0.02516194100461311,0.04291851802536906,0.05415138232605676,0.054809120339796236,0.05600338671629035,0.05527805475156111,0.025078205859252245,0.04108989854346978,0.04126507892025533,0.03950617788775879,0.04783379447550651,0.04865364529928995,0.05501009134988022,0.04112821214041518,0.07663815120800566,0.05568206138730547,0.0523287310373276,0.0881591863076816,0.08860844434244874,0.06721351247382812,0.025732277065515063,0.10795385889072262,0.036078136226125546,0.07571085464096994,0.048072581828627614,0.07888289800936565,0.11747869854434378,0.07122437400835391,0.030536190063344515,0.06548620228064894,0.07949994014410022,0.08305056512840092,0.048122683815116085,0.0403149160546582,0.04353107406884649,0.09713668160020594,0.04719133438824119,0.05061038831890741,0.4540653076669131,0.32437929582734026,0.046653845589218035,0.11876015459202371,0.053872382670579366,0.026158608062055833,0.5047367217684403,0.6510724169443459,0.09547774810210807,0.3473705961799173,0.577279238132653,0.05101104092915709,0.032603766785966215,0.07942011698487306,0.04100193139527686,0.034031263223141206,0.03451616271312974,0.03299212490717218,0.04659929943177665,0.0370451158087971,0.055454073208471844,0.05504550182005552,0.04322978028306124,0.028725619520685086,0.030190322941436865,0.0403253352516838,0.08258922525252321,0.020602457298610655,0.027116537098012317,0.035222317148826066,0.08820866992173904,0.0463313393585435,0.039579503364401525,0.024521124216301593,0.024680672519818647,0.03499195535930688,0.03938986841280301,0.06785881270025129,0.05574500722282372,0.06012209031674365,0.031227808461830486,0.03394030248760049,0.05253343583922376,0.036075750827447184,0.03384364064831513,0.04818321231293754,0.04052339538994154,0.029863061540655877,0.03811831112640551,0.08543686112597693,0.06297413944298258,0.03904091221312511,0.028865132041467234,0.037603792794374646,0.029522403725425028,0.0383919498538674,0.037075084537537495,0.0794289073128851,0.055619921241215065,0.028689844009968324,0.037929541436131586,0.10796266116199948,0.1318631093999929,0.1305229036044463,0.09060210524731627,0.10818614190896192,0.07704772205002008,0.14432482151456671,0.09238676772828192,0.11383476698933037,0.06493648263638352,0.06603674259890624,0.04467285082314154,0.03463964996566704,0.1300303681647379,0.06979984752548618,0.11296222153871427,0.08907149954297877,0.052904084136029095,0.06519802492582161,0.0680389845600925,0.08386520495670668,0.06520977300979236,0.049570640787574116,0.05700137251368542,0.07393515448023247,0.04747168263724244,0.10119950881711126,0.05895453618495061,0.06363232502922189,0.06817662223523169,0.0700468420445256,0.06078367890919256,0.06417284704966497,0.11782767918982184,0.17162813441924984,0.0540542774203695,0.05351110109616264,0.05111727047476755,0.06427968693436925,0.06279950368151543,0.0548018611963752,0.10871386533729399,0.07198498819799237,0.06675771661846885,0.08303666156697465,0.06862652402606839,0.10776486223900739,0.08892499777832041,0.04533091477524087,0.06645787459199393,0.3664675185817897,0.3385347809912008,0.22317895284712208,0.32105881950149706,0.1295105221370375,0.13075378534873927,0.30095830135547197,0.255175852956798,0.2478138320704506,0.2602799156405591,0.19592150318932122,0.24944136621804647,0.2401476332763378,0.1759774208054773,0.10114583518746423,0.3073757521122259,0.23568942924326453,0.1666819722991194,0.2880229045353935,0.28168359370670826,0.26710922513254276,0.17211190446541125,0.23144649485202184,0.10787352407445006,0.24237459385741333,0.19970620587422883,0.14852857863446012,0.026158608062055833,0.05830266261885786,0.06581757176314795,0.05017274312686815,0.053872382670579366,0.08770024881854277,0.04907203318746023,0.6041264178331511,0.2726804348031481,0.21870621125506917,0.317701787647774,0.5128676976049269,0.3623438340114198,0.03807885620313067,0.48358190645981924,0.048326779006131804,0.3473705961799173,0.6385217417045568,0.34070174164579015,0.2856771716241172,0.030168291058106256,0.11876015459202371,0.5047367217684403,0.03858096359825214,0.06117629124087731,0.04061865303098766,0.019932566750534342,0.040492246170017565,0.04134002356558519,0.04424249227241006,0.02517772226974213,0.035283667047988576,0.046043158226412806,0.03186349834444091,0.10672450032887126,0.05205156210872186,0.02741494914292264,0.024828414858851677,0.04588725873903243,0.026125286839041584,0.03574147547422646,0.061374650310442425,0.0434245306215032,0.017193753644150767,0.019759414580434398,0.07079540222668612,0.038255330020243394,0.06896749331433727,0.04531636726447319,0.04410597608360245,0.062254890259584306,0.018597185966131025,0.03209832953213909,0.022171359824028736,0.028784765596022943,0.09170230806343516,0.02090428695036184,0.020665857433024626,0.0330967354234083,0.03297632011592422,0.0350292844751825,0.0264190333473433,0.03286377264023743,0.04300182872551139,0.030142051115127022,0.01778538416640052,0.022700978737940414,0.08673545131388283,0.032303101570025916,0.028119936075954532,0.023451417466643032,0.04172015013716934,0.045647296629082956,0.32281029797557914,0.36694537454390497,0.21455830307162882,0.3184657599438968,0.2200907192366518,0.28022038188038545,0.23031404301330882,0.16400431660678005,0.3468861102534947,0.3309298528700896,0.16347264078676738,0.29937482795878234,0.3929155936092177,0.1522614661395295,0.12903149485490284,0.26206690648914077,0.26154506062740146,0.3705219102807411,0.2501783463952234,0.24622158616967926,0.3211112144153243,0.32871073207588886,0.27328472203144827,0.15757125301149344,0.2350382641608869,0.1668649638367461,0.1389864587119658,0.24061751087261452,0.36439678190470215,0.24093820128663623,0.2921046038937235,0.18560946183484694,0.304054680194373,0.4038440256550173,0.4093355451649281,0.24322275324332643,0.25824159495787247,0.25989921474048405,0.20948973901352286,0.2965599999079497,0.2840423408402585,0.17919487242674514,0.4164397697112717,0.19196577283627236,0.3794893934328376,0.1808222222197673,0.2115716874544098,0.3489857028085461,0.22417900668413093,0.25046339564143527,0.5333234707421792,0.41738375160627306,0.36354060752773354,0.47706763701190746,0.43590512362681477,0.591516362107781,0.5,0.49380763380601,0.4750334129822761,0.437005380542019,0.5806262502634254,0.4523017438446735,0.5652953657863833,0.629655004132665,0.47409723414501725,0.5238165331755951,0.4345616058268613,0.5291948577817422,0.5593386891307538,0.5137513241372915,0.5111255275903002,0.40832807680653105,0.480745229639316,0.4227059118464739,0.4098583125898222,0.5145499217624507,0.41373059579208316,0.5201622583540358,0.4269871360967127,0.5500611159599265,0.35169572168628727,0.754073807002872,0.5045468097904048,0.5259225183829336,0.4916537319855453,0.5604405811846155,0.06881148526172343,0.09547774810210807,0.6385217417045568,0.5907022028618665,0.6510724169443459,0.4677514879221881,0.2538333742766473,0.3059947168429582,0.05830266261885786,0.48548159160899806,0.5845628512730277,0.3261571067280301,0.13972994190510168,0.317701787647774
98,0.02483520352746804,0.015154632834542325,0.020192472069687883,0.019798868535532366,0.027588780177328354,0.0289881434315572,0.01396645414475417,0.024850123844126548,0.012644474154941743,0.01852267248170525,0.028612251234797048,0.017051757825155334,0.02656828409618084,0.037930252498695305,0.028237503560540445,0.01998216312451484,0.0227955859378719,0.011912565603112824,0.03456784769803678,0.04143528357875381,0.018105997660414985,0.026602765807499762,0.025560879171432238,0.012038602442400848,0.018397746909328716,0.022237657517278464,0.037876447012055725,0.020954461349948716,0.018670256433719556,0.015912122435902454,0.041879613104431446,0.017536854613939168,0.02979088690296594,0.02935029929945132,0.02524461701181857,0.01740235619638819,0.02516260175563334,0.023607120023664163,0.012641588951621818,0.02518341330156093,0.019245493157493354,0.03224723513268957,0.040249053048868166,0.02305516976456423,0.6517560006544332,0.5867238852997484,0.40059555058984053,0.651129170423498,0.4571038253398445,0.49696627947508365,0.0641233812277443,0.11874092145914228,0.05250056127786784,0.0815530208774281,0.05094222863001574,0.10011141057685702,0.048456925547010754,0.08936578121999339,0.08068352038887194,0.04797285203123758,0.09504603073180273,0.05406470873204461,0.0652169526814329,0.06582991824200135,0.0603946278698092,0.058681687136926564,0.05671305364118773,0.10149120525685917,0.0737222802253169,0.049125884626589955,0.052593800329867046,0.0553948900802006,0.11381189834765815,0.08091256688178194,0.08026957753273545,0.1102060426349214,0.058709469292048344,0.06650166809494518,0.06074930606154283,0.0856211451762453,0.06204326771470725,0.042994945148305486,0.10984981329719934,0.05172955377873467,0.13169762777788052,0.04357197080658526,0.07436262043174557,0.07695376906084284,0.06681557291299911,0.13326327924622938,0.04000987798039657,0.09635045938867226,0.08148164674995095,0.09480929239523128,0.13319628047403875,0.047410526119744945,0.07311033052450622,0.12709807139942753,0.05933112624378534,0.08495303705479695,0.46152320309262895,0.5364447642718977,0.36484351807859283,0.5419745119359325,0.39772532962997686,0.4347061619487237,0.6433089585079825,0.5824587217597665,0.34024848581882117,0.4736498875329336,0.44928955313625796,0.42362577183683325,0.5652008106286549,0.43328712071279507,0.5212756937008152,0.45992103673269014,0.345264322144077,0.4621793926341605,0.5014964185937072,0.4219636202034909,0.5479506336864274,0.494880826747789,0.286721455128484,0.7247959334911602,0.5669005459366082,0.6581481853483535,0.5415389432262395,0.3519988356196331,0.3711469143345596,0.43622916599405737,0.4738975665180194,0.4109022904394023,0.5373773833258794,0.4922057978654055,0.5519141919304157,0.4381933462313742,0.595615879829478,0.4118274744568555,0.3703295294424249,0.5,0.40252557217983886,0.4849891693474686,0.34733193492735204,0.5690640208296971,0.47107288872123676,0.5442837007843098,0.3008858034003843,0.4104395925040004,0.4220583545963589,0.5354710700001124,0.06778885424513936,0.024805473977492998,0.042396463284884445,0.05330784243458253,0.054127046664069534,0.05546226577068436,0.05502736326030899,0.02457586589649896,0.04079165985829192,0.04071884286328109,0.039065689310191276,0.04758052315642647,0.048287846611089646,0.054205270384866,0.04077098651707489,0.07617911294858182,0.05506916814539353,0.051370100143235065,0.0875162286602661,0.08789192506668109,0.06664941797472779,0.025216901689445348,0.10643185582056769,0.035708960995985306,0.07433262678527608,0.047636770498194814,0.07709453789334875,0.11676880137109136,0.07058601941830944,0.030316894613002243,0.06494392874291033,0.07925256442444129,0.08123303367094137,0.047581630318201396,0.03981540858785415,0.0430420069314742,0.09667646313152789,0.046046697230179845,0.04984841011927377,0.45407783887229736,0.321202572746789,0.04441619801599617,0.11612676007118317,0.050683600918569716,0.025032909905754797,0.5040759918751209,0.6517560006544332,0.09207163644997718,0.345191031310224,0.577266791828948,0.05038262585336628,0.031988165246198075,0.07834719380368327,0.040791872565929865,0.03382078134009703,0.033642760781871894,0.03249157495511901,0.045990762220002424,0.036132969466774245,0.05513931129149596,0.054528176754600755,0.042574125128657214,0.02830183045448076,0.02950724871181265,0.039912663132674386,0.08183535351304394,0.020239205284955153,0.026772139356738278,0.03470534240557677,0.08749021921980715,0.04566527599716985,0.03911123882263101,0.02416511191300541,0.024278890112923057,0.03426316308493582,0.03899704083811817,0.06595800873455238,0.054821627984901644,0.059340605854189765,0.030807592320404975,0.0336408401594932,0.0515118817890976,0.03574651881147606,0.033362724055502335,0.04753226198652438,0.03999684598312914,0.029487832010360315,0.03782956893375944,0.08426377688886233,0.06157418751143162,0.03810482869650478,0.028106101526716998,0.03708848968156264,0.02874220679599948,0.03819356378314742,0.036513125562404936,0.07818624275619868,0.05492522999339844,0.02808216034712785,0.037286513843121205,0.10779836707927537,0.13148338486877587,0.1305521780561858,0.09020532081536758,0.10810776997133786,0.07705442936660167,0.14434917755558685,0.09249776976212754,0.11381277396798928,0.06484893496278665,0.06604280121293904,0.04447813439719095,0.03458855165288799,0.13017739244217874,0.06969727383080115,0.11297047329177312,0.08900598007927685,0.052824571059714165,0.06513816946187745,0.06767289105673391,0.0839759029738153,0.0651652754212576,0.0495718707417141,0.056978632626391246,0.07355709837218538,0.04733781160425565,0.1013220229446925,0.058880699749349064,0.06369750296677612,0.06775613140107994,0.06988633375675257,0.06049872222221886,0.06417265857172427,0.11802893562184191,0.1715136385961712,0.05401480656372726,0.0534578946348373,0.0510726555553247,0.06389693653351691,0.06272452345267132,0.05484684895340319,0.10889254099097756,0.0718908245618749,0.06642026696504277,0.08286906151550477,0.0683521248483765,0.10753512151664169,0.08906037090123742,0.04515029020718897,0.06632289839945016,0.3667262205019507,0.33861757670273196,0.22341672098100995,0.32114464929795616,0.1294911540889797,0.1309661295896486,0.3009187013344047,0.25533658683467686,0.24812064275118229,0.26075393640270017,0.195924402209806,0.24976029712282966,0.2404363450938799,0.1759810799065632,0.10127995947054647,0.30773786969813155,0.2361792689233183,0.16672414385126444,0.28824329488981826,0.2817576484481604,0.26717527467065316,0.17215814974722643,0.2317212316979278,0.10767072885083862,0.24257869922607433,0.19957497630486898,0.14853550038808894,0.025032909905754797,0.05641337993696005,0.06315936301286762,0.049159995735609696,0.050683600918569716,0.08426420810140389,0.04716793029064115,0.6048388602132473,0.2703017881998644,0.21605496989656647,0.31439717704532666,0.511596254599664,0.3631030307814095,0.035986523856969876,0.48148798978139384,0.047117243403271836,0.345191031310224,0.6396138986641803,0.34019699152661287,0.2822202232417672,0.02890217204353962,0.11612676007118317,0.5040759918751209,0.0373443179767734,0.059912500999630525,0.039241031945331684,0.019244079722418372,0.0382850060493054,0.040201793906232686,0.04314978668262304,0.02428086973399879,0.03393614637193554,0.04387542397041411,0.030833344398601747,0.10506340800061964,0.05075181741712764,0.02647315288060792,0.02401407002654743,0.04467203716421886,0.02566211043127975,0.03455861941041227,0.06006369867391803,0.04242453768675203,0.01633152760086043,0.01896923027826125,0.06860117142821298,0.03706203571908795,0.06692220546026306,0.043493733534061496,0.04299420173689261,0.06082785746099906,0.01774863974609231,0.031027292643234783,0.02144091837436546,0.027727004340606043,0.08938222239542293,0.020165014631147726,0.019858695527311676,0.03183695107061646,0.03137442849308347,0.03416609078906918,0.025455327021600027,0.031608570528501634,0.04004615386622712,0.028513037484469095,0.016955775795920225,0.021746493928678223,0.0839797403054936,0.030856845148553247,0.027163096610311688,0.02239964499858138,0.04003405089946277,0.04292155426643862,0.32218400141416115,0.3675897007675748,0.21425935741058777,0.318970088002275,0.22009578580804023,0.2801678024596078,0.2306577781202579,0.16422357572925594,0.3474814730971656,0.3310866372472834,0.16338827681258472,0.3000007927599313,0.3935975347481868,0.1522380007583518,0.12924572307582605,0.2622678990981784,0.26161318696226965,0.371043377451318,0.2503931242417837,0.24649709418200283,0.32126301423515946,0.32929778534441023,0.27376738845775317,0.1570824881493752,0.235244528619723,0.16699781121518942,0.13874446439089128,0.2406899175274665,0.36510288300044236,0.24090301727663177,0.292524261777833,0.18544501924621426,0.3044641439586855,0.4038807227529073,0.40967937496049067,0.2428581203810215,0.25844894573339416,0.26017869158792384,0.20989468663844046,0.2970997315843763,0.28389238965809727,0.17918396791600089,0.4169593276717771,0.19219787454532733,0.3801866050931699,0.18079153727366304,0.2112884261618091,0.34958941967913926,0.2240483004585736,0.251061600671302,0.5344881374912779,0.4181762962891139,0.3642144724106412,0.4780210930785015,0.43607941877156997,0.5925324352537029,0.5011314478367579,0.494802982697348,0.4757081043753367,0.43783313990086004,0.5816233499833329,0.4530875244229359,0.5664528468717931,0.630532029433432,0.47514503283507026,0.5233796351537288,0.4350825240704218,0.5297684633993331,0.5601804248292301,0.5148520276412614,0.5118808246881341,0.40928849708802784,0.48176943851352483,0.422766644422928,0.41063023786922126,0.5153243141079331,0.4143218080837502,0.5211505467599709,0.42774154388256325,0.5511833487933777,0.3524314836393204,0.7549945042406522,0.5053047186036086,0.5269430760045581,0.4924482613685115,0.5611942297049164,0.06640520757826152,0.09207163644997718,0.6396138986641803,0.5912803105477821,0.6517560006544332,0.4651455049796809,0.2481655993951758,0.30329492564227933,0.05641337993696005,0.48603211559899795,0.5833301546248558,0.3245583115611561,0.13734802981606853,0.31439717704532666
99,0.024343949964067635,0.014667706107135747,0.019594608699018856,0.019389469310120755,0.026715610155985003,0.02834731461380513,0.013643400095908254,0.02435100567511861,0.012206013220708578,0.018152730054385557,0.028042203593614312,0.016568103746492868,0.026055597359714855,0.03710412931477103,0.027453548627648483,0.01935345616970119,0.02228322904045399,0.011730823978843619,0.033366473095167604,0.03694304447334462,0.01761288317466725,0.026032754341509534,0.025185414063786826,0.011734464408429068,0.01802768004157984,0.02166505059410484,0.03693140132202222,0.020445503404501908,0.018243301306993365,0.015530209933276806,0.040373503516729525,0.016896971138978034,0.0290443513224532,0.028621927322676433,0.024505010527422932,0.017009790622171228,0.024648539313463225,0.022923819360949338,0.012463289038167402,0.024535827551049993,0.018669296426233384,0.03166407089268519,0.03841257126260844,0.022585603720518876,0.6519014783847483,0.5863763711277117,0.3983357150291249,0.6514116266156654,0.4497841492140803,0.4946509851394504,0.06373478600789995,0.11865519885545672,0.05240181496040841,0.08147338841485674,0.05067371677377408,0.09991490022393368,0.04820374336811539,0.0893247033384853,0.08057751686251846,0.04785808917763479,0.09487908611223028,0.053869203683913236,0.06515420612184164,0.0655071170734951,0.06013587514479879,0.05854346349788464,0.05642889026102982,0.10126825181736487,0.07304555242074395,0.0487286274914045,0.052134932721136895,0.05525180786794237,0.11383676895090133,0.08052606033705434,0.07966858885107064,0.10940992570938846,0.05854298418852577,0.0662688016847861,0.06031888321865364,0.08519008400681283,0.061764566218266426,0.04282892752739553,0.1086142710792749,0.051391112435654196,0.13158394417920272,0.04340100928837243,0.07390440658030539,0.07665159534563859,0.06619294474919246,0.13247028565035013,0.039873486830710125,0.09584437487968367,0.08127364316687025,0.09459686020931546,0.1322286710677123,0.047052044758860156,0.0729997878715779,0.12631900615243208,0.05903410658075392,0.08463539755948946,0.46151979960200673,0.5365953405091186,0.3647024969652587,0.5416964022462385,0.3979853991712504,0.4350209316122904,0.6429024725482593,0.5826306544652178,0.34022799922939306,0.47355575880164524,0.4493869419825193,0.4234411330314747,0.5651373607347967,0.43304157889398065,0.5210124739064781,0.46013885533297916,0.34544013214523883,0.4622972253705041,0.5017432849137798,0.4222141281419288,0.5480128012222457,0.494778867610815,0.2867571892394739,0.7248996471707403,0.5669215948352773,0.6584821673608221,0.5417988950666175,0.3521330965402242,0.37106382417717576,0.436495822571617,0.47403137889307,0.41029361510214235,0.5378114250623721,0.49253314542640303,0.5521010559728883,0.43845576316982926,0.5951032443287375,0.41149212938744417,0.37017816374496193,0.5,0.4022787911765763,0.48505014629675014,0.34734981298792034,0.5677351654358933,0.47119031646755993,0.544621214292672,0.30109157237538986,0.410056181433439,0.4223998248595817,0.5357361184412598,0.06721141827573363,0.024464307823721443,0.04177241241187768,0.05197414017275992,0.05329643499711867,0.05510892764391895,0.05404409046170133,0.023811101334633045,0.04038942491398312,0.04005492576455816,0.03883393459849205,0.0471579327562518,0.04788730642154737,0.05305682584673499,0.04050365094325825,0.07545486828653147,0.05444361881562376,0.050426933287233355,0.08658246168780692,0.08674729034544515,0.06587517219643346,0.024443699146320164,0.10520908907500381,0.03525740574147784,0.07281312316900723,0.04708651704278444,0.07597550064442482,0.11589665394660209,0.06969070461179872,0.029907373197685327,0.06410605960861315,0.07840284081166382,0.07925064314955499,0.04676143421714474,0.039207741281581665,0.042714880793725096,0.09611300153769964,0.04514185966877948,0.048899572790225276,0.45287294877419093,0.31963833380416873,0.04347939275303225,0.11452462171438116,0.04942872361791739,0.024601610740776603,0.5028790198025533,0.6519014783847483,0.08995705884895788,0.34177583239122544,0.5760328868977123,0.04981109878672729,0.03150322844288922,0.07801199872160203,0.04058463051099981,0.033638162262464744,0.03299143467865184,0.031826750317741626,0.04554065939261076,0.03550491067322803,0.054779598986108624,0.05421620593201015,0.041817983885287235,0.027935815850585688,0.02921743449875558,0.03968228858029499,0.08134446713387267,0.019956716297842014,0.026486448095986992,0.03412280367542464,0.08676222034695757,0.04532470536127953,0.03864695336302204,0.023875474364083327,0.02407891401144191,0.033731404929201014,0.03847731899118112,0.064651789064055,0.0537144186060694,0.059118673566192825,0.03034456306774913,0.03333514273515603,0.050716496371874475,0.03536176139623515,0.032790373204756196,0.0470612216601638,0.03968348856672843,0.029163373441870033,0.037494792161373525,0.08364690545050113,0.06100886848836862,0.03781576973011036,0.027380165698539183,0.03677775676820905,0.0284539547454965,0.03798169940514662,0.03594659418322255,0.07738500452690267,0.05453115403049591,0.02768281476893697,0.03681277425914642,0.10750043492371586,0.1299087629391289,0.13016158221816188,0.08968601638857787,0.10771067517803357,0.07693241374446891,0.1438375470269765,0.09226129307480702,0.1130831169860218,0.0647433671128097,0.06583826076348531,0.04384048987283484,0.034450564133200245,0.12976504663830646,0.0694638497351927,0.11270377294975675,0.0885226828802691,0.052576602451426036,0.06489470368265049,0.06695859874384336,0.08395507220950493,0.06497487661742085,0.04942139178451188,0.05684249954938181,0.07306960978014176,0.04709289908437997,0.10106581850784291,0.0585923123824027,0.06343274850358371,0.0671690039483337,0.06971060085199321,0.060073120878766706,0.06410909688618949,0.11784990957610542,0.1702434864348411,0.053665289458705745,0.05328497743933858,0.05065928145482501,0.06340503186833435,0.06254754574110266,0.054750441037285325,0.10841812772609616,0.07161894361277887,0.06583641715752575,0.08251500299847225,0.06795915662508722,0.10714178883879844,0.08896929260018793,0.0447570985339919,0.06601876398502327,0.3665119887168735,0.33824564069827157,0.22319402674655886,0.3198510181165738,0.12920588837187563,0.13094457619816224,0.30059455656333556,0.2552636710062586,0.24798859478363722,0.2607871422662106,0.19531163842286803,0.24916847837546907,0.24019221557957648,0.17573355759851472,0.10128494997990733,0.30730639041146046,0.23618608649546102,0.16605300390405575,0.28762659620804176,0.2814192899870195,0.2669864617728561,0.17150761138916626,0.2315761336401727,0.10758977106116474,0.24181984212756014,0.19899929880831124,0.14842057170211287,0.024601610740776603,0.055401184836191275,0.06162208635850075,0.04832217930451721,0.04942872361791739,0.08297890347925108,0.04623832503451386,0.6045252482630822,0.2690920473278152,0.2140367609011672,0.311703403264205,0.5086624739064391,0.36302437165068546,0.0350956940896574,0.47738735084271766,0.04588070468059935,0.34177583239122544,0.6399875768703052,0.3394551336812869,0.27937223884545237,0.02807252035946617,0.11452462171438116,0.5028790198025533,0.036577892721206595,0.058916596860050574,0.03866992687299653,0.018866379451557558,0.037568406550104516,0.039583392446175036,0.042611634999423886,0.023786525835531758,0.033186942352758764,0.043263703532659625,0.02963007253695682,0.10350732094162107,0.050086048480642686,0.025737049109295862,0.023413465728363447,0.04373844986950026,0.025214077037934657,0.03375088364281631,0.05883921405854098,0.04131695222854259,0.016043967671341974,0.01856507923845019,0.06711121860045643,0.03613846056895442,0.06586088855621897,0.04253297284572266,0.04237468395059851,0.05980928194896029,0.017261782158083605,0.03022495018884941,0.02113407249748378,0.027441691585923578,0.08710751996327559,0.019503675057382708,0.019405546329354095,0.03128326271552795,0.030282525196548282,0.03365663015767084,0.02489900905758835,0.03083061034244361,0.03924867344925442,0.027438755095900325,0.01673333796580556,0.021335609322181037,0.08277068210418548,0.030613501162639167,0.026636975788019268,0.021840413308787054,0.039275087087355276,0.04184945861820899,0.32127426134396464,0.3672684458248794,0.21299367743933684,0.31885107663387924,0.21935988380815097,0.279194761108979,0.23031266341874546,0.1639220407573052,0.34739520182890027,0.33003919159867035,0.16321965587934817,0.3001303577719481,0.3933298744544651,0.15169908601085846,0.12906342764117718,0.26166253112557636,0.2605723492568143,0.37086430025544237,0.25010523160415987,0.24629039433745337,0.32023457638327135,0.3290821070927007,0.2738808177534403,0.15613757249632376,0.23478218009715512,0.1665633149124005,0.1378327962809196,0.23942137858482937,0.36515804128898977,0.24053725647828705,0.2923011668375939,0.18468430025108384,0.3041499722692841,0.402852561133476,0.4091386864519434,0.24194609271957923,0.258035222111365,0.2598001634912571,0.2099140431287292,0.2968596961878823,0.2828084692565582,0.177499318826412,0.4158967729329841,0.1916733203437907,0.37977703564596965,0.18025109400775108,0.21017280465988175,0.34941611351826196,0.22320407015881227,0.25086231160113837,0.5349548339038803,0.4182778714506731,0.36450477667220627,0.47809174664693255,0.4355905914072874,0.5928200244111796,0.5015547907778741,0.4950008749251704,0.4754844703441806,0.43771343295375187,0.581918235407244,0.4529879232535956,0.5668692205328985,0.6300862996840819,0.4755874278571939,0.5215817443174304,0.43481018030867125,0.5285752302478404,0.5596993459559274,0.515204671766546,0.5119129611541762,0.4097055479147703,0.4819623381930208,0.421803995523803,0.4108012891755968,0.5152773851054077,0.414150564776789,0.5214573411217813,0.4273103309266256,0.5515915689758304,0.3524206651663281,0.7551143784659036,0.5052621948306533,0.5272023276342788,0.4925322559078855,0.5613942586878296,0.06289040005483082,0.08995705884895788,0.6399875768703052,0.5905016814781084,0.6519014783847483,0.4609950095435472,0.24562514547758862,0.30009022675232155,0.055401184836191275,0.48578995104191414,0.5813251954594014,0.3221597542563306,0.1355170077283313,0.311703403264205
100,0.023839860485863618,0.014308707587209257,0.018953737981051155,0.01902206612566837,0.02606752146648217,0.02750726125748637,0.013383275238488257,0.02347415160128341,0.011992231463744618,0.017374364111320983,0.0277009803549495,0.0162337009485638,0.02550935396324694,0.03643344762004941,0.026660075703453856,0.018922123423864012,0.021746129008251236,0.011436617503244206,0.0325764127146726,0.03599153504977293,0.01715628459079177,0.02555055604886325,0.024156003016608918,0.011282262605540327,0.01768651781635877,0.02122053184029027,0.036076096319836215,0.01985823428802358,0.01766847748823741,0.014967664408000902,0.0396141329973283,0.01659635974884066,0.02842227805602282,0.02621787047875901,0.023833941908228518,0.01649472170319566,0.023705849564774395,0.02213069211219887,0.012097624360201564,0.02414814387995845,0.018047991334022573,0.030764255848356292,0.03768231261322863,0.021773661800627675,0.6514819365854343,0.5871717486295404,0.39471346927649187,0.6529805989791354,0.44480742251848004,0.4908666400703049,0.0637598113465867,0.11887444486275212,0.05230504004381997,0.08157692846029063,0.050583347269801626,0.09981655460911165,0.04816568685176381,0.08952186370506476,0.08067075461507212,0.04790733136737024,0.09496938913496733,0.05390086132920058,0.06501920780669923,0.06516529595875764,0.05994636392293118,0.05835325544676584,0.056050256864488945,0.1012075303925637,0.07266253451697591,0.04858552435994756,0.05185867191467841,0.055264790446481915,0.1140257350934325,0.08039969888081355,0.07906340895011232,0.10869793946214401,0.05847680119006882,0.065933364253565,0.059986449747961856,0.085221001958669,0.06155902165974181,0.04253984679515366,0.1081213637828321,0.051236032912596374,0.13155448106906564,0.04340649415532516,0.07331384847100497,0.07627230404927188,0.06589568379082722,0.13226513303941456,0.039891120279826,0.0957653852794631,0.08124104119000242,0.09462086021726057,0.13234527320538925,0.04697073976060062,0.07304196459577739,0.1265636234868358,0.05858611406663983,0.08481150090603862,0.4621486650699901,0.5377813468735353,0.3648426996571401,0.5417687985641426,0.3992312860249688,0.4359665247722644,0.6439546473621109,0.5833738234740069,0.3407080624079962,0.47406797631963027,0.45001113611490107,0.42361472858769234,0.5656510834125773,0.4335375180772405,0.5214399495749658,0.46129337364716894,0.3461522733246559,0.4635825019865115,0.5030704176064107,0.42343033099206573,0.5492289611540322,0.49542601086640936,0.287328162062912,0.7251540542669799,0.5678764971389161,0.6601777248029528,0.5429246188100418,0.35311156260205134,0.3717591304792748,0.43767220619783753,0.4747664312509313,0.4100358032762025,0.5390311911801136,0.4936525108619719,0.5534740853761458,0.4393850532552561,0.5956346186833299,0.41207422221207124,0.37100529807734806,0.5009004988870425,0.4020382653042598,0.48627102075655715,0.34765104914884903,0.5682104040213798,0.47214569240128956,0.5459841784882125,0.3019990892516111,0.40921064314493205,0.4237259282517868,0.5373738432383345,0.06637624196124958,0.02414248868157287,0.04093714294727624,0.051032123583645284,0.05269937911999345,0.05433486318331071,0.053424652664125216,0.023176675213052222,0.03994939098449579,0.039447275410649296,0.03790997769950377,0.04660621346191085,0.04738413006601472,0.052000462744721254,0.03991407181434503,0.07432448413198234,0.054057642634810055,0.04944169939510934,0.08567263497458855,0.08612547497287137,0.06509769880398819,0.02414704329916828,0.10359469726599668,0.03417508899808441,0.0703921185841635,0.046506617512635406,0.07443739726442289,0.11509166837761231,0.06881143367252529,0.029643163812727802,0.06358985683169005,0.0781646733760627,0.07859463766351815,0.04590521309382822,0.038589409242828054,0.042230525388359696,0.09534876979909446,0.04432264428986632,0.04807361458794901,0.45220075631805534,0.318126904026537,0.0422888008452581,0.11166123037858766,0.048190498528868586,0.0240243431163486,0.5,0.6514819365854343,0.08650781620622094,0.33970742955705635,0.5741957122432311,0.04867032409664873,0.03110975951292083,0.07690941149297192,0.04033988376704667,0.03351079038588267,0.03209613050306592,0.03142511480228927,0.04431541194924171,0.03469195903128397,0.05424392762029295,0.054032611125414354,0.04063309198598919,0.027513374308750005,0.028558293688468295,0.03904889264942013,0.08094228027108974,0.019366677987562086,0.02575696566022989,0.03362784652498829,0.08595513873645932,0.04484509274289705,0.03793965590493609,0.023115009865611102,0.023336943532430987,0.032783016357629036,0.03790217986358957,0.06349386160628911,0.053218447398341584,0.05844277750910032,0.02997468992843133,0.03287861366521405,0.05000735255548694,0.03511515372837337,0.031641020197381686,0.046666176635146384,0.03923681447072069,0.028429511364933324,0.03713861620947112,0.08218483520922037,0.06018945665119235,0.03687653528827517,0.02701832003272664,0.036139352109443634,0.027585253847648317,0.037634172597227344,0.035157901666257985,0.07603316333461996,0.05362622688933816,0.026529471861276743,0.03639806628071607,0.10721192852566264,0.1289809724029335,0.12954918769105694,0.08904025487921308,0.1075432907917735,0.07690972157391207,0.14382712485262295,0.09216612205951225,0.11275844574559624,0.06469222727723722,0.06573316896540393,0.04360114256065739,0.03429992284104977,0.12957188184794433,0.06918190724991136,0.11257405971331447,0.08809987683776854,0.05245397031586296,0.06461025479504978,0.06644361009308741,0.08399317356604175,0.06461397113587264,0.04940502479874731,0.05646041492423792,0.07287802837838808,0.046886487005425304,0.10129258866691881,0.05851118719402992,0.06343000679078248,0.06640304151027121,0.06962086254585764,0.059669803023771895,0.06380495223773375,0.11775104441561945,0.1698180086721951,0.053540728316641695,0.05304855590593671,0.0503033225327667,0.06311663271731371,0.06253924241596298,0.05472115841560632,0.10856796850293127,0.07129812746967068,0.06519737040267337,0.08250552068753902,0.06739419788519763,0.10629302091901782,0.08903603660843273,0.044568395939745376,0.06578747930315754,0.3669800221068865,0.33769480493803405,0.22293242886507691,0.31984806655994513,0.12910385897187782,0.1312030533281383,0.29965772451165174,0.25493500762368937,0.2482484307226177,0.2612858638722019,0.19531061659634985,0.24885549174541954,0.24060131340666358,0.17505523350065288,0.10137333271350268,0.3076934676019081,0.23679146460174205,0.1659327810920962,0.2880602923599075,0.28142577031638927,0.26631785631467164,0.17185339334463023,0.23199678450971706,0.10753767120506619,0.24224795846941427,0.1985976411910768,0.14873234109883637,0.0240243431163486,0.05236011229088233,0.06058760128102747,0.04731999307777712,0.048190498528868586,0.0795572724291087,0.04414785937424448,0.6055139528139639,0.2670862979648957,0.21200647372163517,0.30895185320609075,0.506695968455255,0.36428162784714135,0.03413275625577816,0.4743901941360522,0.044748700506770045,0.33970742955705635,0.6413532792255742,0.3386446530917332,0.27385129685931764,0.027492978270014068,0.11166123037858766,0.5,0.03556897088400146,0.05780473267077446,0.03820429565950778,0.01847337743925792,0.036394540238767425,0.03841342920770052,0.04185640653399403,0.02279960006321169,0.032421115384006605,0.04140331721727741,0.028872257112035116,0.1018833661546974,0.04897501779355662,0.02519928247256009,0.02290290251619076,0.04266456689921738,0.024828863275184188,0.03304647296598173,0.05820858730472023,0.040482974345818046,0.015511085996734009,0.017856534432125204,0.06537392927033459,0.034960894208017956,0.06382274569684743,0.04135294270800982,0.04171681082370071,0.05890115694966369,0.016851548235316982,0.029242170182352756,0.020715486352841705,0.026980452459984483,0.08414787183972505,0.01891539542137366,0.01885515594994247,0.030576887580227807,0.029053037135506332,0.032485822964356426,0.024517474894401148,0.030105104405518723,0.03683782138806224,0.02699676499171111,0.01611437842247543,0.02078485978824729,0.08052478584978862,0.029520234093542763,0.02559072650076677,0.02118710016096781,0.03821197342830407,0.04059394517908377,0.32050395387635877,0.36761751140547394,0.21260292925279312,0.31892477497557703,0.21914697834579155,0.2790021179697114,0.2308333024925211,0.16403349815753487,0.3478638647784894,0.3299676561996414,0.1630462055776568,0.3008628907954619,0.3939050535918761,0.150834318464236,0.12907340080346907,0.26189427307005375,0.2601300146288108,0.37098197750762807,0.2501538311571021,0.2462881074818679,0.3192479712052715,0.32989550902680587,0.274492480415077,0.15494174480930445,0.23476885864706365,0.16653600470129137,0.13711330188121795,0.23909249347790762,0.36596011296973385,0.2400241284953647,0.2924509442980544,0.18408275012595843,0.3042343950459334,0.40162746350621903,0.40905103876657156,0.24114020412521353,0.25834118408742857,0.2594251785697236,0.21029428301772235,0.2974047696911032,0.2832444057346314,0.17712784839020568,0.4162514550596048,0.19164877615607134,0.380855286428071,0.1799622509752361,0.20933348563961807,0.3497343574174737,0.22273362958461407,0.25153204341390945,0.5366018909543382,0.41946287945133365,0.3649723246075798,0.479573923831354,0.4346355574518076,0.5941203382325544,0.5030168520253497,0.4965069600798384,0.47618325614382107,0.43875035239399296,0.5832504184426082,0.4531293042952462,0.5682815201206086,0.6304341934921027,0.4769078447739016,0.5208405110617574,0.4352290483174406,0.5286913628992396,0.5599416079982558,0.5166872101646216,0.5124684539255006,0.4107855371585144,0.48331708068420487,0.4217131547697581,0.41193036932411264,0.5159025516364351,0.41473495367404234,0.522661076362261,0.42808224817003526,0.5529244118259924,0.35307808320652356,0.7561588640118712,0.5057951344713049,0.5287715910899551,0.4929418223743246,0.5625942806332944,0.06031992103276984,0.08650781620622094,0.6413532792255742,0.5913993056541744,0.6514819365854343,0.45707039355731915,0.2399543488619118,0.29588310619196345,0.05236011229088233,0.4855593134937297,0.577936486042564,0.3204364364072225,0.13310756846718308,0.30895185320609075
